INFERNAL1/a [1.1.2 | July 2016]
NAME     at_nt_lpt_rna2_round5_0001
STATES   205
NODES    51
CLEN     67
W        83
ALPH     RNA
RF       no
CONS     yes
MAP      yes
DATE     Mon Dec 16 18:18:05 2019
COM      [1] cmbuild /home/co78wid/projects/master/results/ta_systems/lpt_rna2/2_structure_analysis/infernal_search/at_nt_lpt_rna2_cmbuild.txt /home/co78wid/projects/master/results/ta_systems/lpt_rna2/1_sequence_analysis/fold/at_nt_lpt_rna2_round5.stk
COM      [2] cmcalibrate /home/co78wid/projects/master/results/ta_systems/lpt_rna2/2_structure_analysis/infernal_search/at_nt_lpt_rna2_cmbuild.txt
PBEGIN   0.05
PEND     0.05
WBETA    1e-07
QDBBETA1 1e-07
QDBBETA2 1e-15
N2OMEGA  1.52588e-05
N3OMEGA  1.52588e-05
ELSELF   -0.08926734
NSEQ     1
EFFN     1.000000
CKSUM    2121446206
NULL     0.000  0.000  0.000  0.000 
EFP7GF   -1.3852 0.75736
ECMLC    0.57340    -5.65302     4.30305     1600000      361831  0.003316
ECMGC    0.47048   -10.02111     1.41693     1600000       86926  0.004602
ECMLI    0.60650    -2.63901     6.01898     1600000      228931  0.005242
ECMGI    0.50787    -5.71781     4.18105     1600000       61013  0.006556
CM
                                             [ ROOT    0 ]      -      - - - - -
     S     0    -1 0     1     4     1     1    83   103  -6.506  -6.713  -0.073  -5.127                 
    IL     1     1 2     1     4     1    24    87   107  -1.686  -2.369  -1.117  -4.855                  0.000  0.000  0.000  0.000 
    IR     2     2 3     2     3     1    24    86   106  -1.442  -0.798  -4.142                          0.000  0.000  0.000  0.000 
                                             [ MATL    1 ]      1      - U - - -
    ML     3     2 3     5     3     1    23    83   103  -7.559  -0.027  -6.213                         -0.783 -0.914 -1.467  1.337 
     D     4     2 3     5     3     0    19    82   102  -6.174  -1.687  -0.566                         
    IL     5     5 3     5     3     1    23    85   105  -1.442  -0.798  -4.142                          0.000  0.000  0.000  0.000 
                                             [ MATL    2 ]      2      - U - - -
    ML     6     5 3     8     3     1    22    82   102  -7.559  -0.027  -6.213                         -0.783 -0.914 -1.467  1.337 
     D     7     5 3     8     3     0    18    81   100  -6.174  -1.687  -0.566                         
    IL     8     8 3     8     3     1    22    84   104  -1.442  -0.798  -4.142                          0.000  0.000  0.000  0.000 
                                             [ MATL    3 ]      3      - C - - -
    ML     9     8 3    11     3     1    21    81   101  -7.979  -0.024  -6.297                         -0.829  1.244 -1.601 -0.436 
     D    10     8 3    11     3     0    18    80    99  -5.620  -0.734  -1.403                         
    IL    11    11 3    11     3     1    21    82   101  -1.925  -0.554  -4.164                          0.000  0.000  0.000  0.000 
                                             [ MATR    4 ]      -     67 - U - -
    MR    12    11 3    14     3     1    21    80   100  -7.979  -0.024  -6.297                         -0.783 -0.914 -1.467  1.337 
     D    13    11 3    14     3     0    16    78    98  -6.390  -1.568  -0.620                         
    IR    14    14 3    14     3     1    20    81   100  -1.925  -0.554  -4.164                          0.000  0.000  0.000  0.000 
                                             [ MATR    5 ]      -     66 - U - -
    MR    15    14 3    17     3     1    20    79    99  -7.979  -0.024  -6.297                         -0.783 -0.914 -1.467  1.337 
     D    16    14 3    17     3     0    15    77    97  -6.390  -1.568  -0.620                         
    IR    17    17 3    17     3     1    19    80    99  -1.925  -0.554  -4.164                          0.000  0.000  0.000  0.000 
                                             [ MATR    6 ]      -     65 - A - -
    MR    18    17 3    20     3     1    19    78    98  -7.979  -0.024  -6.297                          1.473 -1.582 -1.291 -1.057 
     D    19    17 3    20     3     0    14    76    96  -6.390  -1.568  -0.620                         
    IR    20    20 3    20     3     1    19    79    98  -1.925  -0.554  -4.164                          0.000  0.000  0.000  0.000 
                                             [ MATR    7 ]      -     64 - G - -
    MR    21    20 3    23     3     1    18    77    97  -7.979  -0.024  -6.297                         -0.733 -1.796  1.417 -1.182 
     D    22    20 3    23     3     0    13    75    95  -6.390  -1.568  -0.620                         
    IR    23    23 3    23     3     1    18    78    97  -1.925  -0.554  -4.164                          0.000  0.000  0.000  0.000 
                                             [ MATR    8 ]      -     63 - C - -
    MR    24    23 3    26     3     1    18    76    96  -7.979  -0.024  -6.297                         -0.829  1.244 -1.601 -0.436 
     D    25    23 3    26     3     0    13    74    94  -6.390  -1.568  -0.620                         
    IR    26    26 3    26     3     1    17    77    96  -1.925  -0.554  -4.164                          0.000  0.000  0.000  0.000 
                                             [ MATR    9 ]      -     62 - U - -
    MR    27    26 3    29     3     1    17    75    95  -7.979  -0.024  -6.297                         -0.783 -0.914 -1.467  1.337 
     D    28    26 3    29     3     0    12    73    93  -6.390  -1.568  -0.620                         
    IR    29    29 3    29     3     1    16    76    95  -1.925  -0.554  -4.164                          0.000  0.000  0.000  0.000 
                                             [ MATR   10 ]      -     61 - U - -
    MR    30    29 3    32     3     1    16    74    94  -7.979  -0.024  -6.297                         -0.783 -0.914 -1.467  1.337 
     D    31    29 3    32     3     0    11    72    92  -6.390  -1.568  -0.620                         
    IR    32    32 3    32     3     1    15    75    94  -1.925  -0.554  -4.164                          0.000  0.000  0.000  0.000 
                                             [ MATR   11 ]      -     60 - A - -
    MR    33    32 3    35     3     1    15    73    93  -7.979  -0.024  -6.297                          1.473 -1.582 -1.291 -1.057 
     D    34    32 3    35     3     0    10    71    91  -6.390  -1.568  -0.620                         
    IR    35    35 3    35     3     1    15    74    93  -1.925  -0.554  -4.164                          0.000  0.000  0.000  0.000 
                                             [ MATR   12 ]      -     59 - C - -
    MR    36    35 3    38     3     1    15    72    92  -7.979  -0.024  -6.297                         -0.829  1.244 -1.601 -0.436 
     D    37    35 3    38     3     0     9    70    90  -6.390  -1.568  -0.620                         
    IR    38    38 3    38     3     1    14    73    92  -1.925  -0.554  -4.164                          0.000  0.000  0.000  0.000 
                                             [ MATR   13 ]      -     58 - U - -
    MR    39    38 3    41     3     1    14    71    91  -7.979  -0.024  -6.297                         -0.783 -0.914 -1.467  1.337 
     D    40    38 3    41     3     0     9    69    89  -6.390  -1.568  -0.620                         
    IR    41    41 3    41     3     1    13    72    91  -1.925  -0.554  -4.164                          0.000  0.000  0.000  0.000 
                                             [ MATR   14 ]      -     57 - U - -
    MR    42    41 3    44     3     1    13    70    90  -7.979  -0.024  -6.297                         -0.783 -0.914 -1.467  1.337 
     D    43    41 3    44     3     0     8    68    88  -6.390  -1.568  -0.620                         
    IR    44    44 3    44     3     1    12    71    90  -1.925  -0.554  -4.164                          0.000  0.000  0.000  0.000 
                                             [ MATR   15 ]      -     56 - A - -
    MR    45    44 3    47     3     1    13    69    89  -7.979  -0.024  -6.297                          1.473 -1.582 -1.291 -1.057 
     D    46    44 3    47     3     0     7    67    87  -6.390  -1.568  -0.620                         
    IR    47    47 3    47     3     1    12    70    89  -1.925  -0.554  -4.164                          0.000  0.000  0.000  0.000 
                                             [ MATR   16 ]      -     55 - A - -
    MR    48    47 3    50     3     1    12    68    88  -7.979  -0.024  -6.297                          1.473 -1.582 -1.291 -1.057 
     D    49    47 3    50     3     0     6    66    86  -6.390  -1.568  -0.620                         
    IR    50    50 3    50     3     1    11    69    88  -1.925  -0.554  -4.164                          0.000  0.000  0.000  0.000 
                                             [ MATR   17 ]      -     54 - A - -
    MR    51    50 3    53     3     1    11    67    87  -7.979  -0.024  -6.297                          1.473 -1.582 -1.291 -1.057 
     D    52    50 3    53     3     0     6    65    85  -6.390  -1.568  -0.620                         
    IR    53    53 3    53     3     1    10    68    87  -1.925  -0.554  -4.164                          0.000  0.000  0.000  0.000 
                                             [ MATR   18 ]      -     53 - U - -
    MR    54    53 3    56     3     1    11    66    86  -7.979  -0.024  -6.297                         -0.783 -0.914 -1.467  1.337 
     D    55    53 3    56     3     0     5    64    84  -6.390  -1.568  -0.620                         
    IR    56    56 3    56     3     1     9    67    86  -1.925  -0.554  -4.164                          0.000  0.000  0.000  0.000 
                                             [ MATR   19 ]      -     52 - A - -
    MR    57    56 3    59     3     1    10    65    85  -7.979  -0.024  -6.297                          1.473 -1.582 -1.291 -1.057 
     D    58    56 3    59     3     0     4    63    83  -6.390  -1.568  -0.620                         
    IR    59    59 3    59     3     1     9    66    85  -1.925  -0.554  -4.164                          0.000  0.000  0.000  0.000 
                                             [ MATR   20 ]      -     51 - C - -
    MR    60    59 3    62     5     1    10    64    84  -6.746  -0.050  -6.562  -6.774  -7.666         -0.829  1.244 -1.601 -0.436 
     D    61    59 3    62     5     0     3    63    82  -5.352  -0.707  -2.978  -4.409  -2.404         
    IR    62    62 3    62     5     1     7    64    84  -2.408  -0.496  -5.920  -4.087  -5.193          0.000  0.000  0.000  0.000 
                                             [ MATP   21 ]      4     50 g u - -
    MP    63    62 3    67     6     2    10    63    82  -8.954  -8.894  -0.023  -7.670  -7.950  -8.345 -3.157 -2.151 -3.278  1.367 -3.612 -4.384  0.684 -3.373 -3.089  1.967 -3.592  2.338  0.321 -3.661 -1.252 -2.095 
    ML    64    62 3    67     6     1     5    61    81  -6.250  -6.596  -1.310  -1.005  -6.446  -3.975  0.368 -0.385 -0.191  0.094 
    MR    65    62 3    67     6     1     5    61    81  -6.988  -5.717  -1.625  -5.695  -0.829  -3.908  0.368 -0.385 -0.191  0.094 
     D    66    62 3    67     6     0     1    59    79  -9.049  -7.747  -3.544  -4.226  -4.244  -0.319 
    IL    67    67 5    67     6     1     7    63    82  -2.579  -2.842  -0.760  -4.497  -5.274  -4.934  0.000  0.000  0.000  0.000 
    IR    68    68 6    68     5     1     7    62    82  -2.408  -0.496  -5.920  -4.087  -5.193          0.000  0.000  0.000  0.000 
                                             [ MATP   22 ]      5     49 a u - -
    MP    69    68 6    73     6     2     9    61    80  -8.954  -8.894  -0.023  -7.670  -7.950  -8.345 -3.237 -2.425 -3.284  2.770 -3.345 -4.379  0.928 -3.350 -3.207  1.698 -3.724 -0.009  0.502 -3.659 -1.020 -2.159 
    ML    70    68 6    73     6     1     4    59    79  -6.250  -6.596  -1.310  -1.005  -6.446  -3.975  0.368 -0.385 -0.191  0.094 
    MR    71    68 6    73     6     1     4    59    79  -6.988  -5.717  -1.625  -5.695  -0.829  -3.908  0.368 -0.385 -0.191  0.094 
     D    72    68 6    73     6     0     1    57    77  -9.049  -7.747  -3.544  -4.226  -4.244  -0.319 
    IL    73    73 5    73     6     1     6    61    80  -2.579  -2.842  -0.760  -4.497  -5.274  -4.934  0.000  0.000  0.000  0.000 
    IR    74    74 6    74     5     1     6    60    80  -2.408  -0.496  -5.920  -4.087  -5.193          0.000  0.000  0.000  0.000 
                                             [ MATP   23 ]      6     48 C G - -
    MP    75    74 6    79     6     2     7    59    78  -8.954  -8.894  -0.023  -7.670  -7.950  -8.345 -3.794 -3.612 -3.601  0.070 -2.515 -4.108  3.220 -3.242 -3.635  0.466 -3.967 -1.550  1.061 -3.906 -0.212 -2.505 
    ML    76    74 6    79     6     1     3    58    77  -6.250  -6.596  -1.310  -1.005  -6.446  -3.975  0.368 -0.385 -0.191  0.094 
    MR    77    74 6    79     6     1     4    57    77  -6.988  -5.717  -1.625  -5.695  -0.829  -3.908  0.368 -0.385 -0.191  0.094 
     D    78    74 6    79     6     0     1    55    75  -9.049  -7.747  -3.544  -4.226  -4.244  -0.319 
    IL    79    79 5    79     6     1     5    59    78  -2.579  -2.842  -0.760  -4.497  -5.274  -4.934  0.000  0.000  0.000  0.000 
    IR    80    80 6    80     5     1     5    58    78  -2.408  -0.496  -5.920  -4.087  -5.193          0.000  0.000  0.000  0.000 
                                             [ MATP   24 ]      7     47 a u - -
    MP    81    80 6    85     4     2     5    57    76  -6.464  -7.709  -0.108  -4.163                 -3.237 -2.425 -3.284  2.770 -3.345 -4.379  0.928 -3.350 -3.207  1.698 -3.724 -0.009  0.502 -3.659 -1.020 -2.159 
    ML    82    80 6    85     4     1     2    56    76  -2.408  -4.532  -1.293  -1.473                  0.368 -0.385 -0.191  0.094 
    MR    83    80 6    85     4     1     3    56    76  -4.102 -12.528  -0.390  -2.485                  0.368 -0.385 -0.191  0.094 
     D    84    80 6    85     4     0     0    54    74 -12.737 -14.007  -2.036  -0.404                 
    IL    85    85 5    85     4     1     3    56    76  -2.817  -4.319  -0.613  -2.698                  0.000  0.000  0.000  0.000 
    IR    86    86 6    86     3     1     4    57    76  -1.925  -0.554  -4.164                          0.000  0.000  0.000  0.000 
                                             [ MATR   25 ]      -     46 - A - -
    MR    87    86 6    89     5     1     5    55    74  -6.746  -0.050  -6.562  -6.774  -7.666          1.473 -1.582 -1.291 -1.057 
     D    88    86 6    89     5     0     0    54    73  -5.352  -0.707  -2.978  -4.409  -2.404         
    IR    89    89 3    89     5     1     3    55    75  -2.408  -0.496  -5.920  -4.087  -5.193          0.000  0.000  0.000  0.000 
                                             [ MATP   26 ]      8     45 C G - -
    MP    90    89 3    94     6     2     5    54    73  -8.954  -8.894  -0.023  -7.670  -7.950  -8.345 -3.794 -3.612 -3.601  0.070 -2.515 -4.108  3.220 -3.242 -3.635  0.466 -3.967 -1.550  1.061 -3.906 -0.212 -2.505 
    ML    91    89 3    94     6     1     2    53    73  -6.250  -6.596  -1.310  -1.005  -6.446  -3.975  0.368 -0.385 -0.191  0.094 
    MR    92    89 3    94     6     1     2    53    72  -6.988  -5.717  -1.625  -5.695  -0.829  -3.908  0.368 -0.385 -0.191  0.094 
     D    93    89 3    94     6     0     0    51    71  -9.049  -7.747  -3.544  -4.226  -4.244  -0.319 
    IL    94    94 5    94     6     1     2    54    73  -2.579  -2.842  -0.760  -4.497  -5.274  -4.934  0.000  0.000  0.000  0.000 
    IR    95    95 6    95     5     1     2    53    73  -2.408  -0.496  -5.920  -4.087  -5.193          0.000  0.000  0.000  0.000 
                                             [ MATP   27 ]      9     44 a u - -
    MP    96    95 6   100     4     2     3    52    71  -6.506  -6.713  -0.073  -5.127                 -3.237 -2.425 -3.284  2.770 -3.345 -4.379  0.928 -3.350 -3.207  1.698 -3.724 -0.009  0.502 -3.659 -1.020 -2.159 
    ML    97    95 6   100     4     1     1    52    72  -3.758  -3.940  -0.507  -2.670                  0.368 -0.385 -0.191  0.094 
    MR    98    95 6   100     4     1     1    52    71  -4.809  -3.838  -1.706  -0.766                  0.368 -0.385 -0.191  0.094 
     D    99    95 6   100     4     0     0    51    70  -4.568  -4.250  -2.265  -0.520                 
    IL   100   100 5   100     4     1     2    53    73  -1.686  -2.369  -1.117  -4.855                  0.000  0.000  0.000  0.000 
    IR   101   101 6   101     3     1     2    52    72  -1.442  -0.798  -4.142                          0.000  0.000  0.000  0.000 
                                             [ MATL   28 ]     10      - A - - -
    ML   102   101 6   104     3     1     2    49    69  -7.979  -0.024  -6.297                          1.473 -1.582 -1.291 -1.057 
     D   103   101 6   104     3     0     0    48    67  -5.620  -0.734  -1.403                         
    IL   104   104 3   104     3     1     1    50    70  -1.925  -0.554  -4.164                          0.000  0.000  0.000  0.000 
                                             [ MATR   29 ]      -     43 - G - -
    MR   105   104 3   107     5     1     2    48    68  -6.746  -0.050  -6.562  -6.774  -7.666         -0.733 -1.796  1.417 -1.182 
     D   106   104 3   107     5     0     0    47    66  -5.352  -0.707  -2.978  -4.409  -2.404         
    IR   107   107 3   107     5     1     1    49    68  -2.408  -0.496  -5.920  -4.087  -5.193          0.000  0.000  0.000  0.000 
                                             [ MATP   30 ]     11     42 a u - -
    MP   108   107 3   112     6     2     3    47    67  -8.954  -8.894  -0.023  -7.670  -7.950  -8.345 -3.237 -2.425 -3.284  2.770 -3.345 -4.379  0.928 -3.350 -3.207  1.698 -3.724 -0.009  0.502 -3.659 -1.020 -2.159 
    ML   109   107 3   112     6     1     1    46    65  -6.250  -6.596  -1.310  -1.005  -6.446  -3.975  0.368 -0.385 -0.191  0.094 
    MR   110   107 3   112     6     1     1    46    65  -6.988  -5.717  -1.625  -5.695  -0.829  -3.908  0.368 -0.385 -0.191  0.094 
     D   111   107 3   112     6     0     0    43    63  -9.049  -7.747  -3.544  -4.226  -4.244  -0.319 
    IL   112   112 5   112     6     1     1    47    66  -2.579  -2.842  -0.760  -4.497  -5.274  -4.934  0.000  0.000  0.000  0.000 
    IR   113   113 6   113     5     1     1    47    66  -2.408  -0.496  -5.920  -4.087  -5.193          0.000  0.000  0.000  0.000 
                                             [ MATP   31 ]     12     41 a u - -
    MP   114   113 6   118     6     2     3    45    65  -8.954  -8.894  -0.023  -7.670  -7.950  -8.345 -3.237 -2.425 -3.284  2.770 -3.345 -4.379  0.928 -3.350 -3.207  1.698 -3.724 -0.009  0.502 -3.659 -1.020 -2.159 
    ML   115   113 6   118     6     1     1    44    63  -6.250  -6.596  -1.310  -1.005  -6.446  -3.975  0.368 -0.385 -0.191  0.094 
    MR   116   113 6   118     6     1     1    44    63  -6.988  -5.717  -1.625  -5.695  -0.829  -3.908  0.368 -0.385 -0.191  0.094 
     D   117   113 6   118     6     0     0    41    61  -9.049  -7.747  -3.544  -4.226  -4.244  -0.319 
    IL   118   118 5   118     6     1     1    45    64  -2.579  -2.842  -0.760  -4.497  -5.274  -4.934  0.000  0.000  0.000  0.000 
    IR   119   119 6   119     5     1     1    45    64  -2.408  -0.496  -5.920  -4.087  -5.193          0.000  0.000  0.000  0.000 
                                             [ MATP   32 ]     13     40 a u - -
    MP   120   119 6   124     6     2     2    43    63  -8.954  -8.894  -0.023  -7.670  -7.950  -8.345 -3.237 -2.425 -3.284  2.770 -3.345 -4.379  0.928 -3.350 -3.207  1.698 -3.724 -0.009  0.502 -3.659 -1.020 -2.159 
    ML   121   119 6   124     6     1     1    42    61  -6.250  -6.596  -1.310  -1.005  -6.446  -3.975  0.368 -0.385 -0.191  0.094 
    MR   122   119 6   124     6     1     1    42    61  -6.988  -5.717  -1.625  -5.695  -0.829  -3.908  0.368 -0.385 -0.191  0.094 
     D   123   119 6   124     6     0     0    39    59  -9.049  -7.747  -3.544  -4.226  -4.244  -0.319 
    IL   124   124 5   124     6     1     1    43    62  -2.579  -2.842  -0.760  -4.497  -5.274  -4.934  0.000  0.000  0.000  0.000 
    IR   125   125 6   125     5     1     1    43    62  -2.408  -0.496  -5.920  -4.087  -5.193          0.000  0.000  0.000  0.000 
                                             [ MATP   33 ]     14     39 C G - -
    MP   126   125 6   130     6     2     2    41    61  -8.954  -8.894  -0.023  -7.670  -7.950  -8.345 -3.794 -3.612 -3.601  0.070 -2.515 -4.108  3.220 -3.242 -3.635  0.466 -3.967 -1.550  1.061 -3.906 -0.212 -2.505 
    ML   127   125 6   130     6     1     1    40    59  -6.250  -6.596  -1.310  -1.005  -6.446  -3.975  0.368 -0.385 -0.191  0.094 
    MR   128   125 6   130     6     1     1    40    59  -6.988  -5.717  -1.625  -5.695  -0.829  -3.908  0.368 -0.385 -0.191  0.094 
     D   129   125 6   130     6     0     0    38    57  -9.049  -7.747  -3.544  -4.226  -4.244  -0.319 
    IL   130   130 5   130     6     1     1    41    60  -2.579  -2.842  -0.760  -4.497  -5.274  -4.934  0.000  0.000  0.000  0.000 
    IR   131   131 6   131     5     1     1    41    60  -2.408  -0.496  -5.920  -4.087  -5.193          0.000  0.000  0.000  0.000 
                                             [ MATP   34 ]     15     38 C G - -
    MP   132   131 6   136     6     2     2    39    59  -8.954  -8.894  -0.023  -7.670  -7.950  -8.345 -3.794 -3.612 -3.601  0.070 -2.515 -4.108  3.220 -3.242 -3.635  0.466 -3.967 -1.550  1.061 -3.906 -0.212 -2.505 
    ML   133   131 6   136     6     1     1    39    58  -6.250  -6.596  -1.310  -1.005  -6.446  -3.975  0.368 -0.385 -0.191  0.094 
    MR   134   131 6   136     6     1     1    38    58  -6.988  -5.717  -1.625  -5.695  -0.829  -3.908  0.368 -0.385 -0.191  0.094 
     D   135   131 6   136     6     0     0    37    56  -9.049  -7.747  -3.544  -4.226  -4.244  -0.319 
    IL   136   136 5   136     6     1     1    39    59  -2.579  -2.842  -0.760  -4.497  -5.274  -4.934  0.000  0.000  0.000  0.000 
    IR   137   137 6   137     5     1     1    39    58  -2.408  -0.496  -5.920  -4.087  -5.193          0.000  0.000  0.000  0.000 
                                             [ MATP   35 ]     16     37 C G - -
    MP   138   137 6   142     4     2     2    37    57  -6.506  -6.713  -0.073  -5.127                 -3.794 -3.612 -3.601  0.070 -2.515 -4.108  3.220 -3.242 -3.635  0.466 -3.967 -1.550  1.061 -3.906 -0.212 -2.505 
    ML   139   137 6   142     4     1     1    38    57  -3.758  -3.940  -0.507  -2.670                  0.368 -0.385 -0.191  0.094 
    MR   140   137 6   142     4     1     1    37    57  -4.809  -3.838  -1.706  -0.766                  0.368 -0.385 -0.191  0.094 
     D   141   137 6   142     4     0     0    36    56  -4.568  -4.250  -2.265  -0.520                 
    IL   142   142 5   142     4     1     1    39    59  -1.686  -2.369  -1.117  -4.855                  0.000  0.000  0.000  0.000 
    IR   143   143 6   143     3     1     1    38    57  -1.442  -0.798  -4.142                          0.000  0.000  0.000  0.000 
                                             [ MATL   36 ]     17      - A - - -
    ML   144   143 6   146     3     1     1    35    54  -7.979  -0.024  -6.297                          1.473 -1.582 -1.291 -1.057 
     D   145   143 6   146     3     0     0    34    53  -5.620  -0.734  -1.403                         
    IL   146   146 3   146     3     1     1    36    55  -1.925  -0.554  -4.164                          0.000  0.000  0.000  0.000 
                                             [ MATR   37 ]      -     36 - C - -
    MR   147   146 3   149     5     1     1    34    53  -6.746  -0.050  -6.562  -6.774  -7.666         -0.829  1.244 -1.601 -0.436 
     D   148   146 3   149     5     0     0    32    52  -5.352  -0.707  -2.978  -4.409  -2.404         
    IR   149   149 3   149     5     1     1    34    53  -2.408  -0.496  -5.920  -4.087  -5.193          0.000  0.000  0.000  0.000 
                                             [ MATP   38 ]     18     35 u a - -
    MP   150   149 3   154     6     2     2    33    52  -8.954  -8.894  -0.023  -7.670  -7.950  -8.345 -3.483 -3.259 -3.390  0.385 -2.503 -4.013  1.803 -3.140 -3.406  0.794 -3.809 -1.171  2.821 -3.651 -0.197 -2.288 
    ML   151   149 3   154     6     1     1    32    51  -6.250  -6.596  -1.310  -1.005  -6.446  -3.975  0.368 -0.385 -0.191  0.094 
    MR   152   149 3   154     6     1     1    32    51  -6.988  -5.717  -1.625  -5.695  -0.829  -3.908  0.368 -0.385 -0.191  0.094 
     D   153   149 3   154     6     0     0    30    49  -9.049  -7.747  -3.544  -4.226  -4.244  -0.319 
    IL   154   154 5   154     6     1     1    33    52  -2.579  -2.842  -0.760  -4.497  -5.274  -4.934  0.000  0.000  0.000  0.000 
    IR   155   155 6   155     5     1     1    32    51  -2.408  -0.496  -5.920  -4.087  -5.193          0.000  0.000  0.000  0.000 
                                             [ MATP   39 ]     19     34 G C - -
    MP   156   155 6   160     4     2     2    31    50  -6.506  -6.713  -0.073  -5.127                 -3.965 -2.732 -4.024  0.690 -4.140 -4.363  0.316 -4.186 -3.774  3.376 -4.173 -0.416 -0.097 -3.947 -1.686 -2.913 
    ML   157   155 6   160     4     1     1    31    50  -3.758  -3.940  -0.507  -2.670                  0.368 -0.385 -0.191  0.094 
    MR   158   155 6   160     4     1     1    31    50  -4.809  -3.838  -1.706  -0.766                  0.368 -0.385 -0.191  0.094 
     D   159   155 6   160     4     0     0    30    49  -4.568  -4.250  -2.265  -0.520                 
    IL   160   160 5   160     4     1     1    33    52  -1.686  -2.369  -1.117  -4.855                  0.000  0.000  0.000  0.000 
    IR   161   161 6   161     3     1     1    31    51  -1.442  -0.798  -4.142                          0.000  0.000  0.000  0.000 
                                             [ MATL   40 ]     20      - C - - -
    ML   162   161 6   164     3     1     1    28    47  -7.979  -0.024  -6.297                         -0.829  1.244 -1.601 -0.436 
     D   163   161 6   164     3     0     0    27    45  -5.620  -0.734  -1.403                         
    IL   164   164 3   164     3     1     1    29    47  -1.925  -0.554  -4.164                          0.000  0.000  0.000  0.000 
                                             [ MATR   41 ]      -     33 - A - -
    MR   165   164 3   167     5     1     1    27    46  -6.746  -0.050  -6.562  -6.774  -7.666          1.473 -1.582 -1.291 -1.057 
     D   166   164 3   167     5     0     0    26    44  -5.352  -0.707  -2.978  -4.409  -2.404         
    IR   167   167 3   167     5     1     1    27    46  -2.408  -0.496  -5.920  -4.087  -5.193          0.000  0.000  0.000  0.000 
                                             [ MATP   42 ]     21     32 a u - -
    MP   168   167 3   172     6     2     2    26    45  -8.954  -8.894  -0.023  -7.670  -7.950  -8.345 -3.237 -2.425 -3.284  2.770 -3.345 -4.379  0.928 -3.350 -3.207  1.698 -3.724 -0.009  0.502 -3.659 -1.020 -2.159 
    ML   169   167 3   172     6     1     1    25    43  -6.250  -6.596  -1.310  -1.005  -6.446  -3.975  0.368 -0.385 -0.191  0.094 
    MR   170   167 3   172     6     1     1    24    43  -6.988  -5.717  -1.625  -5.695  -0.829  -3.908  0.368 -0.385 -0.191  0.094 
     D   171   167 3   172     6     0     0    22    41  -9.049  -7.747  -3.544  -4.226  -4.244  -0.319 
    IL   172   172 5   172     6     1     1    26    44  -2.579  -2.842  -0.760  -4.497  -5.274  -4.934  0.000  0.000  0.000  0.000 
    IR   173   173 6   173     5     1     1    25    44  -2.408  -0.496  -5.920  -4.087  -5.193          0.000  0.000  0.000  0.000 
                                             [ MATP   43 ]     22     31 G C - -
    MP   174   173 6   178     4     2     2    24    43  -6.464  -7.709  -0.108  -4.163                 -3.965 -2.732 -4.024  0.690 -4.140 -4.363  0.316 -4.186 -3.774  3.376 -4.173 -0.416 -0.097 -3.947 -1.686 -2.913 
    ML   175   173 6   178     4     1     1    23    42  -2.408  -4.532  -1.293  -1.473                  0.368 -0.385 -0.191  0.094 
    MR   176   173 6   178     4     1     1    23    42  -4.102 -12.528  -0.390  -2.485                  0.368 -0.385 -0.191  0.094 
     D   177   173 6   178     4     0     0    21    40 -12.737 -14.007  -2.036  -0.404                 
    IL   178   178 5   178     4     1     1    23    42  -2.817  -4.319  -0.613  -2.698                  0.000  0.000  0.000  0.000 
    IR   179   179 6   179     3     1     1    24    42  -1.925  -0.554  -4.164                          0.000  0.000  0.000  0.000 
                                             [ MATR   44 ]      -     30 - A - -
    MR   180   179 6   182     5     1     1    22    41  -6.746  -0.050  -6.562  -6.774  -7.666          1.473 -1.582 -1.291 -1.057 
     D   181   179 6   182     5     0     0    21    39  -5.352  -0.707  -2.978  -4.409  -2.404         
    IR   182   182 3   182     5     1     1    22    41  -2.408  -0.496  -5.920  -4.087  -5.193          0.000  0.000  0.000  0.000 
                                             [ MATP   45 ]     23     29 C G - -
    MP   183   182 3   187     6     2     2    21    40  -8.954  -8.894  -0.023  -7.670  -7.950  -8.345 -3.794 -3.612 -3.601  0.070 -2.515 -4.108  3.220 -3.242 -3.635  0.466 -3.967 -1.550  1.061 -3.906 -0.212 -2.505 
    ML   184   182 3   187     6     1     1    20    39  -6.250  -6.596  -1.310  -1.005  -6.446  -3.975  0.368 -0.385 -0.191  0.094 
    MR   185   182 3   187     6     1     1    20    39  -6.988  -5.717  -1.625  -5.695  -0.829  -3.908  0.368 -0.385 -0.191  0.094 
     D   186   182 3   187     6     0     0    18    37  -9.049  -7.747  -3.544  -4.226  -4.244  -0.319 
    IL   187   187 5   187     6     1     1    21    39  -2.579  -2.842  -0.760  -4.497  -5.274  -4.934  0.000  0.000  0.000  0.000 
    IR   188   188 6   188     5     1     1    20    39  -2.408  -0.496  -5.920  -4.087  -5.193          0.000  0.000  0.000  0.000 
                                             [ MATP   46 ]     24     28 u g - -
    MP   189   188 6   193     4     2     2    19    37  -6.506  -6.713  -0.073  -5.127                 -3.356 -3.232 -3.219  0.357 -2.239 -3.770  2.023 -2.927 -3.255  0.698 -3.624 -1.251  1.297 -3.503  2.302 -2.165 
    ML   190   188 6   193     4     1     1    20    38  -3.758  -3.940  -0.507  -2.670                  0.368 -0.385 -0.191  0.094 
    MR   191   188 6   193     4     1     1    19    38  -4.809  -3.838  -1.706  -0.766                  0.368 -0.385 -0.191  0.094 
     D   192   188 6   193     4     0     0    18    37  -4.568  -4.250  -2.265  -0.520                 
    IL   193   193 5   193     4     1     1    21    40  -1.686  -2.369  -1.117  -4.855                  0.000  0.000  0.000  0.000 
    IR   194   194 6   194     3     1     1    20    38  -1.442  -0.798  -4.142                          0.000  0.000  0.000  0.000 
                                             [ MATL   47 ]     25      - U - - -
    ML   195   194 6   197     3     1     1    15    34  -7.559  -0.027  -6.213                         -0.783 -0.914 -1.467  1.337 
     D   196   194 6   197     3     0     0    15    33  -6.174  -1.687  -0.566                         
    IL   197   197 3   197     3     1     1    19    37  -1.442  -0.798  -4.142                          0.000  0.000  0.000  0.000 
                                             [ MATL   48 ]     26      - G - - -
    ML   198   197 3   200     3     1     1    13    32  -7.559  -0.027  -6.213                         -0.733 -1.796  1.417 -1.182 
     D   199   197 3   200     3     0     0    13    32  -6.174  -1.687  -0.566                         
    IL   200   200 3   200     3     1     1    18    36  -1.442  -0.798  -4.142                          0.000  0.000  0.000  0.000 
                                             [ MATL   49 ]     27      - C - - -
    ML   201   200 3   203     2     1     1     1     1       *   0.000                                 -0.829  1.244 -1.601 -0.436 
     D   202   200 3   203     2     0     0     0     0       *   0.000                                 
    IL   203   203 3   203     2     1     1    13    28  -1.823  -0.479                                  0.000  0.000  0.000  0.000 
                                             [ END    50 ]      -      - - - - -
     E   204   203 3    -1     0     0     0     0     0                                                 
//
HMMER3/f [3.1b3 | July 2016]
NAME  at_nt_lpt_rna2_round5_0001
LENG  67
MAXL  162
ALPH  RNA
RF    no
MM    no
CONS  yes
CS    yes
MAP   yes
DATE  Mon Dec 16 18:18:05 2019
COM   [1] cmbuild /home/co78wid/projects/master/results/ta_systems/lpt_rna2/2_structure_analysis/infernal_search/at_nt_lpt_rna2_cmbuild.txt /home/co78wid/projects/master/results/ta_systems/lpt_rna2/1_sequence_analysis/fold/at_nt_lpt_rna2_round5.stk
NSEQ  1
EFFN  0.785156
CKSUM 2121446206
STATS LOCAL MSV       -8.9829  0.75736
STATS LOCAL VITERBI  -11.2167  0.75736
STATS LOCAL FORWARD   -2.4724  0.75736
HMM          A        C        G        U   
            m->m     m->i     m->d     i->m     i->i     d->m     d->d
  COMPO   1.36285  1.42971  1.42882  1.32764
          1.38629  1.38629  1.38629  1.38629
          0.06454  3.46574  3.46574  1.46634  0.26236  0.00000        *
      1   1.80539  1.92565  2.26732  0.53406      1 U - - :
          1.38629  1.38629  1.38629  1.38629
          0.06454  3.46574  3.46574  1.46634  0.26236  1.09861  0.40547
      2   1.80539  1.92565  2.26732  0.53406      2 U - - :
          1.38629  1.38629  1.38629  1.38629
          0.06454  3.46574  3.46574  1.46634  0.26236  1.09861  0.40547
      3   1.81056  0.63099  2.33349  1.57302      3 C - - :
          1.38629  1.38629  1.38629  1.38629
          0.06454  3.46574  3.46574  1.46634  0.26236  1.09861  0.40547
      4   1.63062  2.04335  0.62674  1.96422      4 G - - <
          1.38629  1.38629  1.38629  1.38629
          0.06454  3.46574  3.46574  1.46634  0.26236  1.09861  0.40547
      5   0.92004  1.89613  1.21452  1.86761      5 a - - <
          1.38629  1.38629  1.38629  1.38629
          0.06454  3.46574  3.46574  1.46634  0.26236  1.09861  0.40547
      6   2.36395  0.59154  1.98344  1.53766      6 C - - <
          1.38629  1.38629  1.38629  1.38629
          0.06454  3.46574  3.46574  1.46634  0.26236  1.09861  0.40547
      7   0.91979  1.89648  1.21418  1.86854      7 a - - <
          1.38629  1.38629  1.38629  1.38629
          0.06454  3.46574  3.46574  1.46634  0.26236  1.09861  0.40547
      8   2.34365  0.59708  1.97845  1.53562      8 C - - <
          1.38629  1.38629  1.38629  1.38629
          0.06454  3.46574  3.46574  1.46634  0.26236  1.09861  0.40547
      9   0.92063  1.89526  1.21534  1.86533      9 a - - <
          1.38629  1.38629  1.38629  1.38629
          0.06454  3.46574  3.46574  1.46634  0.26236  1.09861  0.40547
     10   0.43402  2.34096  2.15188  1.96896     10 A - - -
          1.38629  1.38629  1.38629  1.38629
          0.06454  3.46574  3.46574  1.46634  0.26236  1.09861  0.40547
     11   0.92036  1.89566  1.21496  1.86638     11 a - - <
          1.38629  1.38629  1.38629  1.38629
          0.06454  3.46574  3.46574  1.46634  0.26236  1.09861  0.40547
     12   0.91999  1.89620  1.21445  1.86780     12 a - - <
          1.38629  1.38629  1.38629  1.38629
          0.06454  3.46574  3.46574  1.46634  0.26236  1.09861  0.40547
     13   0.91983  1.89642  1.21423  1.86840     13 a - - <
          1.38629  1.38629  1.38629  1.38629
          0.06454  3.46574  3.46574  1.46634  0.26236  1.09861  0.40547
     14   2.36507  0.59124  1.98371  1.53777     14 C - - <
          1.38629  1.38629  1.38629  1.38629
          0.06454  3.46574  3.46574  1.46634  0.26236  1.09861  0.40547
     15   2.36522  0.59120  1.98375  1.53778     15 C - - <
          1.38629  1.38629  1.38629  1.38629
          0.06454  3.46574  3.46574  1.46634  0.26236  1.09861  0.40547
     16   2.36513  0.59123  1.98373  1.53777     16 C - - <
          1.38629  1.38629  1.38629  1.38629
          0.06454  3.46574  3.46574  1.46634  0.26236  1.09861  0.40547
     17   0.43402  2.34096  2.15188  1.96896     17 A - - -
          1.38629  1.38629  1.38629  1.38629
          0.06454  3.46574  3.46574  1.46634  0.26236  1.09861  0.40547
     18   2.17683  1.37474  1.78740  0.76292     18 u - - <
          1.38629  1.38629  1.38629  1.38629
          0.06454  3.46574  3.46574  1.46634  0.26236  1.09861  0.40547
     19   2.02928  2.25319  0.42245  2.22500     19 G - - <
          1.38629  1.38629  1.38629  1.38629
          0.06454  3.46574  3.46574  1.46634  0.26236  1.09861  0.40547
     20   1.81056  0.63099  2.33349  1.57302     20 C - - -
          1.38629  1.38629  1.38629  1.38629
          0.06454  3.46574  3.46574  1.46634  0.26236  1.09861  0.40547
     21   0.92030  1.89574  1.21489  1.86659     21 a - - <
          1.38629  1.38629  1.38629  1.38629
          0.06454  3.46574  3.46574  1.46634  0.26236  1.09861  0.40547
     22   2.02944  2.25328  0.42238  2.22516     22 G - - <
          1.38629  1.38629  1.38629  1.38629
          0.06454  3.46574  3.46574  1.46634  0.26236  1.09861  0.40547
     23   2.34445  0.59685  1.97865  1.53570     23 C - - <
          1.38629  1.38629  1.38629  1.38629
          0.06454  3.46574  3.46574  1.46634  0.26236  1.09861  0.40547
     24   2.17173  1.24287  1.83705  0.82513     24 u - - <
          1.38629  1.38629  1.38629  1.38629
          0.06454  3.46574  3.46574  1.46634  0.26236  1.09861  0.40547
     25   1.80539  1.92565  2.26732  0.53406     25 U - - _
          1.38629  1.38629  1.38629  1.38629
          0.06454  3.46574  3.46574  1.46634  0.26236  1.09861  0.40547
     26   1.74444  2.44744  0.49931  2.02651     26 G - - _
          1.38629  1.38629  1.38629  1.38629
          0.06454  3.46574  3.46574  1.46634  0.26236  1.09861  0.40547
     27   1.81056  0.63099  2.33349  1.57302     27 C - - _
          1.38629  1.38629  1.38629  1.38629
          0.06454  3.46574  3.46574  1.46634  0.26236  1.09861  0.40547
     28   1.64965  1.99975  0.63728  1.93943     28 G - - >
          1.38629  1.38629  1.38629  1.38629
          0.06454  3.46574  3.46574  1.46634  0.26236  1.09861  0.40547
     29   1.80504  2.14201  0.51457  2.11730     29 G - - >
          1.38629  1.38629  1.38629  1.38629
          0.06454  3.46574  3.46574  1.46634  0.26236  1.09861  0.40547
     30   0.43402  2.34096  2.15188  1.96896     30 A - - -
          1.38629  1.38629  1.38629  1.38629
          0.06454  3.46574  3.46574  1.46634  0.26236  1.09861  0.40547
     31   2.45815  0.48553  2.08146  1.74706     31 C - - >
          1.38629  1.38629  1.38629  1.38629
          0.06454  3.46574  3.46574  1.46634  0.26236  1.09861  0.40547
     32   2.10470  1.41855  1.71770  0.78400     32 u - - >
          1.38629  1.38629  1.38629  1.38629
          0.06454  3.46574  3.46574  1.46634  0.26236  1.09861  0.40547
     33   0.43402  2.34096  2.15188  1.96896     33 A - - -
          1.38629  1.38629  1.38629  1.38629
          0.06454  3.46574  3.46574  1.46634  0.26236  1.09861  0.40547
     34   2.45800  0.48556  2.08142  1.74703     34 C - - >
          1.38629  1.38629  1.38629  1.38629
          0.06454  3.46574  3.46574  1.46634  0.26236  1.09861  0.40547
     35   0.87800  1.95329  1.20910  1.93714     35 a - - >
          1.38629  1.38629  1.38629  1.38629
          0.06454  3.46574  3.46574  1.46634  0.26236  1.09861  0.40547
     36   1.81056  0.63099  2.33349  1.57302     36 C - - -
          1.38629  1.38629  1.38629  1.38629
          0.06454  3.46574  3.46574  1.46634  0.26236  1.09861  0.40547
     37   1.80646  2.14294  0.51364  2.11908     37 G - - >
          1.38629  1.38629  1.38629  1.38629
          0.06454  3.46574  3.46574  1.46634  0.26236  1.09861  0.40547
     38   1.80661  2.14303  0.51354  2.11927     38 G - - >
          1.38629  1.38629  1.38629  1.38629
          0.06454  3.46574  3.46574  1.46634  0.26236  1.09861  0.40547
     39   1.80676  2.14314  0.51344  2.11947     39 G - - >
          1.38629  1.38629  1.38629  1.38629
          0.06454  3.46574  3.46574  1.46634  0.26236  1.09861  0.40547
     40   2.10452  1.41858  1.71767  0.78405     40 u - - >
          1.38629  1.38629  1.38629  1.38629
          0.06454  3.46574  3.46574  1.46634  0.26236  1.09861  0.40547
     41   2.10466  1.41856  1.71769  0.78401     41 u - - >
          1.38629  1.38629  1.38629  1.38629
          0.06454  3.46574  3.46574  1.46634  0.26236  1.09861  0.40547
     42   2.10454  1.41857  1.71768  0.78404     42 u - - >
          1.38629  1.38629  1.38629  1.38629
          0.06454  3.46574  3.46574  1.46634  0.26236  1.09861  0.40547
     43   1.74444  2.44744  0.49931  2.02651     43 G - - -
          1.38629  1.38629  1.38629  1.38629
          0.06454  3.46574  3.46574  1.46634  0.26236  1.09861  0.40547
     44   2.10191  1.41891  1.71732  0.78471     44 u - - >
          1.38629  1.38629  1.38629  1.38629
          0.06454  3.46574  3.46574  1.46634  0.26236  1.09861  0.40547
     45   1.80493  2.14193  0.51465  2.11715     45 G - - >
          1.38629  1.38629  1.38629  1.38629
          0.06454  3.46574  3.46574  1.46634  0.26236  1.09861  0.40547
     46   0.43402  2.34096  2.15188  1.96896     46 A - - -
          1.38629  1.38629  1.38629  1.38629
          0.06454  3.46574  3.46574  1.46634  0.26236  1.09861  0.40547
     47   2.10414  1.41862  1.71762  0.78415     47 u - - >
          1.38629  1.38629  1.38629  1.38629
          0.06454  3.46574  3.46574  1.46634  0.26236  1.09861  0.40547
     48   1.80681  2.14317  0.51341  2.11953     48 G - - >
          1.38629  1.38629  1.38629  1.38629
          0.06454  3.46574  3.46574  1.46634  0.26236  1.09861  0.40547
     49   2.10445  1.41858  1.71766  0.78407     49 u - - >
          1.38629  1.38629  1.38629  1.38629
          0.06454  3.46574  3.46574  1.46634  0.26236  1.09861  0.40547
     50   2.19498  1.24393  1.86019  0.81025     50 u - - >
          1.38629  1.38629  1.38629  1.38629
          0.06454  3.46574  3.46574  1.46634  0.26236  1.09861  0.40547
     51   1.81056  0.63099  2.33349  1.57302     51 C - - :
          1.38629  1.38629  1.38629  1.38629
          0.06454  3.46574  3.46574  1.46634  0.26236  1.09861  0.40547
     52   0.43402  2.34096  2.15188  1.96896     52 A - - :
          1.38629  1.38629  1.38629  1.38629
          0.06454  3.46574  3.46574  1.46634  0.26236  1.09861  0.40547
     53   1.80539  1.92565  2.26732  0.53406     53 U - - :
          1.38629  1.38629  1.38629  1.38629
          0.06454  3.46574  3.46574  1.46634  0.26236  1.09861  0.40547
     54   0.43402  2.34096  2.15188  1.96896     54 A - - :
          1.38629  1.38629  1.38629  1.38629
          0.06454  3.46574  3.46574  1.46634  0.26236  1.09861  0.40547
     55   0.43402  2.34096  2.15188  1.96896     55 A - - :
          1.38629  1.38629  1.38629  1.38629
          0.06454  3.46574  3.46574  1.46634  0.26236  1.09861  0.40547
     56   0.43402  2.34096  2.15188  1.96896     56 A - - :
          1.38629  1.38629  1.38629  1.38629
          0.06454  3.46574  3.46574  1.46634  0.26236  1.09861  0.40547
     57   1.80539  1.92565  2.26732  0.53406     57 U - - :
          1.38629  1.38629  1.38629  1.38629
          0.06454  3.46574  3.46574  1.46634  0.26236  1.09861  0.40547
     58   1.80539  1.92565  2.26732  0.53406     58 U - - :
          1.38629  1.38629  1.38629  1.38629
          0.06454  3.46574  3.46574  1.46634  0.26236  1.09861  0.40547
     59   1.81056  0.63099  2.33349  1.57302     59 C - - :
          1.38629  1.38629  1.38629  1.38629
          0.06454  3.46574  3.46574  1.46634  0.26236  1.09861  0.40547
     60   0.43402  2.34096  2.15188  1.96896     60 A - - :
          1.38629  1.38629  1.38629  1.38629
          0.06454  3.46574  3.46574  1.46634  0.26236  1.09861  0.40547
     61   1.80539  1.92565  2.26732  0.53406     61 U - - :
          1.38629  1.38629  1.38629  1.38629
          0.06454  3.46574  3.46574  1.46634  0.26236  1.09861  0.40547
     62   1.80539  1.92565  2.26732  0.53406     62 U - - :
          1.38629  1.38629  1.38629  1.38629
          0.06454  3.46574  3.46574  1.46634  0.26236  1.09861  0.40547
     63   1.81056  0.63099  2.33349  1.57302     63 C - - :
          1.38629  1.38629  1.38629  1.38629
          0.06454  3.46574  3.46574  1.46634  0.26236  1.09861  0.40547
     64   1.74444  2.44744  0.49931  2.02651     64 G - - :
          1.38629  1.38629  1.38629  1.38629
          0.06454  3.46574  3.46574  1.46634  0.26236  1.09861  0.40547
     65   0.43402  2.34096  2.15188  1.96896     65 A - - :
          1.38629  1.38629  1.38629  1.38629
          0.06454  3.46574  3.46574  1.46634  0.26236  1.09861  0.40547
     66   1.80539  1.92565  2.26732  0.53406     66 U - - :
          1.38629  1.38629  1.38629  1.38629
          0.06454  3.46574  3.46574  1.46634  0.26236  1.09861  0.40547
     67   1.80539  1.92565  2.26732  0.53406     67 U - - :
          1.38629  1.38629  1.38629  1.38629
          0.03279  3.43399        *  1.46634  0.26236  0.00000        *
//
