INFERNAL1/a [1.1.2 | July 2016]
NAME     at_nt_sprg_sprf_sr75_round5_0001
STATES   397
NODES    130
CLEN     131
W        171
ALPH     RNA
RF       no
CONS     yes
MAP      yes
DATE     Sun Mar  1 18:36:09 2020
COM      [1] cmbuild /home/co78wid/projects/master/results/ta_systems/sprg_sprf/sprg_sprf_sr75/2_structure_analysis/infernal_search/at_nt_sprg_sprf_sr75_cmbuild.txt /home/co78wid/projects/master/results/ta_systems/sprg_sprf/sprg_sprf_sr75/1_sequence_analysis/fold/at_nt_sprg_sprf_sr75_round5.stk
COM      [2] cmcalibrate --cpu 30 /home/co78wid/projects/master/results/ta_systems/sprg_sprf/sprg_sprf_sr75/2_structure_analysis/infernal_search/at_nt_sprg_sprf_sr75_cmbuild.txt
PBEGIN   0.05
PEND     0.05
WBETA    1e-07
QDBBETA1 1e-07
QDBBETA2 1e-15
N2OMEGA  1.52588e-05
N3OMEGA  1.52588e-05
ELSELF   -0.08926734
NSEQ     51
EFFN     2.381287
CKSUM    497093354
NULL     0.000  0.000  0.000  0.000 
EFP7GF   -4.7291 0.71801
ECMLC    0.45392   -12.63312     1.35271     1600000      685909  0.001750
ECMGC    0.31336   -22.42761    -5.37377     1600000       83745  0.004776
ECMLI    0.39091   -10.11430     4.94171     1600000      431779  0.002779
ECMGI    0.36590   -10.75752     2.03658     1600000       43165  0.009267
CM
                                             [ ROOT    0 ]      -      - - - - -
     S     0    -1 0     1     4     1     1   171   225  -7.122  -7.329  -0.455  -1.959                 
    IL     1     1 2     1     4     6    50   174   228  -1.686  -2.369  -1.117  -4.855                  0.000  0.000  0.000  0.000 
    IR     2     2 3     2     3     5    50   173   227  -1.442  -0.798  -4.142                          0.000  0.000  0.000  0.000 
                                             [ MATL    1 ]      1      - U - - -
    ML     3     2 3     5     3     7    51   172   226  -7.762  -0.024  -6.416                         -1.123 -1.185 -1.835  1.496 
     D     4     2 3     5     3     1    41   167   221  -7.901  -3.414  -0.149                         
    IL     5     5 3     5     3     5    49   172   226  -1.442  -0.798  -4.142                          0.000  0.000  0.000  0.000 
                                             [ MATL    2 ]      2      - A - - -
    ML     6     5 3     8     3     7    50   171   225  -7.762  -0.024  -6.416                          1.615 -1.969 -1.641 -1.474 
     D     7     5 3     8     3     1    41   166   220  -7.901  -3.414  -0.149                         
    IL     8     8 3     8     3     5    49   171   225  -1.442  -0.798  -4.142                          0.000  0.000  0.000  0.000 
                                             [ MATL    3 ]      3      - U - - -
    ML     9     8 3    11     3     7    50   170   224  -7.762  -0.024  -6.416                         -1.123 -1.185 -1.835  1.496 
     D    10     8 3    11     3     1    41   165   219  -7.901  -3.414  -0.149                         
    IL    11    11 3    11     3     5    48   170   224  -1.442  -0.798  -4.142                          0.000  0.000  0.000  0.000 
                                             [ MATL    4 ]      4      - A - - -
    ML    12    11 3    14     3     6    49   169   223  -7.762  -0.024  -6.416                          1.615 -1.969 -1.641 -1.474 
     D    13    11 3    14     3     1    41   165   219  -7.901  -3.414  -0.149                         
    IL    14    14 3    14     3     5    48   169   223  -1.442  -0.798  -4.142                          0.000  0.000  0.000  0.000 
                                             [ MATL    5 ]      5      - u - - -
    ML    15    14 3    17     3     6    49   168   222  -7.762  -0.024  -6.416                         -0.026 -0.713 -0.303  0.675 
     D    16    14 3    17     3     1    40   164   218  -7.901  -2.715  -0.245                         
    IL    17    17 3    17     3     5    47   168   222  -1.442  -0.798  -4.142                          0.000  0.000  0.000  0.000 
                                             [ MATL    6 ]      6      - A - - -
    ML    18    17 3    20     3     6    48   167   221  -7.797  -0.023  -6.451                          1.543 -1.755 -1.520 -1.180 
     D    19    17 3    20     3     0    40   163   217  -7.814  -3.327  -0.159                         
    IL    20    20 3    20     3     4    47   167   221  -1.442  -0.798  -4.142                          0.000  0.000  0.000  0.000 
                                             [ MATL    7 ]      7      - U - - -
    ML    21    20 3    23     3     6    47   166   220  -7.797  -0.023  -6.451                         -0.861 -0.703 -1.584  1.323 
     D    22    20 3    23     3     0    39   162   216  -7.814  -2.393  -0.313                         
    IL    23    23 3    23     3     4    46   166   220  -1.442  -0.798  -4.142                          0.000  0.000  0.000  0.000 
                                             [ MATL    8 ]      8      - A - - -
    ML    24    23 3    26     3     5    47   165   219  -5.790  -0.043  -6.499                          1.662 -2.133 -1.789 -1.653 
     D    25    23 3    26     3     0    39   161   215  -7.677  -3.190  -0.175                         
    IL    26    26 3    26     3     4    46   165   219  -1.483  -0.768  -4.184                          0.000  0.000  0.000  0.000 
                                             [ MATL    9 ]     10      - G - - -
    ML    27    26 3    29     3     5    46   164   218  -7.845  -0.022  -6.499                         -0.241 -1.117  1.004 -0.540 
     D    28    26 3    29     3     0    38   161   215  -7.677  -3.190  -0.175                         
    IL    29    29 3    29     3     4    45   164   218  -1.442  -0.798  -4.142                          0.000  0.000  0.000  0.000 
                                             [ MATL   10 ]     11      - A - - -
    ML    30    29 3    32     3     5    45   163   217  -7.845  -0.022  -6.499                          1.662 -2.133 -1.789 -1.653 
     D    31    29 3    32     3     0    38   160   214  -7.677  -1.245  -0.803                         
    IL    32    32 3    32     3     3    44   163   217  -1.442  -0.798  -4.142                          0.000  0.000  0.000  0.000 
                                             [ MATL   11 ]     12      - A - - -
    ML    33    32 3    35     3     4    44   162   216  -7.988  -0.020  -6.642                          1.729 -2.420 -2.047 -1.967 
     D    34    32 3    35     3     0    36   158   212  -7.137  -2.650  -0.263                         
    IL    35    35 3    35     3     3    43   162   216  -1.442  -0.798  -4.142                          0.000  0.000  0.000  0.000 
                                             [ MATL   12 ]     13      - A - - -
    ML    36    35 3    38     3     4    44   161   215  -7.988  -0.020  -6.642                          1.729 -2.420 -2.047 -1.967 
     D    37    35 3    38     3     0    36   157   211  -7.137  -2.650  -0.263                         
    IL    38    38 3    38     3     3    43   161   215  -1.442  -0.798  -4.142                          0.000  0.000  0.000  0.000 
                                             [ MATL   13 ]     14      - A - - -
    ML    39    38 3    41     3     3    43   160   214  -7.988  -0.049  -5.091                          1.557 -1.920 -1.235 -1.444 
     D    40    38 3    41     3     0    35   156   211  -7.137  -2.650  -0.263                         
    IL    41    41 3    41     3     3    42   160   214  -1.442  -0.798  -4.142                          0.000  0.000  0.000  0.000 
                                             [ MATL   14 ]     15      - A - - -
    ML    42    41 3    44     3     4    43   159   213  -7.960  -0.021  -6.614                          1.396 -1.519 -1.033 -0.915 
     D    43    41 3    44     3     0    35   156   210  -7.265  -2.114  -0.391                         
    IL    44    44 3    44     3     2    41   159   213  -1.442  -0.798  -4.142                          0.000  0.000  0.000  0.000 
                                             [ MATL   15 ]     16      - G - - -
    ML    45    44 3    47     3     3    42   158   212  -7.988  -0.020  -6.642                         -0.187 -1.826  1.272 -1.235 
     D    46    44 3    47     3     0    34   154   208  -7.137  -2.650  -0.263                         
    IL    47    47 3    47     3     2    41   158   212  -1.442  -0.798  -4.142                          0.000  0.000  0.000  0.000 
                                             [ MATL   16 ]     17      - G - - -
    ML    48    47 3    50     3     3    41   157   211  -7.988  -0.051  -5.031                         -0.789 -1.484  1.371 -1.068 
     D    49    47 3    50     3     0    34   154   208  -7.137  -2.650  -0.263                         
    IL    50    50 3    50     3     2    41   157   211  -1.442  -0.798  -4.142                          0.000  0.000  0.000  0.000 
                                             [ MATL   17 ]     18      - G - - -
    ML    51    50 3    53     3     3    41   156   210  -7.958  -0.021  -6.612                          0.085 -1.635  1.092 -1.041 
     D    52    50 3    53     3     0    33   153   207  -7.273  -2.088  -0.399                         
    IL    53    53 3    53     3     2    40   156   210  -1.442  -0.798  -4.142                          0.000  0.000  0.000  0.000 
                                             [ MATL   18 ]     19      - C - - -
    ML    54    53 3    56     3     3    41   155   209  -7.988  -0.020  -6.642                         -0.933  1.387 -1.966 -0.727 
     D    55    53 3    56     3     0    32   151   205  -7.137  -2.650  -0.263                         
    IL    56    56 3    56     3     2    39   155   209  -1.442  -0.798  -4.142                          0.000  0.000  0.000  0.000 
                                             [ MATL   19 ]     20      - A - - -
    ML    57    56 3    59     3     3    40   154   208  -7.988  -0.020  -6.642                          1.097 -1.231 -0.416 -0.546 
     D    58    56 3    59     3     0    32   150   204  -7.137  -2.650  -0.263                         
    IL    59    59 3    59     3     1    39   154   209  -1.442  -0.798  -4.142                          0.000  0.000  0.000  0.000 
                                             [ MATL   20 ]     21      - A - - -
    ML    60    59 3    62     3     3    40   153   207  -7.988  -0.020  -6.642                          1.729 -2.420 -2.047 -1.967 
     D    61    59 3    62     3     0    31   149   203  -7.137  -2.650  -0.263                         
    IL    62    62 3    62     3     1    38   153   208  -1.442  -0.798  -4.142                          0.000  0.000  0.000  0.000 
                                             [ MATL   21 ]     22      - C - - -
    ML    63    62 3    65     3     2    39   152   206  -7.988  -0.020  -6.642                         -1.076  1.233 -1.897 -0.141 
     D    64    62 3    65     3     0    31   148   202  -7.137  -2.650  -0.263                         
    IL    65    65 3    65     3     1    38   152   207  -1.442  -0.798  -4.142                          0.000  0.000  0.000  0.000 
                                             [ MATL   22 ]     23      - A - - -
    ML    66    65 3    68     3     2    38   151   205  -7.988  -0.020  -6.642                          1.729 -2.420 -2.047 -1.967 
     D    67    65 3    68     3     0    30   148   202  -7.137  -2.650  -0.263                         
    IL    68    68 3    68     3     1    37   152   206  -1.442  -0.798  -4.142                          0.000  0.000  0.000  0.000 
                                             [ MATL   23 ]     24      - u - - -
    ML    69    68 3    71     3     2    38   150   204  -7.988  -0.020  -6.642                         -0.729  0.291 -1.500  0.864 
     D    70    68 3    71     3     0    30   147   201  -7.137  -2.650  -0.263                         
    IL    71    71 3    71     3     1    36   151   205  -1.442  -0.798  -4.142                          0.000  0.000  0.000  0.000 
                                             [ MATL   24 ]     25      - g - - -
    ML    72    71 3    74     3     2    37   149   203  -2.319  -0.341  -6.642                          0.482 -1.259  0.595 -0.568 
     D    73    71 3    74     3     0    30   146   200  -7.137  -1.773  -0.514                         
    IL    74    74 3    74     3     1    36   149   203  -1.992  -0.494  -4.692                          0.000  0.000  0.000  0.000 
                                             [ MATL   25 ]     27      - C - - -
    ML    75    74 3    77     3     2    36   148   202  -5.025  -0.060  -6.681                         -0.789  1.266 -1.547 -0.570 
     D    76    74 3    77     3     0    29   144   198  -6.930  -2.443  -0.308                         
    IL    77    77 3    77     3     1    35   148   202  -1.383  -0.820  -4.319                          0.000  0.000  0.000  0.000 
                                             [ MATL   26 ]     30      - a - - -
    ML    78    77 3    80     3     2    36   147   201  -8.027  -0.020  -6.681                          0.773 -1.042  0.199 -0.604 
     D    79    77 3    80     3     0    28   143   197  -6.930  -2.443  -0.308                         
    IL    80    80 3    80     3     1    34   147   201  -1.442  -0.798  -4.142                          0.000  0.000  0.000  0.000 
                                             [ MATL   27 ]     31      - u - - -
    ML    81    80 3    83     3     1    35   146   200  -8.027  -0.020  -6.681                         -0.290 -0.053 -0.156  0.401 
     D    82    80 3    83     3     0    28   142   196  -6.930  -2.443  -0.308                         
    IL    83    83 3    83     3     1    34   146   200  -1.442  -0.798  -4.142                          0.000  0.000  0.000  0.000 
                                             [ MATL   28 ]     32      - A - - -
    ML    84    83 3    86     3     1    34   145   199  -8.027  -0.020  -6.681                          1.287 -1.492 -0.571 -0.914 
     D    85    83 3    86     3     0    27   141   195  -6.930  -2.443  -0.308                         
    IL    86    86 3    86     3     1    33   145   199  -1.442  -0.798  -4.142                          0.000  0.000  0.000  0.000 
                                             [ MATL   29 ]     33      - A - - -
    ML    87    86 3    89     3     1    34   144   198  -8.027  -0.020  -6.681                          1.203 -0.863 -1.215 -0.480 
     D    88    86 3    89     3     0    27   140   194  -6.930  -2.443  -0.308                         
    IL    89    89 3    89     3     1    32   144   198  -1.442  -0.798  -4.142                          0.000  0.000  0.000  0.000 
                                             [ MATL   30 ]     34      - A - - -
    ML    90    89 3    92     3     1    33   143   197  -8.027  -0.020  -6.681                          1.019 -1.454  0.095 -0.888 
     D    91    89 3    92     3     0    26   139   193  -6.930  -2.443  -0.308                         
    IL    92    92 3    92     3     1    32   143   197  -1.442  -0.798  -4.142                          0.000  0.000  0.000  0.000 
                                             [ MATL   31 ]     35      - c - - -
    ML    93    92 3    95     3     1    32   142   196  -8.027  -0.020  -6.681                         -0.801  0.757 -1.602  0.493 
     D    94    92 3    95     3     0    25   138   192  -6.930  -2.443  -0.308                         
    IL    95    95 3    95     3     1    31   142   196  -1.442  -0.798  -4.142                          0.000  0.000  0.000  0.000 
                                             [ MATL   32 ]     36      - a - - -
    ML    96    95 3    98     3     1    31   141   195  -8.027  -0.020  -6.681                          0.890 -1.439  0.296 -0.862 
     D    97    95 3    98     3     0    25   137   191  -6.930  -2.443  -0.308                         
    IL    98    98 3    98     3     1    30   141   195  -1.442  -0.798  -4.142                          0.000  0.000  0.000  0.000 
                                             [ MATL   33 ]     37      - U - - -
    ML    99    98 3   101     3     1    30   140   194  -8.027  -0.020  -6.681                         -1.069 -0.699 -1.807  1.391 
     D   100    98 3   101     3     0    24   136   191  -6.930  -2.443  -0.308                         
    IL   101   101 3   101     3     1    30   140   194  -1.442  -0.798  -4.142                          0.000  0.000  0.000  0.000 
                                             [ MATL   34 ]     38      - g - - -
    ML   102   101 3   104     3     1    30   139   193  -8.027  -0.020  -6.681                          0.529 -1.500  0.741 -0.910 
     D   103   101 3   104     3     0    24   136   190  -6.930  -2.443  -0.308                         
    IL   104   104 3   104     3     1    29   139   193  -1.442  -0.798  -4.142                          0.000  0.000  0.000  0.000 
                                             [ MATL   35 ]     39      - U - - -
    ML   105   104 3   107     3     1    29   138   192  -8.027  -0.020  -6.681                         -1.211 -0.978 -1.946  1.486 
     D   106   104 3   107     3     0    24   135   189  -6.930  -2.443  -0.308                         
    IL   107   107 3   107     3     1    28   138   192  -1.442  -0.798  -4.142                          0.000  0.000  0.000  0.000 
                                             [ MATL   36 ]     40      - u - - -
    ML   108   107 3   110     3     1    28   137   191  -8.027  -0.020  -6.681                         -0.770  0.617 -1.562  0.624 
     D   109   107 3   110     3     0    23   134   188  -6.930  -2.443  -0.308                         
    IL   110   110 3   110     3     1    28   137   191  -1.442  -0.798  -4.142                          0.000  0.000  0.000  0.000 
                                             [ MATL   37 ]     41      - a - - -
    ML   111   110 3   113     3     1    27   136   190  -8.027  -0.020  -6.681                          0.660 -1.464  0.597 -0.876 
     D   112   110 3   113     3     0    23   133   187  -6.930  -2.443  -0.308                         
    IL   113   113 3   113     3     1    27   136   190  -1.442  -0.798  -4.142                          0.000  0.000  0.000  0.000 
                                             [ MATL   38 ]     42      - C - - -
    ML   114   113 3   116     3     1    26   135   189  -8.027  -0.160  -3.302                         -1.895  1.663 -2.723 -1.278 
     D   115   113 3   116     3     0    22   133   187  -6.930  -2.443  -0.308                         
    IL   116   116 3   116     3     1    27   135   190  -1.442  -0.798  -4.142                          0.000  0.000  0.000  0.000 
                                             [ MATL   39 ]     43      - C - - -
    ML   117   116 3   119     3     1    26   134   188  -7.889  -0.022  -6.543                         -1.193  1.376 -2.008 -0.477 
     D   118   116 3   119     3     0    22   132   186  -7.538  -0.673  -1.445                         
    IL   119   119 3   119     3     1    25   134   188  -1.442  -0.798  -4.142                          0.000  0.000  0.000  0.000 
                                             [ MATL   40 ]     44      - C - - -
    ML   120   119 3   122     3     1    25   133   187  -8.089  -0.019  -6.743                         -1.547  1.510 -2.383 -0.692 
     D   121   119 3   122     3     0    20   130   184  -6.519  -2.032  -0.425                         
    IL   122   122 3   122     3     1    25   133   187  -1.442  -0.798  -4.142                          0.000  0.000  0.000  0.000 
                                             [ MATL   41 ]     45      - u - - -
    ML   123   122 3   125     3     1    24   132   186  -8.089  -0.019  -6.743                         -0.190 -0.139 -1.239  0.841 
     D   124   122 3   125     3     0    19   129   183  -6.519  -2.032  -0.425                         
    IL   125   125 3   125     3     1    24   132   187  -1.442  -0.798  -4.142                          0.000  0.000  0.000  0.000 
                                             [ MATL   42 ]     46      - A - - -
    ML   126   125 3   128     3     1    23   131   185  -8.089  -0.019  -6.743                          1.478 -1.406 -1.526 -1.029 
     D   127   125 3   128     3     0    19   128   182  -6.519  -2.032  -0.425                         
    IL   128   128 3   128     3     1    23   131   186  -1.442  -0.798  -4.142                          0.000  0.000  0.000  0.000 
                                             [ MATL   43 ]     47      - a - - -
    ML   129   128 3   131     3     1    22   130   184  -8.089  -0.019  -6.743                          0.672 -0.754 -0.038 -0.252 
     D   130   128 3   131     3     0    18   127   181  -6.519  -2.032  -0.425                         
    IL   131   131 3   131     3     1    22   130   185  -1.442  -0.798  -4.142                          0.000  0.000  0.000  0.000 
                                             [ MATL   44 ]     48      - U - - -
    ML   132   131 3   134     3     1    22   129   183  -8.089  -0.019  -6.743                         -1.719 -1.675 -2.463  1.679 
     D   133   131 3   134     3     0    18   127   181  -6.519  -2.032  -0.425                         
    IL   134   134 3   134     3     1    21   130   184  -1.442  -0.798  -4.142                          0.000  0.000  0.000  0.000 
                                             [ MATL   45 ]     49      - G - - -
    ML   135   134 3   137     3     1    21   128   182  -8.089  -0.019  -6.743                         -1.138 -2.591  1.646 -2.001 
     D   136   134 3   137     3     0    17   126   180  -6.519  -1.129  -0.911                         
    IL   137   137 3   137     3     1    20   129   183  -1.442  -0.798  -4.142                          0.000  0.000  0.000  0.000 
                                             [ MATL   46 ]     50      - A - - -
    ML   138   137 3   140     3     1    20   127   181  -8.507  -0.179  -3.137                          1.641 -2.183 -1.470 -1.740 
     D   139   137 3   140     3     0    16   125   179  -5.620  -0.734  -1.403                         
    IL   140   140 3   140     3     1    21   127   181  -1.925  -0.554  -4.164                          0.000  0.000  0.000  0.000 
                                             [ MATR   47 ]      -    152 - U - -
    MR   141   140 3   143     3     1    22   126   180  -8.347  -0.019  -6.665                         -1.471 -1.470 -2.204  1.614 
     D   142   140 3   143     3     0    14   123   177  -7.369  -2.546  -0.281                         
    IR   143   143 3   143     3     1    20   126   180  -1.925  -0.554  -4.164                          0.000  0.000  0.000  0.000 
                                             [ MATR   48 ]      -    151 - U - -
    MR   144   143 3   146     3     1    21   125   179  -8.347  -0.019  -6.665                         -1.471 -1.470 -2.204  1.614 
     D   145   143 3   146     3     0    13   122   176  -7.369  -2.546  -0.281                         
    IR   146   146 3   146     3     1    20   125   179  -1.925  -0.554  -4.164                          0.000  0.000  0.000  0.000 
                                             [ MATR   49 ]      -    150 - U - -
    MR   147   146 3   149     3     1    21   124   178  -8.347  -0.019  -6.665                         -1.471 -1.470 -2.204  1.614 
     D   148   146 3   149     3     0    13   121   175  -7.369  -2.546  -0.281                         
    IR   149   149 3   149     3     1    19   124   178  -1.925  -0.554  -4.164                          0.000  0.000  0.000  0.000 
                                             [ MATR   50 ]      -    149 - U - -
    MR   150   149 3   152     3     1    21   123   177  -8.347  -0.019  -6.665                         -1.471 -1.470 -2.204  1.614 
     D   151   149 3   152     3     0    13   120   174  -7.369  -2.546  -0.281                         
    IR   152   152 3   152     3     1    19   123   177  -1.925  -0.554  -4.164                          0.000  0.000  0.000  0.000 
                                             [ MATR   51 ]      -    148 - U - -
    MR   153   152 3   155     3     1    20   122   176  -8.347  -0.019  -6.665                         -1.471 -1.470 -2.204  1.614 
     D   154   152 3   155     3     0    12   119   173  -7.369  -2.546  -0.281                         
    IR   155   155 3   155     3     1    18   122   176  -1.925  -0.554  -4.164                          0.000  0.000  0.000  0.000 
                                             [ MATR   52 ]      -    147 - U - -
    MR   156   155 3   158     3     1    20   121   175  -8.347  -0.019  -6.665                         -1.277 -1.189 -2.008  1.536 
     D   157   155 3   158     3     0    12   118   172  -7.369  -2.546  -0.281                         
    IR   158   158 3   158     3     1    18   121   176  -1.925  -0.554  -4.164                          0.000  0.000  0.000  0.000 
                                             [ MATR   53 ]      -    146 - A - -
    MR   159   158 3   161     3     1    19   120   174  -8.347  -0.019  -6.665                          1.716 -2.356 -1.989 -1.897 
     D   160   158 3   161     3     0    11   117   171  -7.369  -2.546  -0.281                         
    IR   161   161 3   161     3     1    17   120   175  -1.925  -0.554  -4.164                          0.000  0.000  0.000  0.000 
                                             [ MATR   54 ]      -    145 - U - -
    MR   162   161 3   164     3     1    19   119   173  -8.347  -0.019  -6.665                         -1.471 -1.470 -2.204  1.614 
     D   163   161 3   164     3     0    11   116   170  -7.369  -2.546  -0.281                         
    IR   164   164 3   164     3     1    17   120   174  -1.925  -0.554  -4.164                          0.000  0.000  0.000  0.000 
                                             [ MATR   55 ]      -    144 - U - -
    MR   165   164 3   167     3     1    18   118   172  -8.347  -0.019  -6.665                         -1.471 -1.470 -2.204  1.614 
     D   166   164 3   167     3     0    10   115   169  -7.369  -2.546  -0.281                         
    IR   167   167 3   167     3     1    16   119   173  -1.925  -0.554  -4.164                          0.000  0.000  0.000  0.000 
                                             [ MATR   56 ]      -    143 - G - -
    MR   168   167 3   170     3     1    18   117   171  -8.347  -0.019  -6.665                         -0.878 -1.604  1.442 -1.284 
     D   169   167 3   170     3     0    10   114   168  -7.369  -2.546  -0.281                         
    IR   170   170 3   170     3     1    16   118   172  -1.925  -0.554  -4.164                          0.000  0.000  0.000  0.000 
                                             [ MATR   57 ]      -    142 - G - -
    MR   171   170 3   173     3     1    17   116   170  -8.347  -0.019  -6.665                         -1.564 -2.781  1.720 -2.168 
     D   172   170 3   173     3     0    10   113   167  -7.369  -2.546  -0.281                         
    IR   173   173 3   173     3     1    15   117   171  -1.925  -0.554  -4.164                          0.000  0.000  0.000  0.000 
                                             [ MATR   58 ]      -    141 - U - -
    MR   174   173 3   176     3     1    16   115   169  -8.347  -0.019  -6.665                         -0.660 -1.045 -1.585  1.350 
     D   175   173 3   176     3     0     9   112   166  -7.369  -2.546  -0.281                         
    IR   176   176 3   176     3     1    15   116   170  -1.925  -0.554  -4.164                          0.000  0.000  0.000  0.000 
                                             [ MATR   59 ]      -    140 - A - -
    MR   177   176 3   179     3     1    16   114   168  -8.347  -0.019  -6.665                          1.716 -2.356 -1.989 -1.897 
     D   178   176 3   179     3     0     9   111   165  -7.369  -2.546  -0.281                         
    IR   179   179 3   179     3     1    14   115   169  -1.925  -0.554  -4.164                          0.000  0.000  0.000  0.000 
                                             [ MATR   60 ]      -    139 - G - -
    MR   180   179 3   182     3     1    15   113   167  -8.347  -0.019  -6.665                         -0.929 -2.317  1.571 -1.719 
     D   181   179 3   182     3     0     9   110   164  -7.369  -2.546  -0.281                         
    IR   182   182 3   182     3     1    14   114   168  -1.925  -0.554  -4.164                          0.000  0.000  0.000  0.000 
                                             [ MATR   61 ]      -    138 - a - -
    MR   183   182 3   185     3     1    15   112   166  -4.741  -0.070  -6.665                          0.439  0.095 -0.802  0.005 
     D   184   182 3   185     3     0     8   109   163  -7.369  -2.546  -0.281                         
    IR   185   185 3   185     3     1    14   113   167  -2.078  -0.488  -4.316                          0.000  0.000  0.000  0.000 
                                             [ MATR   62 ]      -    136 - G - -
    MR   186   185 3   188     3     1    14   111   165  -4.352  -0.139  -4.546                         -0.514 -1.685  1.300 -0.926 
     D   187   185 3   188     3     0     8   108   162  -7.369  -2.546  -0.281                         
    IR   188   188 3   188     3     1    14   112   166  -1.524  -0.710  -4.606                          0.000  0.000  0.000  0.000 
                                             [ MATR   63 ]      -    132 - A - -
    MR   189   188 3   191     3     1    15   110   164  -8.299  -0.019  -6.617                          1.351 -1.405 -1.067 -0.753 
     D   190   188 3   191     3     0     7   107   161  -7.556  -1.878  -0.469                         
    IR   191   191 3   191     3     1    13   111   165  -1.925  -0.554  -4.164                          0.000  0.000  0.000  0.000 
                                             [ MATR   64 ]      -    131 - U - -
    MR   192   191 3   194     3     1    14   109   163  -8.347  -0.019  -6.665                         -0.657 -0.940 -0.883  1.203 
     D   193   191 3   194     3     0     7   106   160  -7.369  -2.546  -0.281                         
    IR   194   194 3   194     3     1    12   110   164  -1.925  -0.554  -4.164                          0.000  0.000  0.000  0.000 
                                             [ MATR   65 ]      -    130 - U - -
    MR   195   194 3   197     3     1    14   108   162  -8.347  -0.019  -6.665                         -0.865 -0.372 -1.606  1.232 
     D   196   194 3   197     3     0     6   105   159  -7.369  -2.546  -0.281                         
    IR   197   197 3   197     3     1    12   109   163  -1.925  -0.554  -4.164                          0.000  0.000  0.000  0.000 
                                             [ MATR   66 ]      -    129 - G - -
    MR   198   197 3   200     3     1    13   107   161  -8.347  -0.019  -6.665                         -1.564 -2.781  1.720 -2.168 
     D   199   197 3   200     3     0     6   104   158  -7.369  -2.546  -0.281                         
    IR   200   200 3   200     3     1    12   108   162  -1.925  -0.554  -4.164                          0.000  0.000  0.000  0.000 
                                             [ MATR   67 ]      -    128 - A - -
    MR   201   200 3   203     3     1    13   106   160  -8.347  -0.019  -6.665                          1.716 -2.356 -1.989 -1.897 
     D   202   200 3   203     3     0     6   103   157  -7.369  -2.546  -0.281                         
    IR   203   203 3   203     3     1    11   107   161  -1.925  -0.554  -4.164                          0.000  0.000  0.000  0.000 
                                             [ MATR   68 ]      -    127 - A - -
    MR   204   203 3   206     3     1    12   105   159  -8.347  -0.019  -6.665                          1.716 -2.356 -1.989 -1.897 
     D   205   203 3   206     3     0     5   102   156  -7.369  -2.546  -0.281                         
    IR   206   206 3   206     3     1    11   106   160  -1.925  -0.554  -4.164                          0.000  0.000  0.000  0.000 
                                             [ MATR   69 ]      -    126 - A - -
    MR   207   206 3   209     3     1    11   104   158  -8.347  -0.019  -6.665                          1.716 -2.356 -1.989 -1.897 
     D   208   206 3   209     3     0     5   101   155  -7.369  -2.546  -0.281                         
    IR   209   209 3   209     3     1    10   105   159  -1.925  -0.554  -4.164                          0.000  0.000  0.000  0.000 
                                             [ MATR   70 ]      -    125 - C - -
    MR   210   209 3   212     3     1    11   103   157  -8.347  -0.019  -6.665                         -1.722  1.619 -2.545 -1.140 
     D   211   209 3   212     3     0     5   100   154  -7.369  -2.546  -0.281                         
    IR   212   212 3   212     3     1    10   104   158  -1.925  -0.554  -4.164                          0.000  0.000  0.000  0.000 
                                             [ MATR   71 ]      -    124 - c - -
    MR   213   212 3   215     3     1    10   102   156  -8.347  -0.019  -6.665                         -0.783  0.849 -1.583  0.361 
     D   214   212 3   215     3     0     4    99   153  -7.369  -2.546  -0.281                         
    IR   215   215 3   215     3     1     9   103   157  -1.925  -0.554  -4.164                          0.000  0.000  0.000  0.000 
                                             [ MATR   72 ]      -    123 - G - -
    MR   216   215 3   218     3     1     9   101   155  -8.347  -0.019  -6.665                         -0.413 -1.315  1.135 -0.618 
     D   217   215 3   218     3     0     4    98   152  -7.369  -2.546  -0.281                         
    IR   218   218 3   218     3     1     9   102   156  -1.925  -0.554  -4.164                          0.000  0.000  0.000  0.000 
                                             [ MATR   73 ]      -    122 - a - -
    MR   219   218 3   221     3     1     9   100   154  -8.347  -0.045  -5.182                          0.316 -0.314  0.048 -0.125 
     D   220   218 3   221     3     0     4    97   151  -7.369  -2.546  -0.281                         
    IR   221   221 3   221     3     1     8   101   155  -1.925  -0.554  -4.164                          0.000  0.000  0.000  0.000 
                                             [ MATR   74 ]      -    121 - c - -
    MR   222   221 3   224     3     1     8    99   153  -8.322  -0.019  -6.639                         -0.548  0.746 -1.402  0.333 
     D   223   221 3   224     3     0     3    97   151  -7.472  -2.129  -0.385                         
    IR   224   224 3   224     3     1     7   100   154  -1.925  -0.554  -4.164                          0.000  0.000  0.000  0.000 
                                             [ MATR   75 ]      -    120 - C - -
    MR   225   224 3   227     3     1     7    98   152  -5.933  -0.091  -4.483                         -0.912  1.073 -1.724  0.086 
     D   226   224 3   227     3     0     3    96   150  -7.369  -2.546  -0.281                         
    IR   227   227 3   227     3     1     7    99   153  -1.986  -0.527  -4.225                          0.000  0.000  0.000  0.000 
                                             [ MATR   76 ]      -    118 - a - -
    MR   228   227 3   230     3     1     7    97   152  -8.296  -0.019  -6.614                          0.905 -0.416 -0.715 -0.380 
     D   229   227 3   230     3     0     3    95   149  -7.566  -1.851  -0.479                         
    IR   230   230 3   230     3     1     6    98   152  -1.925  -0.554  -4.164                          0.000  0.000  0.000  0.000 
                                             [ MATR   77 ]      -    117 - a - -
    MR   231   230 3   233     3     1     6    96   151  -8.347  -0.174  -3.180                          0.998 -0.887 -1.073 -0.019 
     D   232   230 3   233     3     0     2    94   148  -7.369  -2.546  -0.281                         
    IR   233   233 3   233     3     1     7    97   151  -1.925  -0.554  -4.164                          0.000  0.000  0.000  0.000 
                                             [ MATR   78 ]      -    116 - A - -
    MR   234   233 3   236     3     1     7    96   150  -1.896  -0.518  -4.916                          1.144 -0.962 -0.698 -0.599 
     D   235   233 3   236     3     0     2    93   147  -7.877  -1.260  -0.790                         
    IR   236   236 3   236     3     1     7    96   150  -2.753  -0.286  -4.992                          0.000  0.000  0.000  0.000 
                                             [ MATR   79 ]      -    114 - c - -
    MR   237   236 3   239     3     1     8    94   148  -8.318  -0.019  -6.636                         -0.237  0.772 -1.299  0.053 
     D   238   236 3   239     3     0     1    91   145  -7.485  -2.087  -0.398                         
    IR   239   239 3   239     3     1     6    95   149  -1.925  -0.554  -4.164                          0.000  0.000  0.000  0.000 
                                             [ MATR   80 ]      -    113 - u - -
    MR   240   239 3   242     3     1     7    93   147  -8.347  -0.019  -6.665                          0.068 -0.555 -1.118  0.856 
     D   241   239 3   242     3     0     1    90   144  -7.369  -2.546  -0.281                         
    IR   242   242 3   242     3     1     5    94   148  -1.925  -0.554  -4.164                          0.000  0.000  0.000  0.000 
                                             [ MATR   81 ]      -    112 - a - -
    MR   243   242 3   245     3     1     7    92   146  -8.347  -0.019  -6.665                          0.913 -0.966 -1.074  0.177 
     D   244   242 3   245     3     0     0    88   142  -7.369  -2.546  -0.281                         
    IR   245   245 3   245     3     1     5    93   147  -1.925  -0.554  -4.164                          0.000  0.000  0.000  0.000 
                                             [ MATR   82 ]      -    111 - C - -
    MR   246   245 3   248     3     1     7    91   145  -8.347  -0.019  -6.665                         -1.722  1.619 -2.545 -1.140 
     D   247   245 3   248     3     0     0    87   141  -7.369  -2.546  -0.281                         
    IR   248   248 3   248     3     1     5    92   146  -1.925  -0.554  -4.164                          0.000  0.000  0.000  0.000 
                                             [ MATR   83 ]      -    110 - c - -
    MR   249   248 3   251     3     1     6    90   145  -8.347  -0.019  -6.665                         -0.722  0.650 -1.510  0.559 
     D   250   248 3   251     3     0     0    85   139  -7.369  -2.546  -0.281                         
    IR   251   251 3   251     3     1     4    91   145  -1.925  -0.554  -4.164                          0.000  0.000  0.000  0.000 
                                             [ MATR   84 ]      -    109 - A - -
    MR   252   251 3   254     3     1     6    89   144  -2.654  -0.267  -6.665                          1.488 -1.638 -1.513 -0.936 
     D   253   251 3   254     3     0     0    79   133  -7.369  -2.546  -0.281                         
    IR   254   254 3   254     3     1     6    94   148  -0.492  -1.858  -6.269                          0.000  0.000  0.000  0.000 
                                             [ MATR   85 ]      -    101 - a - -
    MR   255   254 3   257     3     1     6    63    83  -8.347  -0.019  -6.665                          0.968 -0.227 -1.109 -0.462 
     D   256   254 3   257     3     0     0    61    80  -7.369  -2.546  -0.281                         
    IR   257   257 3   257     3     1     4    64    83  -1.925  -0.554  -4.164                          0.000  0.000  0.000  0.000 
                                             [ MATR   86 ]      -    100 - u - -
    MR   258   257 3   260     3     1     5    62    82  -8.347  -0.019  -6.665                          0.236 -0.108 -1.022  0.487 
     D   259   257 3   260     3     0     0    60    79  -7.369  -2.546  -0.281                         
    IR   260   260 3   260     3     1     4    63    82  -1.925  -0.554  -4.164                          0.000  0.000  0.000  0.000 
                                             [ MATR   87 ]      -     99 - a - -
    MR   261   260 3   263     3     1     5    61    81  -8.347  -0.019  -6.665                          0.893 -0.955 -1.068  0.203 
     D   262   260 3   263     3     0     0    58    78  -7.369  -2.546  -0.281                         
    IR   263   263 3   263     3     1     3    62    81  -1.925  -0.554  -4.164                          0.000  0.000  0.000  0.000 
                                             [ MATR   88 ]      -     98 - A - -
    MR   264   263 3   266     3     1     5    60    80  -2.785  -0.243  -6.665                          1.716 -2.356 -1.989 -1.897 
     D   265   263 3   266     3     0     0    56    76  -7.369  -2.546  -0.281                         
    IR   266   266 3   266     3     1     4    61    80  -1.408  -0.751  -5.107                          0.000  0.000  0.000  0.000 
                                             [ MATR   89 ]      -     95 - U - -
    MR   267   266 3   269     3     1     4    57    76  -8.347  -0.019  -6.665                         -0.102 -0.882 -1.274  1.079 
     D   268   266 3   269     3     0     0    55    74  -7.369  -2.546  -0.281                         
    IR   269   269 3   269     3     1     3    58    77  -1.925  -0.554  -4.164                          0.000  0.000  0.000  0.000 
                                             [ MATR   90 ]      -     94 - A - -
    MR   270   269 3   272     3     1     4    56    75  -8.347  -0.019  -6.665                          1.022 -0.818 -0.966 -0.167 
     D   271   269 3   272     3     0     0    54    73  -7.369  -2.546  -0.281                         
    IR   272   272 3   272     3     1     2    57    76  -1.925  -0.554  -4.164                          0.000  0.000  0.000  0.000 
                                             [ MATR   91 ]      -     93 - a - -
    MR   273   272 3   275     3     1     3    55    74  -8.347  -0.035  -5.592                          0.807 -0.914 -1.051  0.307 
     D   274   272 3   275     3     0     0    53    72  -7.369  -2.546  -0.281                         
    IR   275   275 3   275     3     1     2    56    75  -1.925  -0.554  -4.164                          0.000  0.000  0.000  0.000 
                                             [ MATR   92 ]      -     92 - a - -
    MR   276   275 3   278     3     1     3    54    73  -8.332  -0.019  -6.649                          0.833 -0.949 -0.434 -0.058 
     D   277   275 3   278     3     0     0    52    71  -7.433  -2.269  -0.346                         
    IR   278   278 3   278     3     1     2    55    74  -1.925  -0.554  -4.164                          0.000  0.000  0.000  0.000 
                                             [ MATR   93 ]      -     91 - U - -
    MR   279   278 3   281     3     1     2    53    72  -8.347  -0.019  -6.665                         -0.529 -0.651 -1.419  1.199 
     D   280   278 3   281     3     0     0    51    70  -7.369  -2.546  -0.281                         
    IR   281   281 3   281     3     1     2    54    73  -1.925  -0.554  -4.164                          0.000  0.000  0.000  0.000 
                                             [ MATR   94 ]      -     90 - U - -
    MR   282   281 3   284     3     1     2    52    71  -8.347  -0.085  -4.213                         -0.291 -0.856 -1.059  1.104 
     D   283   281 3   284     3     0     0    50    69  -7.369  -2.546  -0.281                         
    IR   284   284 3   284     3     1     2    53    72  -1.925  -0.554  -4.164                          0.000  0.000  0.000  0.000 
                                             [ MATR   95 ]      -     89 - A - -
    MR   285   284 3   287     3     1     3    51    70  -8.282  -0.020  -6.600                          1.413 -1.627 -0.856 -1.118 
     D   286   284 3   287     3     0     0    49    68  -7.614  -1.733  -0.527                         
    IR   287   287 3   287     3     1     1    52    71  -1.925  -0.554  -4.164                          0.000  0.000  0.000  0.000 
                                             [ MATR   96 ]      -     88 - g - -
    MR   288   287 3   290     3     1     3    50    69  -8.347  -0.019  -6.665                         -0.194 -0.963  0.510  0.249 
     D   289   287 3   290     3     0     0    48    67  -7.369  -2.546  -0.281                         
    IR   290   290 3   290     3     1     1    51    70  -1.925  -0.554  -4.164                          0.000  0.000  0.000  0.000 
                                             [ MATR   97 ]      -     87 - U - -
    MR   291   290 3   293     3     1     2    49    68  -8.347  -0.019  -6.665                         -0.049 -0.871 -1.248  1.046 
     D   292   290 3   293     3     0     0    47    66  -7.369  -2.546  -0.281                         
    IR   293   293 3   293     3     1     1    50    69  -1.925  -0.554  -4.164                          0.000  0.000  0.000  0.000 
                                             [ MATR   98 ]      -     86 - A - -
    MR   294   293 3   296     3     1     2    48    67  -8.347  -0.019  -6.665                          1.162 -1.195 -0.742 -0.457 
     D   295   293 3   296     3     0     0    46    65  -7.369  -2.546  -0.281                         
    IR   296   296 3   296     3     1     1    49    68  -1.925  -0.554  -4.164                          0.000  0.000  0.000  0.000 
                                             [ MATR   99 ]      -     85 - A - -
    MR   297   296 3   299     3     1     1    47    66  -8.347  -0.033  -5.659                          1.361 -1.407 -1.189 -0.699 
     D   298   296 3   299     3     0     0    45    64  -7.369  -2.546  -0.281                         
    IR   299   299 3   299     3     1     1    48    67  -1.925  -0.554  -4.164                          0.000  0.000  0.000  0.000 
                                             [ MATR  100 ]      -     84 - u - -
    MR   300   299 3   302     3     1     1    46    65  -8.333  -0.090  -4.117                          0.212 -0.825 -1.126  0.863 
     D   301   299 3   302     3     0     0    44    63  -7.428  -2.290  -0.341                         
    IR   302   302 3   302     3     1     1    47    66  -1.925  -0.554  -4.164                          0.000  0.000  0.000  0.000 
                                             [ MATR  101 ]      -     83 - u - -
    MR   303   302 3   305     3     1     1    45    64  -8.278  -0.130  -3.596                         -0.114 -0.541 -0.737  0.839 
     D   304   302 3   305     3     0     0    43    62  -7.630  -2.808  -0.231                         
    IR   305   305 3   305     3     1     1    46    65  -1.925  -0.554  -4.164                          0.000  0.000  0.000  0.000 
                                             [ MATR  102 ]      -     82 - a - -
    MR   306   305 3   308     3     1     1    44    63  -8.169  -0.021  -6.487                          0.829 -0.858 -0.960  0.212 
     D   307   305 3   308     3     0     0    42    61  -7.943  -3.120  -0.183                         
    IR   308   308 3   308     3     1     1    45    64  -1.925  -0.554  -4.164                          0.000  0.000  0.000  0.000 
                                             [ MATR  103 ]      -     81 - u - -
    MR   309   308 3   311     3     1     1    43    62  -8.169  -0.021  -6.487                          0.025 -0.763  0.068  0.428 
     D   310   308 3   311     3     0     0    41    60  -7.943  -2.581  -0.271                         
    IR   311   311 3   311     3     1     1    44    63  -1.925  -0.554  -4.164                          0.000  0.000  0.000  0.000 
                                             [ MATR  104 ]      -     80 - a - -
    MR   312   311 3   314     3     1     1    42    61  -8.199  -0.021  -6.517                          0.483 -0.550 -0.928  0.479 
     D   313   311 3   314     3     0     0    41    60  -7.865  -1.277  -0.778                         
    IR   314   314 3   314     3     1     1    43    62  -1.925  -0.554  -4.164                          0.000  0.000  0.000  0.000 
                                             [ MATR  105 ]      -     79 - U - -
    MR   315   314 3   317     3     1     1    41    60  -8.347  -0.038  -5.433                         -0.335 -0.757 -0.987  1.078 
     D   316   314 3   317     3     0     0    39    58  -7.369  -2.546  -0.281                         
    IR   317   317 3   317     3     1     1    42    61  -1.925  -0.554  -4.164                          0.000  0.000  0.000  0.000 
                                             [ MATR  106 ]      -     78 - u - -
    MR   318   317 3   320     3     1     1    40    59  -5.754  -0.121  -4.020                         -0.120 -0.714 -0.623  0.865 
     D   319   317 3   320     3     0     0    38    57  -7.447  -2.625  -0.265                         
    IR   320   320 3   320     3     1     1    41    60  -1.995  -0.523  -4.233                          0.000  0.000  0.000  0.000 
                                             [ MATR  107 ]      -     76 - u - -
    MR   321   320 3   323     3     1     1    39    58  -8.252  -0.020  -6.569                         -0.200 -0.298 -0.878  0.825 
     D   322   320 3   323     3     0     0    37    56  -7.714  -2.484  -0.293                         
    IR   323   323 3   323     3     1     1    40    59  -1.925  -0.554  -4.164                          0.000  0.000  0.000  0.000 
                                             [ MATR  108 ]      -     75 - U - -
    MR   324   323 3   326     3     1     1    38    57  -5.515  -0.382  -2.248                         -0.494 -0.533 -0.875  1.038 
     D   325   323 3   326     3     0     0    37    56  -7.649  -1.144  -0.883                         
    IR   326   326 3   326     3     1     1    39    58  -2.006  -0.518  -4.244                          0.000  0.000  0.000  0.000 
                                             [ MATR  109 ]      -     73 - A - -
    MR   327   326 3   329     3     1     1    37    56  -8.111  -0.022  -6.429                          1.182 -1.152 -0.811 -0.491 
     D   328   326 3   329     3     0     0    36    55  -8.078  -0.755  -1.309                         
    IR   329   329 3   329     3     1     1    38    57  -1.925  -0.554  -4.164                          0.000  0.000  0.000  0.000 
                                             [ MATR  110 ]      -     72 - U - -
    MR   330   329 3   332     3     1     1    36    55  -8.402  -0.018  -6.720                         -0.691 -0.228 -1.357  1.095 
     D   331   329 3   332     3     0     0    35    54  -7.112  -0.741  -1.342                         
    IR   332   332 3   332     3     1     1    37    56  -1.925  -0.554  -4.164                          0.000  0.000  0.000  0.000 
                                             [ MATR  111 ]      -     71 - C - -
    MR   333   332 3   335     3     1     1    35    54  -8.507  -0.017  -6.825                         -2.140  1.716 -2.972 -1.474 
     D   334   332 3   335     3     0     0    34    53  -6.390  -1.568  -0.620                         
    IR   335   335 3   335     3     1     1    36    55  -1.925  -0.554  -4.164                          0.000  0.000  0.000  0.000 
                                             [ MATR  112 ]      -     70 - g - -
    MR   336   335 3   338     3     1     1    34    53  -8.507  -0.017  -6.825                          0.411 -1.643  0.903 -1.057 
     D   337   335 3   338     3     0     0    33    52  -6.390  -1.568  -0.620                         
    IR   338   338 3   338     3     1     1    35    54  -1.925  -0.554  -4.164                          0.000  0.000  0.000  0.000 
                                             [ MATR  113 ]      -     69 - G - -
    MR   339   338 3   341     5     1     1    33    52  -7.236  -0.035  -7.052  -7.264  -8.155         -1.590 -2.961  1.742 -2.362 
     D   340   338 3   341     5     0     0    32    51  -5.352  -0.707  -2.978  -4.409  -2.404         
    IR   341   341 3   341     5     1     1    34    53  -2.408  -0.496  -5.920  -4.087  -5.193          0.000  0.000  0.000  0.000 
                                             [ MATP  114 ]     51     68 G U - -
    MP   342   341 3   346     6     2     2    32    51  -9.176  -9.116  -0.020  -7.892  -8.172  -8.567 -3.703 -2.461 -3.888  1.661 -4.865 -5.430 -0.458 -3.958 -3.550  1.203 -4.085  3.036 -0.708 -4.546 -2.381 -2.586 
    ML   343   341 3   346     6     1     1    31    50  -6.250  -6.596  -1.310  -1.005  -6.446  -3.975  0.368 -0.385 -0.191  0.094 
    MR   344   341 3   346     6     1     1    31    50  -6.988  -5.717  -1.625  -5.695  -0.829  -3.908  0.368 -0.385 -0.191  0.094 
     D   345   341 3   346     6     0     0    29    48  -9.049  -7.747  -3.544  -4.226  -4.244  -0.319 
    IL   346   346 5   346     6     1     1    32    51  -2.579  -2.842  -0.760  -4.497  -5.274  -4.934  0.000  0.000  0.000  0.000 
    IR   347   347 6   347     5     1     1    32    51  -2.408  -0.496  -5.920  -4.087  -5.193          0.000  0.000  0.000  0.000 
                                             [ MATP  115 ]     52     67 C G - -
    MP   348   347 6   352     6     2     2    30    49  -9.176  -9.116  -0.020  -7.892  -8.172  -8.567 -4.621 -4.625 -2.865 -1.049 -3.168 -5.162  3.700 -4.465 -4.643 -0.863 -4.974 -2.739 -0.164 -4.835 -1.579 -3.592 
    ML   349   347 6   352     6     1     1    30    49  -6.250  -6.596  -1.310  -1.005  -6.446  -3.975  0.368 -0.385 -0.191  0.094 
    MR   350   347 6   352     6     1     1    29    49  -6.988  -5.717  -1.625  -5.695  -0.829  -3.908  0.368 -0.385 -0.191  0.094 
     D   351   347 6   352     6     0     0    28    47  -9.049  -7.747  -3.544  -4.226  -4.244  -0.319 
    IL   352   352 5   352     6     1     1    30    49  -2.579  -2.842  -0.760  -4.497  -5.274  -4.934  0.000  0.000  0.000  0.000 
    IR   353   353 6   353     5     1     1    30    49  -2.408  -0.496  -5.920  -4.087  -5.193          0.000  0.000  0.000  0.000 
                                             [ MATP  116 ]     53     66 C G - -
    MP   354   353 6   358     4     2     2    28    47  -7.122  -7.329  -0.061  -5.151                 -4.894 -4.890 -4.592 -1.102 -2.446 -4.995  3.661 -4.153 -4.664 -0.913 -4.901 -2.901  0.212 -4.966 -1.042 -3.505 
    ML   355   353 6   358     4     1     1    29    48  -3.758  -3.940  -0.507  -2.670                  0.368 -0.385 -0.191  0.094 
    MR   356   353 6   358     4     1     1    29    48  -4.809  -3.838  -1.706  -0.766                  0.368 -0.385 -0.191  0.094 
     D   357   353 6   358     4     0     0    28    47  -4.568  -4.250  -2.265  -0.520                 
    IL   358   358 5   358     4     1     1    30    50  -1.686  -2.369  -1.117  -4.855                  0.000  0.000  0.000  0.000 
    IR   359   359 6   359     3     1     1    29    48  -1.442  -0.798  -4.142                          0.000  0.000  0.000  0.000 
                                             [ MATL  117 ]     54      - C - - -
    ML   360   359 6   362     3     1     1    26    44  -8.114  -0.019  -6.768                         -2.109  1.710 -2.940 -1.449 
     D   361   359 6   362     3     0     0    25    44  -6.301  -1.440  -0.692                         
    IL   362   362 3   362     3     1     1    28    47  -1.442  -0.798  -4.142                          0.000  0.000  0.000  0.000 
                                             [ MATL  118 ]     55      - G - - -
    ML   363   362 3   365     3     1     1    24    43  -8.127  -0.018  -6.781                         -0.982 -1.525  1.465 -1.378 
     D   364   362 3   365     3     0     0    23    42  -6.174  -1.687  -0.566                         
    IL   365   365 3   365     3     1     1    27    46  -1.442  -0.798  -4.142                          0.000  0.000  0.000  0.000 
                                             [ MATL  119 ]     56      - U - - -
    ML   366   365 3   368     3     1     1    23    42  -8.127  -0.018  -6.781                         -1.792 -1.735 -2.539  1.695 
     D   367   365 3   368     3     0     0    22    41  -6.174  -1.687  -0.566                         
    IL   368   368 3   368     3     1     1    26    45  -1.442  -0.798  -4.142                          0.000  0.000  0.000  0.000 
                                             [ MATL  120 ]     57      - U - - -
    ML   369   368 3   371     3     1     1    22    41  -8.127  -0.031  -5.802                         -1.792 -1.735 -2.539  1.695 
     D   370   368 3   371     3     0     0    21    40  -6.174  -1.687  -0.566                         
    IL   371   371 3   371     3     1     1    25    44  -1.442  -0.798  -4.142                          0.000  0.000  0.000  0.000 
                                             [ MATL  121 ]     58      - A - - -
    ML   372   371 3   374     3     1     1    21    40  -8.114  -0.019  -6.768                          1.777 -2.675 -2.277 -2.248 
     D   373   371 3   374     3     0     0    20    39  -6.300  -1.441  -0.692                         
    IL   374   374 3   374     3     1     1    24    43  -1.442  -0.798  -4.142                          0.000  0.000  0.000  0.000 
                                             [ MATL  122 ]     59      - A - - -
    ML   375   374 3   377     3     1     1    20    39  -8.127  -0.018  -6.781                          1.781 -2.701 -2.300 -2.277 
     D   376   374 3   377     3     0     0    19    38  -6.174  -1.687  -0.566                         
    IL   377   377 3   377     3     1     1    23    42  -1.442  -0.798  -4.142                          0.000  0.000  0.000  0.000 
                                             [ MATL  123 ]     60      - A - - -
    ML   378   377 3   380     3     1     1    19    37  -8.127  -0.018  -6.781                          1.781 -2.701 -2.300 -2.277 
     D   379   377 3   380     3     0     0    18    37  -6.174  -1.687  -0.566                         
    IL   380   380 3   380     3     1     1    22    41  -1.442  -0.798  -4.142                          0.000  0.000  0.000  0.000 
                                             [ MATL  124 ]     61      - A - - -
    ML   381   380 3   383     3     1     1    17    36  -8.127  -0.018  -6.781                          1.781 -2.701 -2.300 -2.277 
     D   382   380 3   383     3     0     0    17    36  -6.174  -1.687  -0.566                         
    IL   383   383 3   383     3     1     1    21    40  -1.442  -0.798  -4.142                          0.000  0.000  0.000  0.000 
                                             [ MATL  125 ]     62      - A - - -
    ML   384   383 3   386     3     1     1    16    35  -8.127  -0.018  -6.781                          1.781 -2.701 -2.300 -2.277 
     D   385   383 3   386     3     0     0    16    34  -6.174  -1.687  -0.566                         
    IL   386   386 3   386     3     1     1    20    38  -1.442  -0.798  -4.142                          0.000  0.000  0.000  0.000 
                                             [ MATL  126 ]     63      - G - - -
    ML   387   386 3   389     3     1     1    15    33  -8.127  -0.018  -6.781                         -1.475 -2.443  1.684 -2.036 
     D   388   386 3   389     3     0     0    15    33  -6.174  -1.687  -0.566                         
    IL   389   389 3   389     3     1     1    19    37  -1.442  -0.798  -4.142                          0.000  0.000  0.000  0.000 
                                             [ MATL  127 ]     64      - A - - -
    ML   390   389 3   392     3     1     1    13    31  -8.127  -0.018  -6.781                          1.781 -2.701 -2.300 -2.277 
     D   391   389 3   392     3     0     0    13    32  -6.174  -1.687  -0.566                         
    IL   392   392 3   392     3     1     1    18    36  -1.442  -0.798  -4.142                          0.000  0.000  0.000  0.000 
                                             [ MATL  128 ]     65      - C - - -
    ML   393   392 3   395     2     1     1     1     1       *   0.000                                 -2.140  1.716 -2.972 -1.474 
     D   394   392 3   395     2     0     0     0     0       *   0.000                                 
    IL   395   395 3   395     2     1     1    13    28  -1.823  -0.479                                  0.000  0.000  0.000  0.000 
                                             [ END   129 ]      -      - - - - -
     E   396   395 3    -1     0     0     0     0     0                                                 
//
HMMER3/f [3.1b3 | July 2016]
NAME  at_nt_sprg_sprf_sr75_round5_0001
LENG  131
MAXL  243
ALPH  RNA
RF    no
MM    no
CONS  yes
CS    yes
MAP   yes
DATE  Sun Mar  1 18:36:10 2020
COM   [1] cmbuild /home/co78wid/projects/master/results/ta_systems/sprg_sprf/sprg_sprf_sr75/2_structure_analysis/infernal_search/at_nt_sprg_sprf_sr75_cmbuild.txt /home/co78wid/projects/master/results/ta_systems/sprg_sprf/sprg_sprf_sr75/1_sequence_analysis/fold/at_nt_sprg_sprf_sr75_round5.stk
NSEQ  51
EFFN  1.702698
CKSUM 497093354
STATS LOCAL MSV       -9.6797  0.71801
STATS LOCAL VITERBI  -11.3134  0.71801
STATS LOCAL FORWARD   -2.6839  0.71801
HMM          A        C        G        U   
            m->m     m->i     m->d     i->m     i->i     d->m     d->d
  COMPO   1.10363  1.63595  1.61744  1.29040
          1.38629  1.38629  1.38629  1.38629
          0.19027  3.75551  1.89797  1.46634  0.26236  0.00000        *
      1   1.94290  2.03094  2.41841  0.45187      1 U - - :
          1.38629  1.38629  1.38629  1.38629
          0.05504  3.62028  3.62028  1.46634  0.26236  2.12918  0.12662
      2   0.35803  2.49872  2.29601  2.13624      2 A - - :
          1.38629  1.38629  1.38629  1.38629
          0.05504  3.62028  3.62028  1.46634  0.26236  2.12918  0.12662
      3   1.94290  2.03094  2.41841  0.45187      3 U - - :
          1.38629  1.38629  1.38629  1.38629
          0.05504  3.62028  3.62028  1.46634  0.26236  2.12918  0.12662
      4   0.35803  2.49872  2.29601  2.13624      4 A - - :
          1.38629  1.38629  1.38629  1.38629
          0.05504  3.62028  3.62028  1.46634  0.26236  2.12918  0.12662
      5   1.37415  1.82758  1.59467  0.95928      5 u - - :
          1.38629  1.38629  1.38629  1.38629
          0.05504  3.62028  3.62028  1.46634  0.26236  2.12918  0.12662
      6   0.40164  2.40436  2.24915  2.00272      6 A - - :
          1.38629  1.38629  1.38629  1.38629
          0.05378  3.64278  3.64278  1.46634  0.26236  2.12918  0.12662
      7   1.82750  1.79161  2.31741  0.55519      7 U - - :
          1.38629  1.38629  1.38629  1.38629
          0.05378  3.64278  3.64278  1.46634  0.26236  1.32174  0.31016
      8   0.32230  2.58729  2.37625  2.23121      8 A - - :
          1.38629  1.38629  1.38629  1.38629
          0.06584  3.26060  3.67479  1.02845  0.44248  1.96932  0.15030
      9   1.47784  2.07806  0.78076  1.66792     10 g - - :
          1.38629  1.38629  1.38629  1.38629
          0.05204  3.67479  3.67479  1.46634  0.26236  1.96932  0.15030
     10   0.32230  2.58729  2.37625  2.23121     11 A - - :
          1.38629  1.38629  1.38629  1.38629
          0.05204  3.67479  3.67479  1.46634  0.26236  1.96932  0.15030
     11   0.26820  2.74564  2.51909  2.40233     12 A - - :
          1.38629  1.38629  1.38629  1.38629
          0.04726  3.76880  3.76880  1.46634  0.26236  1.96932  0.15030
     12   0.26820  2.74564  2.51909  2.40233     13 A - - :
          1.38629  1.38629  1.38629  1.38629
          0.04726  3.76880  3.76880  1.46634  0.26236  1.96932  0.15030
     13   0.38398  2.50513  2.11323  2.15123     14 A - - :
          1.38629  1.38629  1.38629  1.38629
          0.06675  3.76880  3.18226  1.46634  0.26236  1.96932  0.15030
     14   0.48717  2.30269  2.00944  1.88663     15 A - - :
          1.38629  1.38629  1.38629  1.38629
          0.04817  3.75021  3.75021  1.46634  0.26236  1.48834  0.25586
     15   1.44427  2.45821  0.60095  2.03866     16 G - - :
          1.38629  1.38629  1.38629  1.38629
          0.04726  3.76880  3.76880  1.46634  0.26236  1.96932  0.15030
     16   1.76391  2.27832  0.53938  1.94450     17 G - - :
          1.38629  1.38629  1.38629  1.38629
          0.06802  3.76880  3.15406  1.46634  0.26236  1.96932  0.15030
     17   1.29295  2.35544  0.72071  1.93599     18 g - - :
          1.38629  1.38629  1.38629  1.38629
          0.04823  3.74901  3.74901  1.46634  0.26236  1.46658  0.26229
     18   1.83411  0.55399  2.48801  1.70090     19 C - - :
          1.38629  1.38629  1.38629  1.38629
          0.04726  3.76880  3.76880  1.46634  0.26236  1.96932  0.15030
     19   0.67891  2.14357  1.65925  1.68570     20 A - - :
          1.38629  1.38629  1.38629  1.38629
          0.04726  3.76880  3.76880  1.46634  0.26236  1.96932  0.15030
     20   0.26820  2.74564  2.51909  2.40233     21 A - - :
          1.38629  1.38629  1.38629  1.38629
          0.04726  3.76880  3.76880  1.46634  0.26236  1.96932  0.15030
     21   1.93099  0.64363  2.47943  1.40314     22 C - - :
          1.38629  1.38629  1.38629  1.38629
          0.04726  3.76880  3.76880  1.46634  0.26236  1.96932  0.15030
     22   0.26820  2.74564  2.51909  2.40233     23 A - - :
          1.38629  1.38629  1.38629  1.38629
          0.04726  3.76880  3.76880  1.46634  0.26236  1.96932  0.15030
     23   1.76768  1.23116  2.28715  0.83066     24 u - - :
          1.38629  1.38629  1.38629  1.38629
          0.04726  3.76880  3.76880  1.46634  0.26236  1.96932  0.15030
     24   1.06122  2.15772  1.03752  1.69258     25 g - - :
          1.38629  1.38629  1.38629  1.38629
          0.26572  1.55938  3.76880  0.20670  1.67807  1.20861  0.35469
     25   1.75871  0.63771  2.27621  1.62679     27 C - - :
          1.38629  1.38629  1.38629  1.38629
          0.07322  3.03406  3.79476  1.03130  0.44090  1.79609  0.18146
     26   0.88466  2.03793  1.29017  1.70583     30 a - - :
          1.38629  1.38629  1.38629  1.38629
          0.04602  3.79476  3.79476  1.46634  0.26236  1.79609  0.18146
     27   1.52794  1.44697  1.52182  1.11042     31 u - - :
          1.38629  1.38629  1.38629  1.38629
          0.04602  3.79476  3.79476  1.46634  0.26236  1.79609  0.18146
     28   0.55808  2.28510  1.75018  1.88264     32 A - - :
          1.38629  1.38629  1.38629  1.38629
          0.04602  3.79476  3.79476  1.46634  0.26236  1.79609  0.18146
     29   0.61817  1.93367  2.10938  1.63404     33 A - - :
          1.38629  1.38629  1.38629  1.38629
          0.04602  3.79476  3.79476  1.46634  0.26236  1.79609  0.18146
     30   0.73489  2.25403  1.35088  1.85499     34 a - - :
          1.38629  1.38629  1.38629  1.38629
          0.04602  3.79476  3.79476  1.46634  0.26236  1.79609  0.18146
     31   1.80267  0.94590  2.33846  1.04887     35 c - - :
          1.38629  1.38629  1.38629  1.38629
          0.04602  3.79476  3.79476  1.46634  0.26236  1.79609  0.18146
     32   0.81678  2.24588  1.22565  1.84045     36 a - - :
          1.38629  1.38629  1.38629  1.38629
          0.04602  3.79476  3.79476  1.46634  0.26236  1.79609  0.18146
     33   1.94163  1.79145  2.44390  0.50585     37 U - - :
          1.38629  1.38629  1.38629  1.38629
          0.04602  3.79476  3.79476  1.46634  0.26236  1.79609  0.18146
     34   1.03670  2.28116  0.94540  1.86636     38 g - - :
          1.38629  1.38629  1.38629  1.38629
          0.04602  3.79476  3.79476  1.46634  0.26236  1.79609  0.18146
     35   2.01481  1.94103  2.51463  0.44285     39 U - - :
          1.38629  1.38629  1.38629  1.38629
          0.04602  3.79476  3.79476  1.46634  0.26236  1.79609  0.18146
     36   1.78778  1.03259  2.31900  0.97230     40 u - - :
          1.38629  1.38629  1.38629  1.38629
          0.04602  3.79476  3.79476  1.46634  0.26236  1.79609  0.18146
     37   0.95858  2.26058  1.03640  1.84805     41 a - - :
          1.38629  1.38629  1.38629  1.38629
          0.04602  3.79476  3.79476  1.46634  0.26236  1.79609  0.18146
     38   2.30852  0.35234  2.86739  1.96109     42 C - - :
          1.38629  1.38629  1.38629  1.38629
          0.14203  3.79476  2.20802  1.46634  0.26236  1.79609  0.18146
     39   1.97294  0.55731  2.51844  1.57203     43 C - - :
          1.38629  1.38629  1.38629  1.38629
          0.05054  3.70327  3.70327  1.46634  0.26236  0.38773  1.13506
     40   2.16446  0.45325  2.72550  1.69220     44 C - - :
          1.38629  1.38629  1.38629  1.38629
          0.04415  3.83530  3.83530  1.46634  0.26236  1.43182  0.27296
     41   1.47602  1.49369  2.15127  0.84263     45 u - - :
          1.38629  1.38629  1.38629  1.38629
          0.04415  3.83530  3.83530  1.46634  0.26236  1.43182  0.27296
     42   0.43259  2.24833  2.27656  1.94517     46 A - - :
          1.38629  1.38629  1.38629  1.38629
          0.04415  3.83530  3.83530  1.46634  0.26236  1.43182  0.27296
     43   0.94525  1.87411  1.43594  1.51396     47 a - - :
          1.38629  1.38629  1.38629  1.38629
          0.04415  3.83530  3.83530  1.46634  0.26236  1.43182  0.27296
     44   2.26315  2.28802  2.76305  0.31278     48 U - - :
          1.38629  1.38629  1.38629  1.38629
          0.04415  3.83530  3.83530  1.46634  0.26236  1.43182  0.27296
     45   1.95566  2.86548  0.33558  2.44588     49 G - - :
          1.38629  1.38629  1.38629  1.38629
          0.04415  3.83530  3.83530  1.46634  0.26236  0.64960  0.73867
     46   0.32166  2.65154  2.24858  2.31298     50 A - - :
          1.38629  1.38629  1.38629  1.38629
          0.04302  3.86060  3.86060  1.46634  0.26236  1.09861  0.40547
     47   1.49123  2.52408  0.50734  2.37865     51 G - - <
          1.38629  1.38629  1.38629  1.38629
          0.04302  3.86060  3.86060  1.46634  0.26236  1.09861  0.40547
     48   2.66184  0.32835  2.51607  2.04570     52 C - - <
          1.38629  1.38629  1.38629  1.38629
          0.04302  3.86060  3.86060  1.46634  0.26236  1.09861  0.40547
     49   2.87349  0.32872  2.63271  1.88538     53 C - - <
          1.38629  1.38629  1.38629  1.38629
          0.05192  3.86060  3.52194  1.46634  0.26236  1.09861  0.40547
     50   2.42703  0.31008  2.99175  2.05485     54 C - - _
          1.38629  1.38629  1.38629  1.38629
          0.04340  3.85208  3.85208  1.46634  0.26236  0.88602  0.53153
     51   1.85641  2.30475  0.47656  2.09502     55 G - - _
          1.38629  1.38629  1.38629  1.38629
          0.04302  3.86060  3.86060  1.46634  0.26236  1.09861  0.40547
     52   2.30349  2.32103  2.80583  0.29913     56 U - - _
          1.38629  1.38629  1.38629  1.38629
          0.04302  3.86060  3.86060  1.46634  0.26236  1.09861  0.40547
     53   2.30349  2.32103  2.80583  0.29913     57 U - - _
          1.38629  1.38629  1.38629  1.38629
          0.05189  3.86060  3.52309  1.46634  0.26236  1.09861  0.40547
     54   0.22740  2.89121  2.65008  2.56085     58 A - - _
          1.38629  1.38629  1.38629  1.38629
          0.04340  3.85211  3.85211  1.46634  0.26236  0.88669  0.53106
     55   0.22358  2.90629  2.66363  2.57731     59 A - - _
          1.38629  1.38629  1.38629  1.38629
          0.04302  3.86060  3.86060  1.46634  0.26236  1.09861  0.40547
     56   0.22358  2.90629  2.66363  2.57731     60 A - - _
          1.38629  1.38629  1.38629  1.38629
          0.04302  3.86060  3.86060  1.46634  0.26236  1.09861  0.40547
     57   0.22358  2.90629  2.66363  2.57731     61 A - - _
          1.38629  1.38629  1.38629  1.38629
          0.04302  3.86060  3.86060  1.46634  0.26236  1.09861  0.40547
     58   0.22358  2.90629  2.66363  2.57731     62 A - - _
          1.38629  1.38629  1.38629  1.38629
          0.04302  3.86060  3.86060  1.46634  0.26236  1.09861  0.40547
     59   2.12454  2.80869  0.30738  2.46679     63 G - - _
          1.38629  1.38629  1.38629  1.38629
          0.04302  3.86060  3.86060  1.46634  0.26236  1.09861  0.40547
     60   0.22358  2.90629  2.66363  2.57731     64 A - - _
          1.38629  1.38629  1.38629  1.38629
          0.04302  3.86060  3.86060  1.46634  0.26236  1.09861  0.40547
     61   2.44500  0.30421  3.01051  2.06909     65 C - - _
          1.38629  1.38629  1.38629  1.38629
          0.04302  3.86060  3.86060  1.46634  0.26236  1.09861  0.40547
     62   2.11276  2.79497  0.29150  2.64734     66 G - - >
          1.38629  1.38629  1.38629  1.38629
          0.04302  3.86060  3.86060  1.46634  0.26236  1.09861  0.40547
     63   2.26356  2.68246  0.28805  2.55227     67 G - - >
          1.38629  1.38629  1.38629  1.38629
          0.04302  3.86060  3.86060  1.46634  0.26236  1.09861  0.40547
     64   2.60280  1.57275  2.33291  0.47570     68 U - - >
          1.38629  1.38629  1.38629  1.38629
          0.04302  3.86060  3.86060  1.46634  0.26236  1.09861  0.40547
     65   2.18940  3.05961  0.26189  2.63780     69 G - - :
          1.38629  1.38629  1.38629  1.38629
          0.04302  3.86060  3.86060  1.46634  0.26236  1.09861  0.40547
     66   1.10723  2.35866  0.83952  1.94447     70 g - - :
          1.38629  1.38629  1.38629  1.38629
          0.04302  3.86060  3.86060  1.46634  0.26236  1.09861  0.40547
     67   2.44500  0.30421  3.01051  2.06909     71 C - - :
          1.38629  1.38629  1.38629  1.38629
          0.12042  3.86060  2.38170  1.46634  0.26236  1.09861  0.40547
     68   1.74194  1.53345  2.20585  0.69540     72 u - - :
          1.38629  1.38629  1.38629  1.38629
          0.23591  3.75964  1.67740  1.46634  0.26236  1.85444  0.17024
     69   0.62815  2.09892  1.88332  1.65156     73 A - - :
          1.38629  1.38629  1.38629  1.38629
          0.09028  2.89873  3.46645  0.90261  0.52005  0.37589  1.16053
     70   1.63179  1.70820  1.93253  0.73721     75 u - - :
          1.38629  1.38629  1.38629  1.38629
          0.06614  3.69465  3.24052  1.46634  0.26236  1.64900  0.21349
     71   1.47699  1.58423  1.94361  0.85947     76 u - - :
          1.38629  1.38629  1.38629  1.38629
          0.06937  3.17486  3.68026  0.95176  0.48786  0.59011  0.80804
     72   1.43128  1.82011  1.79258  0.83827     78 u - - :
          1.38629  1.38629  1.38629  1.38629
          0.04896  3.73429  3.73429  1.46634  0.26236  0.81978  0.58076
     73   1.54542  1.83234  1.99507  0.71185     79 u - - :
          1.38629  1.38629  1.38629  1.38629
          0.15855  3.74793  2.09512  1.46634  0.26236  1.09861  0.40547
     74   1.07020  1.73961  1.96911  1.07327     80 a - - :
          1.38629  1.38629  1.38629  1.38629
          0.07604  3.64314  3.05660  1.46634  0.26236  1.97708  0.14905
     75   1.34394  1.86396  1.37005  1.10857     81 u - - :
          1.38629  1.38629  1.38629  1.38629
          0.05494  3.62204  3.62204  1.46634  0.26236  2.08186  0.13319
     76   0.85212  1.92216  1.97938  1.24117     82 a - - :
          1.38629  1.38629  1.38629  1.38629
          0.05494  3.62204  3.62204  1.46634  0.26236  0.70071  0.68564
     77   1.42863  1.72333  1.86218  0.85201     83 u - - :
          1.38629  1.38629  1.38629  1.38629
          0.06203  3.69867  3.34137  1.46634  0.26236  0.50556  0.92424
     78   1.23125  1.88116  2.07495  0.84375     84 u - - :
          1.38629  1.38629  1.38629  1.38629
          0.04879  3.73776  3.73776  1.46634  0.26236  0.87511  0.53925
     79   0.51182  2.23831  2.09423  1.76729     85 A - - :
          1.38629  1.38629  1.38629  1.38629
          0.04828  3.74793  3.74793  1.46634  0.26236  1.09861  0.40547
     80   0.63825  2.12305  1.84898  1.63619     86 A - - :
          1.38629  1.38629  1.38629  1.38629
          0.04828  3.74793  3.74793  1.46634  0.26236  1.09861  0.40547
     81   1.38158  1.89760  2.13724  0.73208     87 u - - :
          1.38629  1.38629  1.38629  1.38629
          0.04828  3.74793  3.74793  1.46634  0.26236  1.09861  0.40547
     82   1.46621  1.97804  1.09737  1.21363     88 g - - :
          1.38629  1.38629  1.38629  1.38629
          0.09652  3.74793  2.68184  1.46634  0.26236  1.09861  0.40547
     83   0.48208  2.34947  1.90405  1.97962     89 A - - :
          1.38629  1.38629  1.38629  1.38629
          0.05061  3.70202  3.70202  1.46634  0.26236  0.52396  0.89691
     84   1.51820  1.88394  2.02907  0.69827     90 u - - :
          1.38629  1.38629  1.38629  1.38629
          0.04828  3.74793  3.74793  1.46634  0.26236  1.09861  0.40547
     85   1.65172  1.76947  2.23308  0.63363     91 U - - :
          1.38629  1.38629  1.38629  1.38629
          0.05998  3.74793  3.36256  1.46634  0.26236  1.09861  0.40547
     86   0.84699  1.97994  1.67285  1.40444     92 a - - :
          1.38629  1.38629  1.38629  1.38629
          0.04883  3.73679  3.73679  1.46634  0.26236  0.85883  0.55105
     87   0.86797  1.94824  2.03249  1.18200     93 a - - :
          1.38629  1.38629  1.38629  1.38629
          0.04828  3.74793  3.74793  1.46634  0.26236  1.09861  0.40547
     88   0.73285  1.90543  1.97685  1.46016     94 a - - :
          1.38629  1.38629  1.38629  1.38629
          0.04828  3.74793  3.74793  1.46634  0.26236  1.09861  0.40547
     89   1.41133  1.90187  2.15025  0.71246     95 u - - :
          1.38629  1.38629  1.38629  1.38629
          0.21297  1.78228  3.74793  0.79196  0.60322  1.09861  0.40547
     90   0.27944  2.70992  2.48691  2.36360     98 A - - :
          1.38629  1.38629  1.38629  1.38629
          0.04828  3.74793  3.74793  1.46634  0.26236  1.09861  0.40547
     91   0.81432  1.97298  2.04030  1.24470     99 a - - :
          1.38629  1.38629  1.38629  1.38629
          0.04828  3.74793  3.74793  1.46634  0.26236  1.09861  0.40547
     92   1.22518  1.48030  2.02792  1.05809    100 u - - :
          1.38629  1.38629  1.38629  1.38629
          0.04828  3.74793  3.74793  1.46634  0.26236  1.09861  0.40547
     93   0.77588  1.55716  2.05106  1.60760    101 a - - :
          1.38629  1.38629  1.38629  1.38629
          0.23043  1.70242  3.74793  1.84793  0.17146  1.09861  0.40547
     94   0.43138  2.35522  2.26105  1.88867    109 A - - :
          1.38629  1.38629  1.38629  1.38629
          0.04828  3.74793  3.74793  1.46634  0.26236  1.09861  0.40547
     95   1.76123  1.01332  2.28988  1.01095    110 u - - :
          1.38629  1.38629  1.38629  1.38629
          0.04828  3.74793  3.74793  1.46634  0.26236  1.09861  0.40547
     96   2.21506  0.39063  2.76856  1.88736    111 C - - :
          1.38629  1.38629  1.38629  1.38629
          0.04828  3.74793  3.74793  1.46634  0.26236  1.09861  0.40547
     97   0.80158  1.97960  2.04283  1.26021    112 a - - :
          1.38629  1.38629  1.38629  1.38629
          0.04828  3.74793  3.74793  1.46634  0.26236  1.09861  0.40547
     98   1.32227  1.73119  2.07849  0.84101    113 u - - :
          1.38629  1.38629  1.38629  1.38629
          0.06982  3.74793  3.12638  1.46634  0.26236  1.09861  0.40547
     99   1.48972  0.94063  2.16911  1.30969    114 c - - :
          1.38629  1.38629  1.38629  1.38629
          0.51190  1.30150  2.05166  0.16829  1.86505  0.72958  0.65799
    100   0.65358  1.99352  1.82258  1.70378    116 A - - :
          1.38629  1.38629  1.38629  1.38629
          0.05394  3.63996  3.63996  1.46634  0.26236  0.31797  1.30057
    101   0.74705  1.94169  2.04139  1.37466    117 a - - :
          1.38629  1.38629  1.38629  1.38629
          0.08626  3.74793  2.82892  1.46634  0.26236  1.09861  0.40547
    102   0.81055  1.67205  1.83435  1.57113    118 a - - :
          1.38629  1.38629  1.38629  1.38629
          0.06498  3.25765  3.71178  0.99414  0.46210  0.58658  0.81245
    103   1.85154  0.74739  2.39353  1.27979    120 c - - :
          1.38629  1.38629  1.38629  1.38629
          0.06736  3.74793  3.18021  1.46634  0.26236  1.09861  0.40547
    104   1.66691  0.95367  2.23123  1.14429    121 c - - :
          1.38629  1.38629  1.38629  1.38629
          0.04919  3.72976  3.72976  1.46634  0.26236  0.75783  0.63240
    105   1.16418  1.60995  1.39181  1.43004    122 a - - :
          1.38629  1.38629  1.38629  1.38629
          0.04828  3.74793  3.74793  1.46634  0.26236  1.09861  0.40547
    106   1.57528  2.18977  0.69123  1.71398    123 G - - :
          1.38629  1.38629  1.38629  1.38629
          0.04828  3.74793  3.74793  1.46634  0.26236  1.09861  0.40547
    107   1.79028  0.88937  2.32528  1.12573    124 c - - :
          1.38629  1.38629  1.38629  1.38629
          0.04828  3.74793  3.74793  1.46634  0.26236  1.09861  0.40547
    108   2.21506  0.39063  2.76856  1.88736    125 C - - :
          1.38629  1.38629  1.38629  1.38629
          0.04828  3.74793  3.74793  1.46634  0.26236  1.09861  0.40547
    109   0.27944  2.70992  2.48691  2.36360    126 A - - :
          1.38629  1.38629  1.38629  1.38629
          0.04828  3.74793  3.74793  1.46634  0.26236  1.09861  0.40547
    110   0.27944  2.70992  2.48691  2.36360    127 A - - :
          1.38629  1.38629  1.38629  1.38629
          0.04828  3.74793  3.74793  1.46634  0.26236  1.09861  0.40547
    111   0.27944  2.70992  2.48691  2.36360    128 A - - :
          1.38629  1.38629  1.38629  1.38629
          0.04828  3.74793  3.74793  1.46634  0.26236  1.09861  0.40547
    112   2.13865  2.92517  0.29260  2.49850    129 G - - :
          1.38629  1.38629  1.38629  1.38629
          0.04828  3.74793  3.74793  1.46634  0.26236  1.09861  0.40547
    113   1.83505  1.61117  2.33851  0.60831    130 U - - :
          1.38629  1.38629  1.38629  1.38629
          0.04828  3.74793  3.74793  1.46634  0.26236  1.09861  0.40547
    114   1.70975  1.92278  1.92126  0.64157    131 U - - :
          1.38629  1.38629  1.38629  1.38629
          0.08413  3.74793  2.86253  1.46634  0.26236  1.09861  0.40547
    115   0.51774  2.23873  2.02684  1.79702    132 A - - :
          1.38629  1.38629  1.38629  1.38629
          0.10220  2.62051  3.71380  1.04749  0.43204  0.60163  0.79389
    116   1.62632  2.38692  0.58072  1.88427    136 G - - :
          1.38629  1.38629  1.38629  1.38629
          0.08566  2.83831  3.74793  0.67293  0.71378  1.09861  0.40547
    117   1.09953  1.35925  1.89548  1.34755    138 a - - :
          1.38629  1.38629  1.38629  1.38629
          0.04828  3.74793  3.74793  1.46634  0.26236  1.09861  0.40547
    118   1.83293  2.70492  0.39880  2.28222    139 G - - :
          1.38629  1.38629  1.38629  1.38629
          0.04828  3.74793  3.74793  1.46634  0.26236  1.09861  0.40547
    119   0.27944  2.70992  2.48691  2.36360    140 A - - :
          1.38629  1.38629  1.38629  1.38629
          0.04828  3.74793  3.74793  1.46634  0.26236  1.09861  0.40547
    120   1.71511  1.97556  2.30814  0.54141    141 U - - :
          1.38629  1.38629  1.38629  1.38629
          0.04828  3.74793  3.74793  1.46634  0.26236  1.09861  0.40547
    121   2.13865  2.92517  0.29260  2.49850    142 G - - :
          1.38629  1.38629  1.38629  1.38629
          0.04828  3.74793  3.74793  1.46634  0.26236  1.09861  0.40547
    122   1.79895  2.33606  0.49677  2.04540    143 G - - :
          1.38629  1.38629  1.38629  1.38629
          0.04828  3.74793  3.74793  1.46634  0.26236  1.09861  0.40547
    123   2.12808  2.17829  2.61886  0.36411    144 U - - :
          1.38629  1.38629  1.38629  1.38629
          0.04828  3.74793  3.74793  1.46634  0.26236  1.09861  0.40547
    124   2.12808  2.17829  2.61886  0.36411    145 U - - :
          1.38629  1.38629  1.38629  1.38629
          0.04828  3.74793  3.74793  1.46634  0.26236  1.09861  0.40547
    125   0.27944  2.70992  2.48691  2.36360    146 A - - :
          1.38629  1.38629  1.38629  1.38629
          0.04828  3.74793  3.74793  1.46634  0.26236  1.09861  0.40547
    126   2.04243  2.04764  2.53658  0.41232    147 U - - :
          1.38629  1.38629  1.38629  1.38629
          0.04828  3.74793  3.74793  1.46634  0.26236  1.09861  0.40547
    127   2.12808  2.17829  2.61886  0.36411    148 U - - :
          1.38629  1.38629  1.38629  1.38629
          0.04828  3.74793  3.74793  1.46634  0.26236  1.09861  0.40547
    128   2.12808  2.17829  2.61886  0.36411    149 U - - :
          1.38629  1.38629  1.38629  1.38629
          0.04828  3.74793  3.74793  1.46634  0.26236  1.09861  0.40547
    129   2.12808  2.17829  2.61886  0.36411    150 U - - :
          1.38629  1.38629  1.38629  1.38629
          0.04828  3.74793  3.74793  1.46634  0.26236  1.09861  0.40547
    130   2.12808  2.17829  2.61886  0.36411    151 U - - :
          1.38629  1.38629  1.38629  1.38629
          0.04828  3.74793  3.74793  1.46634  0.26236  1.09861  0.40547
    131   2.12808  2.17829  2.61886  0.36411    152 U - - :
          1.38629  1.38629  1.38629  1.38629
          0.02443  3.72408        *  1.46634  0.26236  0.00000        *
//
