INFERNAL1/a [1.1.2 | July 2016]
NAME     t_nt_sprg_sprf_sr75_round5_0001
STATES   419
NODES    111
CLEN     135
W        154
ALPH     RNA
RF       no
CONS     yes
MAP      yes
DATE     Sun Mar  1 19:01:14 2020
COM      [1] cmbuild /home/co78wid/projects/master/results/ta_systems/sprg_sprf/sprg_sprf_sr75/2_structure_analysis/infernal_search/t_nt_sprg_sprf_sr75_cmbuild.txt /home/co78wid/projects/master/results/ta_systems/sprg_sprf/sprg_sprf_sr75/1_sequence_analysis/fold/t_nt_sprg_sprf_sr75_round5.stk
COM      [2] cmcalibrate --cpu 30 /home/co78wid/projects/master/results/ta_systems/sprg_sprf/sprg_sprf_sr75/2_structure_analysis/infernal_search/t_nt_sprg_sprf_sr75_cmbuild.txt
PBEGIN   0.05
PEND     0.05
WBETA    1e-07
QDBBETA1 1e-07
QDBBETA2 1e-15
N2OMEGA  1.52588e-05
N3OMEGA  1.52588e-05
ELSELF   -0.08926734
NSEQ     14
EFFN     0.844238
CKSUM    590243717
NULL     0.000  0.000  0.000  0.000 
EFP7GF   -4.5132 0.71822
ECMLC    0.56323    -9.15731     1.48179     1600000      480368  0.002498
ECMGC    0.35381   -16.30345    -5.61731     1600000       17542  0.022802
ECMLI    0.47556    -7.78107     4.02860     1600000      329804  0.003639
ECMGI    0.40006    -8.27528     1.18232     1600000       17590  0.022740
CM
                                             [ ROOT    0 ]      -      - - - - -
     S     0    -1 0     1     4     1     1   154   175  -6.416  -6.623  -0.077  -5.037                 
    IL     1     1 2     1     4    29    73   157   179  -1.686  -2.369  -1.117  -4.855                  0.000  0.000  0.000  0.000 
    IR     2     2 3     2     3    28    73   156   178  -1.442  -0.798  -4.142                          0.000  0.000  0.000  0.000 
                                             [ MATL    1 ]      1      - A - - -
    ML     3     2 3     5     3    28    72   154   175  -7.478  -0.029  -6.132                          1.404 -1.434 -1.157 -0.901 
     D     4     2 3     5     3    24    68   152   174  -6.174  -1.687  -0.566                         
    IL     5     5 3     5     3    28    72   155   177  -1.442  -0.798  -4.142                          0.000  0.000  0.000  0.000 
                                             [ MATL    2 ]      2      - U - - -
    ML     6     5 3     8     3    27    71   153   174  -7.478  -0.029  -6.132                         -0.654 -0.816 -1.326  1.262 
     D     7     5 3     8     3    23    68   151   173  -6.174  -1.687  -0.566                         
    IL     8     8 3     8     3    27    71   154   176  -1.442  -0.798  -4.142                          0.000  0.000  0.000  0.000 
                                             [ MATL    3 ]      3      - G - - -
    ML     9     8 3    11     3    26    70   152   173  -7.478  -0.029  -6.132                         -0.577 -1.605  1.321 -0.995 
     D    10     8 3    11     3    23    67   150   172  -6.174  -1.687  -0.566                         
    IL    11    11 3    11     3    26    70   153   175  -1.442  -0.798  -4.142                          0.000  0.000  0.000  0.000 
                                             [ MATL    4 ]      4      - g - - -
    ML    12    11 3    14     3    26    69   151   172  -7.478  -0.029  -6.132                         -0.149 -0.799  0.473  0.183 
     D    13    11 3    14     3    22    66   149   171  -6.174  -1.687  -0.566                         
    IL    14    14 3    14     3    25    69   152   174  -1.442  -0.798  -4.142                          0.000  0.000  0.000  0.000 
                                             [ MATL    5 ]      5      - U - - -
    ML    15    14 3    17     3    25    68   150   171  -7.906  -0.057  -4.860                         -0.506 -0.524 -1.200  1.114 
     D    16    14 3    17     3    21    65   148   170  -5.620  -0.734  -1.403                         
    IL    17    17 3    17     3    24    68   150   172  -1.925  -0.554  -4.164                          0.000  0.000  0.000  0.000 
                                             [ MATR    6 ]      -    136 - A - -
    MR    18    17 3    20     3    24    68   149   170  -7.875  -0.026  -6.193                          1.372 -1.374 -1.101 -0.837 
     D    19    17 3    20     3    20    64   147   168  -6.564  -1.742  -0.534                         
    IR    20    20 3    20     3    24    67   149   171  -1.925  -0.554  -4.164                          0.000  0.000  0.000  0.000 
                                             [ MATR    7 ]      -    135 - A - -
    MR    21    20 3    23     3    24    67   148   169  -7.875  -0.026  -6.193                          1.372 -1.374 -1.101 -0.837 
     D    22    20 3    23     3    19    63   146   167  -6.564  -1.742  -0.534                         
    IR    23    23 3    23     3    23    67   148   170  -1.925  -0.554  -4.164                          0.000  0.000  0.000  0.000 
                                             [ MATR    8 ]      -    134 - U - -
    MR    24    23 3    26     3    23    66   147   168  -7.875  -0.026  -6.193                         -0.602 -0.776 -1.268  1.228 
     D    25    23 3    26     3    18    62   145   166  -6.564  -1.742  -0.534                         
    IR    26    26 3    26     3    22    66   147   169  -1.925  -0.554  -4.164                          0.000  0.000  0.000  0.000 
                                             [ MATR    9 ]      -    133 - A - -
    MR    27    26 3    29     3    22    65   146   167  -7.875  -0.026  -6.193                          1.202 -1.179 -0.706 -0.632 
     D    28    26 3    29     3    18    61   144   165  -6.564  -1.742  -0.534                         
    IR    29    29 3    29     3    22    65   146   168  -1.925  -0.554  -4.164                          0.000  0.000  0.000  0.000 
                                             [ MATR   10 ]      -    132 - A - -
    MR    30    29 3    32     3    21    64   145   166  -5.288  -0.087  -4.912                          1.372 -1.374 -1.101 -0.837 
     D    31    29 3    32     3    17    61   143   164  -6.564  -1.742  -0.534                         
    IR    32    32 3    32     3    21    64   145   167  -1.996  -0.523  -4.234                          0.000  0.000  0.000  0.000 
                                             [ MATR   11 ]      -    130 - A - -
    MR    33    32 3    35     3    20    63   144   165  -7.847  -0.027  -6.164                          1.341 -1.318 -1.050 -0.779 
     D    34    32 3    35     3    17    60   142   163  -6.706  -1.455  -0.676                         
    IR    35    35 3    35     3    20    63   144   166  -1.925  -0.554  -4.164                          0.000  0.000  0.000  0.000 
                                             [ MATR   12 ]      -    129 - A - -
    MR    36    35 3    38     3    20    62   143   164  -7.875  -0.026  -6.193                          1.372 -1.374 -1.101 -0.837 
     D    37    35 3    38     3    16    59   141   162  -6.564  -1.742  -0.534                         
    IR    38    38 3    38     3    19    62   143   165  -1.925  -0.554  -4.164                          0.000  0.000  0.000  0.000 
                                             [ MATR   13 ]      -    128 - A - -
    MR    39    38 3    41     3    19    61   142   163  -7.875  -0.026  -6.193                          1.372 -1.374 -1.101 -0.837 
     D    40    38 3    41     3    15    58   140   161  -6.564  -1.742  -0.534                         
    IR    41    41 3    41     3    19    61   142   164  -1.925  -0.554  -4.164                          0.000  0.000  0.000  0.000 
                                             [ MATR   14 ]      -    127 - A - -
    MR    42    41 3    44     3    18    60   141   162  -7.875  -0.026  -6.193                          1.372 -1.374 -1.101 -0.837 
     D    43    41 3    44     3    15    58   139   160  -6.564  -1.742  -0.534                         
    IR    44    44 3    44     3    18    60   141   163  -1.925  -0.554  -4.164                          0.000  0.000  0.000  0.000 
                                             [ MATR   15 ]      -    126 - U - -
    MR    45    44 3    47     3    17    59   140   161  -7.875  -0.026  -6.193                         -0.602 -0.776 -1.268  1.228 
     D    46    44 3    47     3    15    57   138   159  -6.564  -1.742  -0.534                         
    IR    47    47 3    47     3    17    60   140   162  -1.925  -0.554  -4.164                          0.000  0.000  0.000  0.000 
                                             [ MATR   16 ]      -    125 - A - -
    MR    48    47 3    50     3    16    58   139   160  -7.875  -0.026  -6.193                          1.159 -1.056 -0.929 -0.393 
     D    49    47 3    50     3    14    57   137   159  -6.564  -1.742  -0.534                         
    IR    50    50 3    50     3    16    59   139   161  -1.925  -0.554  -4.164                          0.000  0.000  0.000  0.000 
                                             [ MATR   17 ]      -    124 - A - -
    MR    51    50 3    53     2    15    57   138   159  -7.706  -0.007                                  1.372 -1.374 -1.101 -0.837 
     D    52    50 3    53     2    14    56   137   158  -4.614  -0.060                                 
    IR    53    53 3    53     2    15    58   138   160  -1.823  -0.479                                  0.000  0.000  0.000  0.000 
                                             [ BIF    18 ]      -      - - - - -
     B    54    53 3    55   153    14    56   137   158                                                 
                                             [ BEGL   19 ]      -      - - - - -
     S    55    54 1    56     4     0     0    48    67  -0.053  -6.589  -5.997  -6.637                 
                                             [ MATP   20 ]      6     37 G C - -
    MP    56    55 1    60     6     2     2    48    67  -8.927  -8.866  -0.024  -7.643  -7.923  -8.318 -3.820 -2.665 -3.875  0.778 -3.934 -4.292  0.493 -4.017 -3.660  3.302 -4.071 -0.350  0.071 -3.847 -1.505 -2.766 
    ML    57    55 1    60     6     1     1    46    66  -6.250  -6.596  -1.310  -1.005  -6.446  -3.975  0.368 -0.385 -0.191  0.094 
    MR    58    55 1    60     6     1     1    46    66  -6.988  -5.717  -1.625  -5.695  -0.829  -3.908  0.368 -0.385 -0.191  0.094 
     D    59    55 1    60     6     0     0    44    64  -9.049  -7.747  -3.544  -4.226  -4.244  -0.319 
    IL    60    60 5    60     6     1     1    47    67  -2.579  -2.842  -0.760  -4.497  -5.274  -4.934  0.000  0.000  0.000  0.000 
    IR    61    61 6    61     5     1     1    47    67  -2.408  -0.496  -5.920  -4.087  -5.193          0.000  0.000  0.000  0.000 
                                             [ MATP   21 ]      7     36 G C - -
    MP    62    61 6    66     6     2     2    46    65  -8.927  -8.866  -0.024  -7.643  -7.923  -8.318 -3.820 -2.665 -3.875  0.778 -3.934 -4.292  0.493 -4.017 -3.660  3.302 -4.071 -0.350  0.071 -3.847 -1.505 -2.766 
    ML    63    61 6    66     6     1     1    45    65  -6.250  -6.596  -1.310  -1.005  -6.446  -3.975  0.368 -0.385 -0.191  0.094 
    MR    64    61 6    66     6     1     1    45    64  -6.988  -5.717  -1.625  -5.695  -0.829  -3.908  0.368 -0.385 -0.191  0.094 
     D    65    61 6    66     6     0     0    43    63  -9.049  -7.747  -3.544  -4.226  -4.244  -0.319 
    IL    66    66 5    66     6     1     1    45    65  -2.579  -2.842  -0.760  -4.497  -5.274  -4.934  0.000  0.000  0.000  0.000 
    IR    67    67 6    67     5     1     1    45    65  -2.408  -0.496  -5.920  -4.087  -5.193          0.000  0.000  0.000  0.000 
                                             [ MATP   22 ]      8     35 C G - -
    MP    68    67 6    72     4     2     2    44    63  -6.416  -6.623  -0.077  -5.037                 -3.445 -3.389 -3.362  0.220 -1.487 -3.953  3.109 -3.127 -3.402  0.518 -3.793 -1.458  1.173 -3.605 -0.172 -2.316 
    ML    69    67 6    72     4     1     1    44    64  -3.758  -3.940  -0.507  -2.670                  0.368 -0.385 -0.191  0.094 
    MR    70    67 6    72     4     1     1    43    63  -4.809  -3.838  -1.706  -0.766                  0.368 -0.385 -0.191  0.094 
     D    71    67 6    72     4     0     0    42    62  -4.568  -4.250  -2.265  -0.520                 
    IL    72    72 5    72     4     1     1    45    65  -1.686  -2.369  -1.117  -4.855                  0.000  0.000  0.000  0.000 
    IR    73    73 6    73     3     1     1    44    64  -1.442  -0.798  -4.142                          0.000  0.000  0.000  0.000 
                                             [ MATL   23 ]      9      - A - - -
    ML    74    73 6    76     3     1     1    41    61  -7.478  -0.029  -6.132                          1.404 -1.434 -1.157 -0.901 
     D    75    73 6    76     3     0     0    40    59  -6.174  -1.687  -0.566                         
    IL    76    76 3    76     3     1     1    43    63  -1.442  -0.798  -4.142                          0.000  0.000  0.000  0.000 
                                             [ MATL   24 ]     10      - U - - -
    ML    77    76 3    79     3     1     1    40    59  -7.478  -0.029  -6.132                         -0.654 -0.816 -1.326  1.262 
     D    78    76 3    79     3     0     0    39    58  -6.174  -1.687  -0.566                         
    IL    79    79 3    79     3     1     1    42    62  -1.442  -0.798  -4.142                          0.000  0.000  0.000  0.000 
                                             [ MATL   25 ]     11      - U - - -
    ML    80    79 3    82     3     1     1    39    58  -7.478  -0.029  -6.132                         -0.654 -0.816 -1.326  1.262 
     D    81    79 3    82     3     0     0    38    57  -6.174  -1.687  -0.566                         
    IL    82    82 3    82     3     1     1    41    61  -1.442  -0.798  -4.142                          0.000  0.000  0.000  0.000 
                                             [ MATL   26 ]     12      - A - - -
    ML    83    82 3    85     3     1     1    38    57  -7.478  -0.029  -6.132                          1.404 -1.434 -1.157 -0.901 
     D    84    82 3    85     3     0     0    37    56  -6.174  -1.687  -0.566                         
    IL    85    85 3    85     3     1     1    40    60  -1.442  -0.798  -4.142                          0.000  0.000  0.000  0.000 
                                             [ MATL   27 ]     13      - C - - -
    ML    86    85 3    88     3     1     1    37    56  -7.478  -0.029  -6.132                         -0.672  1.136 -1.431 -0.315 
     D    87    85 3    88     3     0     0    35    55  -6.174  -1.687  -0.566                         
    IL    88    88 3    88     3     1     1    39    58  -1.442  -0.798  -4.142                          0.000  0.000  0.000  0.000 
                                             [ MATL   28 ]     14      - U - - -
    ML    89    88 3    91     3     1     1    36    55  -7.478  -0.029  -6.132                         -0.265 -0.658 -1.050  1.036 
     D    90    88 3    91     3     0     0    34    54  -6.174  -1.687  -0.566                         
    IL    91    91 3    91     3     1     1    38    57  -1.442  -0.798  -4.142                          0.000  0.000  0.000  0.000 
                                             [ MATL   29 ]     15      - G - - -
    ML    92    91 3    94     3     1     1    35    54  -7.478  -0.029  -6.132                         -0.381 -1.272  1.096 -0.557 
     D    93    91 3    94     3     0     0    33    53  -6.174  -1.687  -0.566                         
    IL    94    94 3    94     3     1     1    37    56  -1.442  -0.798  -4.142                          0.000  0.000  0.000  0.000 
                                             [ MATL   30 ]     16      - A - - -
    ML    95    94 3    97     3     1     1    33    52  -7.478  -0.029  -6.132                          1.404 -1.434 -1.157 -0.901 
     D    96    94 3    97     3     0     0    32    51  -6.174  -1.687  -0.566                         
    IL    97    97 3    97     3     1     1    36    55  -1.442  -0.798  -4.142                          0.000  0.000  0.000  0.000 
                                             [ MATL   31 ]     17      - A - - -
    ML    98    97 3   100     3     1     1    32    51  -7.478  -0.029  -6.132                          1.404 -1.434 -1.157 -0.901 
     D    99    97 3   100     3     0     0    31    50  -6.174  -1.687  -0.566                         
    IL   100   100 3   100     3     1     1    35    54  -1.442  -0.798  -4.142                          0.000  0.000  0.000  0.000 
                                             [ MATL   32 ]     18      - A - - -
    ML   101   100 3   103     3     1     1    31    50  -7.906  -0.026  -6.223                          1.404 -1.434 -1.157 -0.901 
     D   102   100 3   103     3     0     0    30    49  -5.620  -0.734  -1.403                         
    IL   103   103 3   103     3     1     1    32    51  -1.925  -0.554  -4.164                          0.000  0.000  0.000  0.000 
                                             [ MATR   33 ]      -     34 - c - -
    MR   104   103 3   106     5     1     1    30    49  -6.679  -0.052  -6.494  -6.707  -7.598         -0.470  0.837 -1.223  0.089 
     D   105   103 3   106     5     0     0    29    48  -5.352  -0.707  -2.978  -4.409  -2.404         
    IR   106   106 3   106     5     1     1    31    49  -2.408  -0.496  -5.920  -4.087  -5.193          0.000  0.000  0.000  0.000 
                                             [ MATP   34 ]     19     33 u a - -
    MP   107   106 3   111     6     2     2    29    48  -8.927  -8.866  -0.024  -7.643  -7.923  -8.318 -3.385 -3.143 -3.300  0.489 -2.441 -3.928  1.862 -3.067 -3.318  0.937 -3.723 -1.053  2.700 -3.554 -0.137 -2.206 
    ML   108   106 3   111     6     1     1    28    47  -6.250  -6.596  -1.310  -1.005  -6.446  -3.975  0.368 -0.385 -0.191  0.094 
    MR   109   106 3   111     6     1     1    28    46  -6.988  -5.717  -1.625  -5.695  -0.829  -3.908  0.368 -0.385 -0.191  0.094 
     D   110   106 3   111     6     0     0    25    44  -9.049  -7.747  -3.544  -4.226  -4.244  -0.319 
    IL   111   111 5   111     6     1     1    29    48  -2.579  -2.842  -0.760  -4.497  -5.274  -4.934  0.000  0.000  0.000  0.000 
    IR   112   112 6   112     5     1     1    29    47  -2.408  -0.496  -5.920  -4.087  -5.193          0.000  0.000  0.000  0.000 
                                             [ MATP   35 ]     20     32 C G - -
    MP   113   112 6   117     6     2     2    27    46  -8.927  -8.866  -0.024  -7.643  -7.923  -8.318 -3.670 -3.465 -3.494  0.200 -2.447 -4.015  3.135 -3.159 -3.527  0.637 -3.868 -1.399  1.136 -3.787 -0.145 -2.402 
    ML   114   112 6   117     6     1     1    26    45  -6.250  -6.596  -1.310  -1.005  -6.446  -3.975  0.368 -0.385 -0.191  0.094 
    MR   115   112 6   117     6     1     1    26    45  -6.988  -5.717  -1.625  -5.695  -0.829  -3.908  0.368 -0.385 -0.191  0.094 
     D   116   112 6   117     6     0     0    23    42  -9.049  -7.747  -3.544  -4.226  -4.244  -0.319 
    IL   117   117 5   117     6     1     1    27    46  -2.579  -2.842  -0.760  -4.497  -5.274  -4.934  0.000  0.000  0.000  0.000 
    IR   118   118 6   118     5     1     1    27    45  -2.408  -0.496  -5.920  -4.087  -5.193          0.000  0.000  0.000  0.000 
                                             [ MATP   36 ]     21     31 u a - -
    MP   119   118 6   123     6     2     2    25    44  -8.927  -8.866  -0.024  -7.643  -7.923  -8.318 -3.385 -3.143 -3.300  0.489 -2.441 -3.928  1.862 -3.067 -3.318  0.937 -3.723 -1.053  2.700 -3.554 -0.137 -2.206 
    ML   120   118 6   123     6     1     1    24    43  -6.250  -6.596  -1.310  -1.005  -6.446  -3.975  0.368 -0.385 -0.191  0.094 
    MR   121   118 6   123     6     1     1    24    43  -6.988  -5.717  -1.625  -5.695  -0.829  -3.908  0.368 -0.385 -0.191  0.094 
     D   122   118 6   123     6     0     0    22    41  -9.049  -7.747  -3.544  -4.226  -4.244  -0.319 
    IL   123   123 5   123     6     1     1    25    44  -2.579  -2.842  -0.760  -4.497  -5.274  -4.934  0.000  0.000  0.000  0.000 
    IR   124   124 6   124     5     1     1    25    43  -2.408  -0.496  -5.920  -4.087  -5.193          0.000  0.000  0.000  0.000 
                                             [ MATP   37 ]     22     30 u g - -
    MP   125   124 6   129     6     2     2    23    42  -8.927  -8.866  -0.024  -7.643  -7.923  -8.318 -3.250 -3.111 -3.134  0.467 -2.198 -3.703  2.060 -2.870 -3.169  0.841 -3.549 -1.128  1.358 -3.402  2.118 -2.084 
    ML   126   124 6   129     6     1     1    23    41  -6.250  -6.596  -1.310  -1.005  -6.446  -3.975  0.368 -0.385 -0.191  0.094 
    MR   127   124 6   129     6     1     1    22    41  -6.988  -5.717  -1.625  -5.695  -0.829  -3.908  0.368 -0.385 -0.191  0.094 
     D   128   124 6   129     6     0     0    21    40  -9.049  -7.747  -3.544  -4.226  -4.244  -0.319 
    IL   129   129 5   129     6     1     1    23    42  -2.579  -2.842  -0.760  -4.497  -5.274  -4.934  0.000  0.000  0.000  0.000 
    IR   130   130 6   130     5     1     1    23    42  -2.408  -0.496  -5.920  -4.087  -5.193          0.000  0.000  0.000  0.000 
                                             [ MATP   38 ]     23     29 u g - -
    MP   131   130 6   135     4     2     2    21    40  -6.416  -6.623  -0.077  -5.037                 -3.250 -3.111 -3.134  0.467 -2.198 -3.703  2.060 -2.870 -3.169  0.841 -3.549 -1.128  1.358 -3.402  2.118 -2.084 
    ML   132   130 6   135     4     1     1    22    41  -3.758  -3.940  -0.507  -2.670                  0.368 -0.385 -0.191  0.094 
    MR   133   130 6   135     4     1     1    21    40  -4.809  -3.838  -1.706  -0.766                  0.368 -0.385 -0.191  0.094 
     D   134   130 6   135     4     0     0    20    39  -4.568  -4.250  -2.265  -0.520                 
    IL   135   135 5   135     4     1     1    23    42  -1.686  -2.369  -1.117  -4.855                  0.000  0.000  0.000  0.000 
    IR   136   136 6   136     3     1     1    22    41  -1.442  -0.798  -4.142                          0.000  0.000  0.000  0.000 
                                             [ MATL   39 ]     24      - A - - -
    ML   137   136 6   139     3     1     1    18    37  -7.478  -0.029  -6.132                          1.404 -1.434 -1.157 -0.901 
     D   138   136 6   139     3     0     0    17    36  -6.174  -1.687  -0.566                         
    IL   139   139 3   139     3     1     1    21    40  -1.442  -0.798  -4.142                          0.000  0.000  0.000  0.000 
                                             [ MATL   40 ]     25      - G - - -
    ML   140   139 3   142     3     1     1    17    35  -7.478  -0.029  -6.132                         -0.577 -1.605  1.321 -0.995 
     D   141   139 3   142     3     0     0    16    35  -6.174  -1.687  -0.566                         
    IL   142   142 3   142     3     1     1    20    39  -1.442  -0.798  -4.142                          0.000  0.000  0.000  0.000 
                                             [ MATL   41 ]     26      - A - - -
    ML   143   142 3   145     3     1     1    15    34  -7.478  -0.029  -6.132                          1.404 -1.434 -1.157 -0.901 
     D   144   142 3   145     3     0     0    15    33  -6.174  -1.687  -0.566                         
    IL   145   145 3   145     3     1     1    19    37  -1.442  -0.798  -4.142                          0.000  0.000  0.000  0.000 
                                             [ MATL   42 ]     27      - A - - -
    ML   146   145 3   148     3     1     1    13    32  -7.478  -0.029  -6.132                          1.404 -1.434 -1.157 -0.901 
     D   147   145 3   148     3     0     0    13    32  -6.174  -1.687  -0.566                         
    IL   148   148 3   148     3     1     1    18    36  -1.442  -0.798  -4.142                          0.000  0.000  0.000  0.000 
                                             [ MATL   43 ]     28      - A - - -
    ML   149   148 3   151     2     1     1     1     1       *   0.000                                  1.404 -1.434 -1.157 -0.901 
     D   150   148 3   151     2     0     0     0     0       *   0.000                                 
    IL   151   151 3   151     2     1     1    13    28  -1.823  -0.479                                  0.000  0.000  0.000  0.000 
                                             [ END    44 ]      -      - - - - -
     E   152   151 3    -1     0     0     0     0     0                                                 
                                             [ BEGR   45 ]      -      - - - - -
     S   153    54 1   154     3     0    28   104   124  -7.478  -0.029  -6.132                         
    IL   154   154 2   154     3     1    29   106   127  -1.442  -0.798  -4.142                          0.000  0.000  0.000  0.000 
                                             [ MATL   46 ]     38      - U - - -
    ML   155   154 2   157     3     1    28   104   124  -7.478  -0.063  -4.742                         -0.654 -0.816 -1.326  1.262 
     D   156   154 2   157     3     0    26   102   123  -6.174  -1.687  -0.566                         
    IL   157   157 3   157     3     1    29   105   126  -1.442  -0.798  -4.142                          0.000  0.000  0.000  0.000 
                                             [ MATL   47 ]     39      - A - - -
    ML   158   157 3   160     3     1    27   103   123  -7.444  -0.030  -6.098                          1.372 -1.374 -1.101 -0.837 
     D   159   157 3   160     3     0    26   101   122  -6.379  -1.892  -0.477                         
    IL   160   160 3   160     3     1    28   104   125  -1.442  -0.798  -4.142                          0.000  0.000  0.000  0.000 
                                             [ MATL   48 ]     40      - A - - -
    ML   161   160 3   163     2     1    26   102   122  -7.706  -0.007                                  1.372 -1.374 -1.101 -0.837 
     D   162   160 3   163     2     0    25   101   121  -8.459  -0.004                                 
    IL   163   163 3   163     2     1    27   102   123  -1.823  -0.479                                  0.000  0.000  0.000  0.000 
                                             [ BIF    49 ]      -      - - - - -
     B   164   163 3   165   365     0    25   101   121                                                 
                                             [ BEGL   50 ]      -      - - - - -
     S   165   164 1   166     4     0    11    83   103  -0.069  -6.589  -5.997  -5.595                 
                                             [ MATP   51 ]     41    106 u a - -
    MP   166   165 1   170     6     2    15    83   103  -8.916  -8.855  -0.024  -7.632  -7.911  -8.306 -3.349 -3.098 -3.265  0.530 -2.417 -3.895  1.884 -3.040 -3.284  0.995 -3.690 -1.006  2.648 -3.517 -0.114 -2.174 
    ML   167   165 1   170     6     1     8    81   102  -6.250  -6.596  -1.310  -1.005  -6.446  -3.975  0.368 -0.385 -0.191  0.094 
    MR   168   165 1   170     6     1     8    81   102  -6.988  -5.717  -1.625  -5.695  -0.829  -3.908  0.368 -0.385 -0.191  0.094 
     D   169   165 1   170     6     0     3    79    99  -9.206  -7.904  -3.701  -4.383  -4.401  -0.283 
    IL   170   170 5   170     6     1    10    83   103  -2.579  -2.842  -0.760  -4.497  -5.274  -4.934  0.000  0.000  0.000  0.000 
    IR   171   171 6   171     5     1    11    82   103  -2.408  -0.496  -5.920  -4.087  -5.193          0.000  0.000  0.000  0.000 
                                             [ MATP   52 ]     42    105 G C - -
    MP   172   171 6   176     6     2    15    81   101  -8.916  -8.855  -0.024  -7.632  -7.911  -8.306 -3.761 -2.638 -3.815  0.813 -3.850 -4.263  0.566 -3.948 -3.612  3.268 -4.028 -0.323  0.140 -3.806 -1.431 -2.707 
    ML   173   171 6   176     6     1     8    79   100  -6.250  -6.596  -1.310  -1.005  -6.446  -3.975  0.368 -0.385 -0.191  0.094 
    MR   174   171 6   176     6     1     8    79   100  -6.988  -5.717  -1.625  -5.695  -0.829  -3.908  0.368 -0.385 -0.191  0.094 
     D   175   171 6   176     6     0     3    77    97  -9.206  -7.904  -3.701  -4.383  -4.401  -0.283 
    IL   176   176 5   176     6     1    10    81   101  -2.579  -2.842  -0.760  -4.497  -5.274  -4.934  0.000  0.000  0.000  0.000 
    IR   177   177 6   177     5     1    10    80   101  -2.408  -0.496  -5.920  -4.087  -5.193          0.000  0.000  0.000  0.000 
                                             [ MATP   53 ]     43    104 a u - -
    MP   178   177 6   182     6     2    14    79    99  -8.916  -8.855  -0.024  -7.632  -7.911  -8.306 -3.138 -2.357 -3.187  2.576 -3.184 -4.224  1.090 -3.249 -3.115  1.829 -3.625  0.034  0.655 -3.527 -0.863 -2.069 
    ML   179   177 6   182     6     1     7    77    98  -6.250  -6.596  -1.310  -1.005  -6.446  -3.975  0.368 -0.385 -0.191  0.094 
    MR   180   177 6   182     6     1     7    77    98  -6.988  -5.717  -1.625  -5.695  -0.829  -3.908  0.368 -0.385 -0.191  0.094 
     D   181   177 6   182     6     0     2    75    95  -9.206  -7.904  -3.701  -4.383  -4.401  -0.283 
    IL   182   182 5   182     6     1     9    79    99  -2.579  -2.842  -0.760  -4.497  -5.274  -4.934  0.000  0.000  0.000  0.000 
    IR   183   183 6   183     5     1    10    78    99  -2.408  -0.496  -5.920  -4.087  -5.193          0.000  0.000  0.000  0.000 
                                             [ MATP   54 ]     44    103 u a - -
    MP   184   183 6   188     6     2    12    77    97  -8.916  -8.855  -0.024  -7.632  -7.911  -8.306 -3.349 -3.098 -3.265  0.530 -2.417 -3.895  1.884 -3.040 -3.284  0.995 -3.690 -1.006  2.648 -3.517 -0.114 -2.174 
    ML   185   183 6   188     6     1     7    75    96  -6.250  -6.596  -1.310  -1.005  -6.446  -3.975  0.368 -0.385 -0.191  0.094 
    MR   186   183 6   188     6     1     6    75    96  -6.988  -5.717  -1.625  -5.695  -0.829  -3.908  0.368 -0.385 -0.191  0.094 
     D   187   183 6   188     6     0     2    73    93  -9.206  -7.904  -3.701  -4.383  -4.401  -0.283 
    IL   188   188 5   188     6     1     9    77    97  -2.579  -2.842  -0.760  -4.497  -5.274  -4.934  0.000  0.000  0.000  0.000 
    IR   189   189 6   189     5     1     9    76    97  -2.408  -0.496  -5.920  -4.087  -5.193          0.000  0.000  0.000  0.000 
                                             [ MATP   55 ]     45    102 u a - -
    MP   190   189 6   194     6     2    11    75    95  -8.916  -8.855  -0.024  -7.632  -7.911  -8.306 -3.349 -3.098 -3.265  0.530 -2.417 -3.895  1.884 -3.040 -3.284  0.995 -3.690 -1.006  2.648 -3.517 -0.114 -2.174 
    ML   191   189 6   194     6     1     6    74    94  -6.250  -6.596  -1.310  -1.005  -6.446  -3.975  0.368 -0.385 -0.191  0.094 
    MR   192   189 6   194     6     1     5    73    94  -6.988  -5.717  -1.625  -5.695  -0.829  -3.908  0.368 -0.385 -0.191  0.094 
     D   193   189 6   194     6     0     2    71    91  -9.206  -7.904  -3.701  -4.383  -4.401  -0.283 
    IL   194   194 5   194     6     1     8    75    95  -2.579  -2.842  -0.760  -4.497  -5.274  -4.934  0.000  0.000  0.000  0.000 
    IR   195   195 6   195     5     1     8    74    95  -2.408  -0.496  -5.920  -4.087  -5.193          0.000  0.000  0.000  0.000 
                                             [ MATP   56 ]     46    101 a u - -
    MP   196   195 6   200     6     2     9    73    93  -8.916  -8.855  -0.024  -7.632  -7.911  -8.306 -3.138 -2.357 -3.187  2.576 -3.184 -4.224  1.090 -3.249 -3.115  1.829 -3.625  0.034  0.655 -3.527 -0.863 -2.069 
    ML   197   195 6   200     6     1     6    72    92  -6.250  -6.596  -1.310  -1.005  -6.446  -3.975  0.368 -0.385 -0.191  0.094 
    MR   198   195 6   200     6     1     4    72    92  -6.988  -5.717  -1.625  -5.695  -0.829  -3.908  0.368 -0.385 -0.191  0.094 
     D   199   195 6   200     6     0     2    70    90  -9.206  -7.904  -3.701  -4.383  -4.401  -0.283 
    IL   200   200 5   200     6     1     7    73    93  -2.579  -2.842  -0.760  -4.497  -5.274  -4.934  0.000  0.000  0.000  0.000 
    IR   201   201 6   201     5     1     7    72    93  -2.408  -0.496  -5.920  -4.087  -5.193          0.000  0.000  0.000  0.000 
                                             [ MATP   57 ]     47    100 C G - -
    MP   202   201 6   206     4     2     8    71    91  -6.379  -6.586  -0.080  -5.000                 -3.621 -3.405 -3.452  0.252 -2.422 -3.979  3.097 -3.126 -3.485  0.709 -3.829 -1.337  1.164 -3.740 -0.120 -2.362 
    ML   203   201 6   206     4     1     5    71    91  -3.758  -3.940  -0.507  -2.670                  0.368 -0.385 -0.191  0.094 
    MR   204   201 6   206     4     1     3    70    91  -4.809  -3.838  -1.706  -0.766                  0.368 -0.385 -0.191  0.094 
     D   205   201 6   206     4     0     1    69    90  -4.716  -4.397  -2.413  -0.461                 
    IL   206   206 5   206     4     1     6    72    93  -1.686  -2.369  -1.117  -4.855                  0.000  0.000  0.000  0.000 
    IR   207   207 6   207     3     1     6    71    92  -1.442  -0.798  -4.142                          0.000  0.000  0.000  0.000 
                                             [ MATL   58 ]     48      - A - - -
    ML   208   207 6   210     3     1     7    69    89  -7.444  -0.030  -6.098                          1.372 -1.374 -1.101 -0.837 
     D   209   207 6   210     3     0     1    67    87  -6.379  -1.892  -0.477                         
    IL   210   210 3   210     3     1     5    70    91  -1.442  -0.798  -4.142                          0.000  0.000  0.000  0.000 
                                             [ MATL   59 ]     49      - A - - -
    ML   211   210 3   213     3     1     7    67    87  -7.444  -0.030  -6.098                          1.372 -1.374 -1.101 -0.837 
     D   212   210 3   213     3     0     1    66    86  -6.379  -1.892  -0.477                         
    IL   213   213 3   213     3     1     5    69    90  -1.442  -0.798  -4.142                          0.000  0.000  0.000  0.000 
                                             [ MATL   60 ]     50      - U - - -
    ML   214   213 3   216     5     1     6    66    86  -6.651  -0.053  -6.466  -6.679  -7.570         -0.602 -0.776 -1.268  1.228 
     D   215   213 3   216     5     0     0    65    85  -5.078  -0.922  -4.340  -2.715  -2.053         
    IL   216   216 3   216     5     1     4    67    87  -2.408  -0.496  -4.087  -5.920  -5.193          0.000  0.000  0.000  0.000 
                                             [ MATP   61 ]     51     99 u a - -
    MP   217   216 3   221     6     2     7    65    85  -8.916  -8.855  -0.024  -7.632  -7.911  -8.306 -3.349 -3.098 -3.265  0.530 -2.417 -3.895  1.884 -3.040 -3.284  0.995 -3.690 -1.006  2.648 -3.517 -0.114 -2.174 
    ML   218   216 3   221     6     1     2    64    84  -6.250  -6.596  -1.310  -1.005  -6.446  -3.975  0.368 -0.385 -0.191  0.094 
    MR   219   216 3   221     6     1     2    64    84  -6.988  -5.717  -1.625  -5.695  -0.829  -3.908  0.368 -0.385 -0.191  0.094 
     D   220   216 3   221     6     0     0    62    82  -9.206  -7.904  -3.701  -4.383  -4.401  -0.283 
    IL   221   221 5   221     6     1     3    65    85  -2.579  -2.842  -0.760  -4.497  -5.274  -4.934  0.000  0.000  0.000  0.000 
    IR   222   222 6   222     5     1     3    65    85  -2.408  -0.496  -5.920  -4.087  -5.193          0.000  0.000  0.000  0.000 
                                             [ MATP   62 ]     52     98 a u - -
    MP   223   222 6   227     6     2     5    63    83  -8.916  -8.855  -0.024  -7.632  -7.911  -8.306 -3.138 -2.357 -3.187  2.576 -3.184 -4.224  1.090 -3.249 -3.115  1.829 -3.625  0.034  0.655 -3.527 -0.863 -2.069 
    ML   224   222 6   227     6     1     2    63    83  -6.250  -6.596  -1.310  -1.005  -6.446  -3.975  0.368 -0.385 -0.191  0.094 
    MR   225   222 6   227     6     1     2    62    82  -6.988  -5.717  -1.625  -5.695  -0.829  -3.908  0.368 -0.385 -0.191  0.094 
     D   226   222 6   227     6     0     0    60    81  -9.206  -7.904  -3.701  -4.383  -4.401  -0.283 
    IL   227   227 5   227     6     1     3    63    83  -2.579  -2.842  -0.760  -4.497  -5.274  -4.934  0.000  0.000  0.000  0.000 
    IR   228   228 6   228     5     1     3    63    83  -2.408  -0.496  -5.920  -4.087  -5.193          0.000  0.000  0.000  0.000 
                                             [ MATP   63 ]     53     97 g c - -
    MP   229   228 6   233     4     2     4    61    81  -6.379  -6.586  -0.080  -5.000                 -3.173 -2.410 -3.246  1.038 -3.278 -3.893  0.946 -3.464 -2.065  2.971 -3.668 -0.209  0.594 -3.288 -0.980 -2.228 
    ML   230   228 6   233     4     1     1    62    82  -3.758  -3.940  -0.507  -2.670                  0.368 -0.385 -0.191  0.094 
    MR   231   228 6   233     4     1     1    61    81  -4.809  -3.838  -1.706  -0.766                  0.368 -0.385 -0.191  0.094 
     D   232   228 6   233     4     0     0    60    80  -4.716  -4.397  -2.413  -0.461                 
    IL   233   233 5   233     4     1     2    63    83  -1.686  -2.369  -1.117  -4.855                  0.000  0.000  0.000  0.000 
    IR   234   234 6   234     3     1     2    62    82  -1.442  -0.798  -4.142                          0.000  0.000  0.000  0.000 
                                             [ MATL   64 ]     54      - U - - -
    ML   235   234 6   237     5     1     3    59    79  -6.651  -0.053  -6.466  -6.679  -7.570         -0.602 -0.776 -1.268  1.228 
     D   236   234 6   237     5     0     0    58    77  -5.078  -0.922  -4.340  -2.715  -2.053         
    IL   237   237 3   237     5     1     1    59    79  -2.408  -0.496  -4.087  -5.920  -5.193          0.000  0.000  0.000  0.000 
                                             [ MATP   65 ]     55     96 a u - -
    MP   238   237 3   242     6     2     4    58    78  -8.916  -8.855  -0.024  -7.632  -7.911  -8.306 -3.138 -2.357 -3.187  2.576 -3.184 -4.224  1.090 -3.249 -3.115  1.829 -3.625  0.034  0.655 -3.527 -0.863 -2.069 
    ML   239   237 3   242     6     1     1    57    76  -6.250  -6.596  -1.310  -1.005  -6.446  -3.975  0.368 -0.385 -0.191  0.094 
    MR   240   237 3   242     6     1     1    57    76  -6.988  -5.717  -1.625  -5.695  -0.829  -3.908  0.368 -0.385 -0.191  0.094 
     D   241   237 3   242     6     0     0    54    74  -9.206  -7.904  -3.701  -4.383  -4.401  -0.283 
    IL   242   242 5   242     6     1     1    58    77  -2.579  -2.842  -0.760  -4.497  -5.274  -4.934  0.000  0.000  0.000  0.000 
    IR   243   243 6   243     5     1     1    57    77  -2.408  -0.496  -5.920  -4.087  -5.193          0.000  0.000  0.000  0.000 
                                             [ MATP   66 ]     56     95 C G - -
    MP   244   243 6   248     6     2     4    56    76  -8.916  -8.855  -0.024  -7.632  -7.911  -8.306 -3.401 -3.339 -3.321  0.265 -1.489 -3.913  3.074 -3.091 -3.361  0.576 -3.754 -1.407  1.205 -3.561 -0.140 -2.276 
    ML   245   243 6   248     6     1     1    55    75  -6.250  -6.596  -1.310  -1.005  -6.446  -3.975  0.368 -0.385 -0.191  0.094 
    MR   246   243 6   248     6     1     1    55    75  -6.988  -5.717  -1.625  -5.695  -0.829  -3.908  0.368 -0.385 -0.191  0.094 
     D   247   243 6   248     6     0     0    53    73  -9.206  -7.904  -3.701  -4.383  -4.401  -0.283 
    IL   248   248 5   248     6     1     1    56    76  -2.579  -2.842  -0.760  -4.497  -5.274  -4.934  0.000  0.000  0.000  0.000 
    IR   249   249 6   249     5     1     1    55    75  -2.408  -0.496  -5.920  -4.087  -5.193          0.000  0.000  0.000  0.000 
                                             [ MATP   67 ]     57     94 C G - -
    MP   250   249 6   254     4     2     2    54    74  -6.379  -6.586  -0.080  -5.000                 -3.621 -3.405 -3.452  0.252 -2.422 -3.979  3.097 -3.126 -3.485  0.709 -3.829 -1.337  1.164 -3.740 -0.120 -2.362 
    ML   251   249 6   254     4     1     1    54    74  -3.758  -3.940  -0.507  -2.670                  0.368 -0.385 -0.191  0.094 
    MR   252   249 6   254     4     1     1    54    74  -4.809  -3.838  -1.706  -0.766                  0.368 -0.385 -0.191  0.094 
     D   253   249 6   254     4     0     0    53    72  -4.716  -4.397  -2.413  -0.461                 
    IL   254   254 5   254     4     1     1    55    75  -1.686  -2.369  -1.117  -4.855                  0.000  0.000  0.000  0.000 
    IR   255   255 6   255     3     1     1    55    74  -1.442  -0.798  -4.142                          0.000  0.000  0.000  0.000 
                                             [ MATL   68 ]     58      - A - - -
    ML   256   255 6   258     3     1     1    51    71  -7.444  -0.030  -6.098                          1.372 -1.374 -1.101 -0.837 
     D   257   255 6   258     3     0     0    50    70  -6.379  -1.892  -0.477                         
    IL   258   258 3   258     3     1     1    53    73  -1.442  -0.798  -4.142                          0.000  0.000  0.000  0.000 
                                             [ MATL   69 ]     59      - U - - -
    ML   259   258 3   261     3     1     1    50    70  -7.444  -0.030  -6.098                         -0.602 -0.776 -1.268  1.228 
     D   260   258 3   261     3     0     0    49    68  -6.379  -1.892  -0.477                         
    IL   261   261 3   261     3     1     1    52    72  -1.442  -0.798  -4.142                          0.000  0.000  0.000  0.000 
                                             [ MATL   70 ]     60      - G - - -
    ML   262   261 3   264     3     1     1    49    69  -7.444  -0.030  -6.098                         -0.513 -1.526  1.277 -0.919 
     D   263   261 3   264     3     0     0    48    67  -6.379  -1.892  -0.477                         
    IL   264   264 3   264     3     1     1    51    71  -1.442  -0.798  -4.142                          0.000  0.000  0.000  0.000 
                                             [ MATL   71 ]     61      - U - - -
    ML   265   264 3   267     3     1     1    48    68  -7.875  -0.026  -6.193                         -0.602 -0.776 -1.268  1.228 
     D   266   264 3   267     3     0     0    47    66  -5.748  -0.862  -1.214                         
    IL   267   267 3   267     3     1     1    49    68  -1.925  -0.554  -4.164                          0.000  0.000  0.000  0.000 
                                             [ MATR   72 ]      -     93 - A - -
    MR   268   267 3   270     3     1     1    47    67  -7.875  -0.026  -6.193                          1.159 -1.056 -0.929 -0.393 
     D   269   267 3   270     3     0     0    45    65  -6.564  -1.742  -0.534                         
    IR   270   270 3   270     3     1     1    48    67  -1.925  -0.554  -4.164                          0.000  0.000  0.000  0.000 
                                             [ MATR   73 ]      -     92 - U - -
    MR   271   270 3   273     3     1     1    46    66  -7.875  -0.026  -6.193                         -0.602 -0.776 -1.268  1.228 
     D   272   270 3   273     3     0     0    44    64  -6.564  -1.742  -0.534                         
    IR   273   273 3   273     3     1     1    47    66  -1.925  -0.554  -4.164                          0.000  0.000  0.000  0.000 
                                             [ MATR   74 ]      -     91 - A - -
    MR   274   273 3   276     3     1     1    45    65  -7.875  -0.026  -6.193                          1.372 -1.374 -1.101 -0.837 
     D   275   273 3   276     3     0     0    43    63  -6.564  -1.742  -0.534                         
    IR   276   276 3   276     3     1     1    46    65  -1.925  -0.554  -4.164                          0.000  0.000  0.000  0.000 
                                             [ MATR   75 ]      -     90 - g - -
    MR   277   276 3   279     3     1     1    44    64  -7.875  -0.026  -6.193                         -0.006 -0.879  0.761 -0.385 
     D   278   276 3   279     3     0     0    42    62  -6.564  -1.742  -0.534                         
    IR   279   279 3   279     3     1     1    45    64  -1.925  -0.554  -4.164                          0.000  0.000  0.000  0.000 
                                             [ MATR   76 ]      -     89 - U - -
    MR   280   279 3   282     3     1     1    43    63  -7.875  -0.026  -6.193                         -0.602 -0.776 -1.268  1.228 
     D   281   279 3   282     3     0     0    42    61  -6.564  -1.742  -0.534                         
    IR   282   282 3   282     3     1     1    44    63  -1.925  -0.554  -4.164                          0.000  0.000  0.000  0.000 
                                             [ MATR   77 ]      -     88 - U - -
    MR   283   282 3   285     5     1     1    42    62  -6.651  -0.053  -6.466  -6.679  -7.570         -0.452 -0.465 -1.144  1.065 
     D   284   282 3   285     5     0     0    41    60  -5.452  -0.807  -3.079  -4.510  -2.038         
    IR   285   285 3   285     5     1     1    43    62  -2.408  -0.496  -5.920  -4.087  -5.193          0.000  0.000  0.000  0.000 
                                             [ MATP   78 ]     62     87 u a - -
    MP   286   285 3   290     6     2     2    41    61  -8.916  -8.855  -0.024  -7.632  -7.911  -8.306 -3.242 -3.083 -3.175  0.530 -2.328 -3.795  1.961 -2.968 -3.210  0.957 -3.622 -1.078  2.538 -3.396  0.249 -2.106 
    ML   287   285 3   290     6     1     1    40    59  -6.250  -6.596  -1.310  -1.005  -6.446  -3.975  0.368 -0.385 -0.191  0.094 
    MR   288   285 3   290     6     1     1    40    59  -6.988  -5.717  -1.625  -5.695  -0.829  -3.908  0.368 -0.385 -0.191  0.094 
     D   289   285 3   290     6     0     0    37    56  -9.206  -7.904  -3.701  -4.383  -4.401  -0.283 
    IL   290   290 5   290     6     1     1    41    60  -2.579  -2.842  -0.760  -4.497  -5.274  -4.934  0.000  0.000  0.000  0.000 
    IR   291   291 6   291     5     1     1    41    60  -2.408  -0.496  -5.920  -4.087  -5.193          0.000  0.000  0.000  0.000 
                                             [ MATP   79 ]     63     86 G C - -
    MP   292   291 6   296     6     2     2    39    59  -8.916  -8.855  -0.024  -7.632  -7.911  -8.306 -3.761 -2.638 -3.815  0.813 -3.850 -4.263  0.566 -3.948 -3.612  3.268 -4.028 -0.323  0.140 -3.806 -1.431 -2.707 
    ML   293   291 6   296     6     1     1    38    57  -6.250  -6.596  -1.310  -1.005  -6.446  -3.975  0.368 -0.385 -0.191  0.094 
    MR   294   291 6   296     6     1     1    38    57  -6.988  -5.717  -1.625  -5.695  -0.829  -3.908  0.368 -0.385 -0.191  0.094 
     D   295   291 6   296     6     0     0    35    54  -9.206  -7.904  -3.701  -4.383  -4.401  -0.283 
    IL   296   296 5   296     6     1     1    39    58  -2.579  -2.842  -0.760  -4.497  -5.274  -4.934  0.000  0.000  0.000  0.000 
    IR   297   297 6   297     5     1     1    39    58  -2.408  -0.496  -5.920  -4.087  -5.193          0.000  0.000  0.000  0.000 
                                             [ MATP   80 ]     64     85 C G - -
    MP   298   297 6   302     6     2     2    37    56  -8.916  -8.855  -0.024  -7.632  -7.911  -8.306 -3.621 -3.405 -3.452  0.252 -2.422 -3.979  3.097 -3.126 -3.485  0.709 -3.829 -1.337  1.164 -3.740 -0.120 -2.362 
    ML   299   297 6   302     6     1     1    36    55  -6.250  -6.596  -1.310  -1.005  -6.446  -3.975  0.368 -0.385 -0.191  0.094 
    MR   300   297 6   302     6     1     1    36    55  -6.988  -5.717  -1.625  -5.695  -0.829  -3.908  0.368 -0.385 -0.191  0.094 
     D   301   297 6   302     6     0     0    33    53  -9.206  -7.904  -3.701  -4.383  -4.401  -0.283 
    IL   302   302 5   302     6     1     1    37    56  -2.579  -2.842  -0.760  -4.497  -5.274  -4.934  0.000  0.000  0.000  0.000 
    IR   303   303 6   303     5     1     1    37    56  -2.408  -0.496  -5.920  -4.087  -5.193          0.000  0.000  0.000  0.000 
                                             [ MATP   81 ]     65     84 a u - -
    MP   304   303 6   308     6     2     2    35    54  -8.916  -8.855  -0.024  -7.632  -7.911  -8.306 -3.138 -2.357 -3.187  2.576 -3.184 -4.224  1.090 -3.249 -3.115  1.829 -3.625  0.034  0.655 -3.527 -0.863 -2.069 
    ML   305   303 6   308     6     1     1    34    53  -6.250  -6.596  -1.310  -1.005  -6.446  -3.975  0.368 -0.385 -0.191  0.094 
    MR   306   303 6   308     6     1     1    34    53  -6.988  -5.717  -1.625  -5.695  -0.829  -3.908  0.368 -0.385 -0.191  0.094 
     D   307   303 6   308     6     0     0    31    51  -9.206  -7.904  -3.701  -4.383  -4.401  -0.283 
    IL   308   308 5   308     6     1     1    35    54  -2.579  -2.842  -0.760  -4.497  -5.274  -4.934  0.000  0.000  0.000  0.000 
    IR   309   309 6   309     5     1     1    35    54  -2.408  -0.496  -5.920  -4.087  -5.193          0.000  0.000  0.000  0.000 
                                             [ MATP   82 ]     66     83 g c - -
    MP   310   309 6   314     6     2     2    33    52  -8.916  -8.855  -0.024  -7.632  -7.911  -8.306 -3.062 -2.123 -3.173  1.401 -3.421 -4.217  0.857 -3.280 -3.019  2.093 -3.520  2.052  0.492 -3.505 -1.079 -2.018 
    ML   311   309 6   314     6     1     1    32    52  -6.250  -6.596  -1.310  -1.005  -6.446  -3.975  0.368 -0.385 -0.191  0.094 
    MR   312   309 6   314     6     1     1    32    52  -6.988  -5.717  -1.625  -5.695  -0.829  -3.908  0.368 -0.385 -0.191  0.094 
     D   313   309 6   314     6     0     0    30    50  -9.206  -7.904  -3.701  -4.383  -4.401  -0.283 
    IL   314   314 5   314     6     1     1    33    52  -2.579  -2.842  -0.760  -4.497  -5.274  -4.934  0.000  0.000  0.000  0.000 
    IR   315   315 6   315     5     1     1    33    52  -2.408  -0.496  -5.920  -4.087  -5.193          0.000  0.000  0.000  0.000 
                                             [ MATP   83 ]     67     82 u a - -
    MP   316   315 6   320     4     2     2    31    50  -6.379  -6.586  -0.080  -5.000                 -3.349 -3.098 -3.265  0.530 -2.417 -3.895  1.884 -3.040 -3.284  0.995 -3.690 -1.006  2.648 -3.517 -0.114 -2.174 
    ML   317   315 6   320     4     1     1    31    51  -3.758  -3.940  -0.507  -2.670                  0.368 -0.385 -0.191  0.094 
    MR   318   315 6   320     4     1     1    31    50  -4.809  -3.838  -1.706  -0.766                  0.368 -0.385 -0.191  0.094 
     D   319   315 6   320     4     0     0    30    49  -4.716  -4.397  -2.413  -0.461                 
    IL   320   320 5   320     4     1     1    33    52  -1.686  -2.369  -1.117  -4.855                  0.000  0.000  0.000  0.000 
    IR   321   321 6   321     3     1     1    32    51  -1.442  -0.798  -4.142                          0.000  0.000  0.000  0.000 
                                             [ MATL   84 ]     68      - U - - -
    ML   322   321 6   324     3     1     1    28    48  -7.444  -0.030  -6.098                         -0.602 -0.776 -1.268  1.228 
     D   323   321 6   324     3     0     0    27    46  -6.379  -1.892  -0.477                         
    IL   324   324 3   324     3     1     1    31    50  -1.442  -0.798  -4.142                          0.000  0.000  0.000  0.000 
                                             [ MATL   85 ]     69      - U - - -
    ML   325   324 3   327     3     1     1    27    46  -7.875  -0.026  -6.193                         -0.602 -0.776 -1.268  1.228 
     D   326   324 3   327     3     0     0    26    45  -5.748  -0.862  -1.214                         
    IL   327   327 3   327     3     1     1    28    47  -1.925  -0.554  -4.164                          0.000  0.000  0.000  0.000 
                                             [ MATR   86 ]      -     81 - U - -
    MR   328   327 3   330     3     1     1    26    45  -7.875  -0.026  -6.193                         -0.602 -0.776 -1.268  1.228 
     D   329   327 3   330     3     0     0    25    44  -6.564  -1.742  -0.534                         
    IR   330   330 3   330     3     1     1    27    46  -1.925  -0.554  -4.164                          0.000  0.000  0.000  0.000 
                                             [ MATR   87 ]      -     80 - U - -
    MR   331   330 3   333     5     1     1    25    44  -6.651  -0.053  -6.466  -6.679  -7.570         -0.602 -0.776 -1.268  1.228 
     D   332   330 3   333     5     0     0    24    43  -5.452  -0.807  -3.079  -4.510  -2.038         
    IR   333   333 3   333     5     1     1    26    45  -2.408  -0.496  -5.920  -4.087  -5.193          0.000  0.000  0.000  0.000 
                                             [ MATP   88 ]     70     79 G C - -
    MP   334   333 3   338     6     2     2    24    43  -8.916  -8.855  -0.024  -7.632  -7.911  -8.306 -3.761 -2.638 -3.815  0.813 -3.850 -4.263  0.566 -3.948 -3.612  3.268 -4.028 -0.323  0.140 -3.806 -1.431 -2.707 
    ML   335   333 3   338     6     1     1    24    43  -6.250  -6.596  -1.310  -1.005  -6.446  -3.975  0.368 -0.385 -0.191  0.094 
    MR   336   333 3   338     6     1     1    23    42  -6.988  -5.717  -1.625  -5.695  -0.829  -3.908  0.368 -0.385 -0.191  0.094 
     D   337   333 3   338     6     0     0    22    41  -9.206  -7.904  -3.701  -4.383  -4.401  -0.283 
    IL   338   338 5   338     6     1     1    24    43  -2.579  -2.842  -0.760  -4.497  -5.274  -4.934  0.000  0.000  0.000  0.000 
    IR   339   339 6   339     5     1     1    24    43  -2.408  -0.496  -5.920  -4.087  -5.193          0.000  0.000  0.000  0.000 
                                             [ MATP   89 ]     71     78 G C - -
    MP   340   339 6   344     4     2     2    22    41  -6.379  -6.586  -0.080  -5.000                 -3.761 -2.638 -3.815  0.813 -3.850 -4.263  0.566 -3.948 -3.612  3.268 -4.028 -0.323  0.140 -3.806 -1.431 -2.707 
    ML   341   339 6   344     4     1     1    23    42  -3.758  -3.940  -0.507  -2.670                  0.368 -0.385 -0.191  0.094 
    MR   342   339 6   344     4     1     1    22    41  -4.809  -3.838  -1.706  -0.766                  0.368 -0.385 -0.191  0.094 
     D   343   339 6   344     4     0     0    21    40  -4.716  -4.397  -2.413  -0.461                 
    IL   344   344 5   344     4     1     1    24    43  -1.686  -2.369  -1.117  -4.855                  0.000  0.000  0.000  0.000 
    IR   345   345 6   345     3     1     1    23    42  -1.442  -0.798  -4.142                          0.000  0.000  0.000  0.000 
                                             [ MATL   90 ]     72      - u - - -
    ML   346   345 6   348     3     1     1    19    38  -7.444  -0.030  -6.098                         -0.287 -0.599 -0.762  0.949 
     D   347   345 6   348     3     0     0    18    37  -6.379  -1.892  -0.477                         
    IL   348   348 3   348     3     1     1    22    41  -1.442  -0.798  -4.142                          0.000  0.000  0.000  0.000 
                                             [ MATL   91 ]     73      - U - - -
    ML   349   348 3   351     3     1     1    18    37  -7.444  -0.030  -6.098                         -0.602 -0.776 -1.268  1.228 
     D   350   348 3   351     3     0     0    17    36  -6.379  -1.892  -0.477                         
    IL   351   351 3   351     3     1     1    21    40  -1.442  -0.798  -4.142                          0.000  0.000  0.000  0.000 
                                             [ MATL   92 ]     74      - U - - -
    ML   352   351 3   354     3     1     1    17    35  -7.444  -0.030  -6.098                         -0.602 -0.776 -1.268  1.228 
     D   353   351 3   354     3     0     0    16    34  -6.379  -1.892  -0.477                         
    IL   354   354 3   354     3     1     1    20    39  -1.442  -0.798  -4.142                          0.000  0.000  0.000  0.000 
                                             [ MATL   93 ]     75      - A - - -
    ML   355   354 3   357     3     1     1    15    34  -7.444  -0.030  -6.098                          1.372 -1.374 -1.101 -0.837 
     D   356   354 3   357     3     0     0    15    33  -6.379  -1.892  -0.477                         
    IL   357   357 3   357     3     1     1    19    37  -1.442  -0.798  -4.142                          0.000  0.000  0.000  0.000 
                                             [ MATL   94 ]     76      - U - - -
    ML   358   357 3   360     3     1     1    13    32  -7.444  -0.030  -6.098                         -0.602 -0.776 -1.268  1.228 
     D   359   357 3   360     3     0     0    13    32  -6.379  -1.892  -0.477                         
    IL   360   360 3   360     3     1     1    18    36  -1.442  -0.798  -4.142                          0.000  0.000  0.000  0.000 
                                             [ MATL   95 ]     77      - U - - -
    ML   361   360 3   363     2     1     1     1     1       *   0.000                                 -0.602 -0.776 -1.268  1.228 
     D   362   360 3   363     2     0     0     0     0       *   0.000                                 
    IL   363   363 3   363     2     1     1    13    28  -1.823  -0.479                                  0.000  0.000  0.000  0.000 
                                             [ END    96 ]      -      - - - - -
     E   364   363 3    -1     0     0     0     0     0                                                 
                                             [ BEGR   97 ]      -      - - - - -
     S   365   164 1   366     3     0     0    31    50  -7.478  -0.063  -4.742                         
    IL   366   366 2   366     3     1     1    35    54  -1.442  -0.798  -4.142                          0.000  0.000  0.000  0.000 
                                             [ MATL   98 ]    107      - A - - -
    ML   367   366 2   369     5     1     1    31    50  -6.651  -0.053  -6.466  -6.679  -7.570          1.372 -1.374 -1.101 -0.837 
     D   368   366 2   369     5     0     0    30    49  -5.078  -0.922  -4.340  -2.715  -2.053         
    IL   369   369 3   369     5     1     1    32    51  -2.408  -0.496  -4.087  -5.920  -5.193          0.000  0.000  0.000  0.000 
                                             [ MATP   99 ]    108    123 G C - -
    MP   370   369 3   374     6     2     2    30    49  -8.916  -8.855  -0.024  -7.632  -7.911  -8.306 -3.761 -2.638 -3.815  0.813 -3.850 -4.263  0.566 -3.948 -3.612  3.268 -4.028 -0.323  0.140 -3.806 -1.431 -2.707 
    ML   371   369 3   374     6     1     1    29    48  -6.250  -6.596  -1.310  -1.005  -6.446  -3.975  0.368 -0.385 -0.191  0.094 
    MR   372   369 3   374     6     1     1    29    48  -6.988  -5.717  -1.625  -5.695  -0.829  -3.908  0.368 -0.385 -0.191  0.094 
     D   373   369 3   374     6     0     0    26    45  -9.206  -7.904  -3.701  -4.383  -4.401  -0.283 
    IL   374   374 5   374     6     1     1    30    49  -2.579  -2.842  -0.760  -4.497  -5.274  -4.934  0.000  0.000  0.000  0.000 
    IR   375   375 6   375     5     1     1    30    49  -2.408  -0.496  -5.920  -4.087  -5.193          0.000  0.000  0.000  0.000 
                                             [ MATP  100 ]    109    122 c g - -
    MP   376   375 6   380     6     2     2    28    47  -8.916  -8.855  -0.024  -7.632  -7.911  -8.306 -3.468 -3.317 -3.323  0.330 -2.312 -3.857  2.975 -3.017 -3.364  0.741 -3.721 -1.311  1.292 -3.582  0.267 -2.243 
    ML   377   375 6   380     6     1     1    27    46  -6.250  -6.596  -1.310  -1.005  -6.446  -3.975  0.368 -0.385 -0.191  0.094 
    MR   378   375 6   380     6     1     1    27    46  -6.988  -5.717  -1.625  -5.695  -0.829  -3.908  0.368 -0.385 -0.191  0.094 
     D   379   375 6   380     6     0     0    24    43  -9.206  -7.904  -3.701  -4.383  -4.401  -0.283 
    IL   380   380 5   380     6     1     1    28    47  -2.579  -2.842  -0.760  -4.497  -5.274  -4.934  0.000  0.000  0.000  0.000 
    IR   381   381 6   381     5     1     1    28    47  -2.408  -0.496  -5.920  -4.087  -5.193          0.000  0.000  0.000  0.000 
                                             [ MATP  101 ]    110    121 u a - -
    MP   382   381 6   386     6     2     2    26    45  -8.916  -8.855  -0.024  -7.632  -7.911  -8.306 -3.349 -3.098 -3.265  0.530 -2.417 -3.895  1.884 -3.040 -3.284  0.995 -3.690 -1.006  2.648 -3.517 -0.114 -2.174 
    ML   383   381 6   386     6     1     1    25    44  -6.250  -6.596  -1.310  -1.005  -6.446  -3.975  0.368 -0.385 -0.191  0.094 
    MR   384   381 6   386     6     1     1    25    44  -6.988  -5.717  -1.625  -5.695  -0.829  -3.908  0.368 -0.385 -0.191  0.094 
     D   385   381 6   386     6     0     0    23    42  -9.206  -7.904  -3.701  -4.383  -4.401  -0.283 
    IL   386   386 5   386     6     1     1    26    45  -2.579  -2.842  -0.760  -4.497  -5.274  -4.934  0.000  0.000  0.000  0.000 
    IR   387   387 6   387     5     1     1    26    45  -2.408  -0.496  -5.920  -4.087  -5.193          0.000  0.000  0.000  0.000 
                                             [ MATP  102 ]    111    120 u a - -
    MP   388   387 6   392     6     2     2    24    43  -8.916  -8.855  -0.024  -7.632  -7.911  -8.306 -3.349 -3.098 -3.265  0.530 -2.417 -3.895  1.884 -3.040 -3.284  0.995 -3.690 -1.006  2.648 -3.517 -0.114 -2.174 
    ML   389   387 6   392     6     1     1    24    43  -6.250  -6.596  -1.310  -1.005  -6.446  -3.975  0.368 -0.385 -0.191  0.094 
    MR   390   387 6   392     6     1     1    23    42  -6.988  -5.717  -1.625  -5.695  -0.829  -3.908  0.368 -0.385 -0.191  0.094 
     D   391   387 6   392     6     0     0    22    41  -9.206  -7.904  -3.701  -4.383  -4.401  -0.283 
    IL   392   392 5   392     6     1     1    24    43  -2.579  -2.842  -0.760  -4.497  -5.274  -4.934  0.000  0.000  0.000  0.000 
    IR   393   393 6   393     5     1     1    24    43  -2.408  -0.496  -5.920  -4.087  -5.193          0.000  0.000  0.000  0.000 
                                             [ MATP  103 ]    112    119 a u - -
    MP   394   393 6   398     4     2     2    22    41  -6.379  -6.586  -0.080  -5.000                 -3.138 -2.357 -3.187  2.576 -3.184 -4.224  1.090 -3.249 -3.115  1.829 -3.625  0.034  0.655 -3.527 -0.863 -2.069 
    ML   395   393 6   398     4     1     1    23    42  -3.758  -3.940  -0.507  -2.670                  0.368 -0.385 -0.191  0.094 
    MR   396   393 6   398     4     1     1    22    41  -4.809  -3.838  -1.706  -0.766                  0.368 -0.385 -0.191  0.094 
     D   397   393 6   398     4     0     0    21    40  -4.716  -4.397  -2.413  -0.461                 
    IL   398   398 5   398     4     1     1    24    43  -1.686  -2.369  -1.117  -4.855                  0.000  0.000  0.000  0.000 
    IR   399   399 6   399     3     1     1    23    42  -1.442  -0.798  -4.142                          0.000  0.000  0.000  0.000 
                                             [ MATL  104 ]    113      - U - - -
    ML   400   399 6   402     3     1     1    19    38  -7.444  -0.030  -6.098                         -0.602 -0.776 -1.268  1.228 
     D   401   399 6   402     3     0     0    18    37  -6.379  -1.892  -0.477                         
    IL   402   402 3   402     3     1     1    22    41  -1.442  -0.798  -4.142                          0.000  0.000  0.000  0.000 
                                             [ MATL  105 ]    114      - U - - -
    ML   403   402 3   405     3     1     1    18    37  -7.444  -0.030  -6.098                         -0.602 -0.776 -1.268  1.228 
     D   404   402 3   405     3     0     0    17    36  -6.379  -1.892  -0.477                         
    IL   405   405 3   405     3     1     1    21    40  -1.442  -0.798  -4.142                          0.000  0.000  0.000  0.000 
                                             [ MATL  106 ]    115      - G - - -
    ML   406   405 3   408     3     1     1    17    35  -7.444  -0.030  -6.098                         -0.513 -1.526  1.277 -0.919 
     D   407   405 3   408     3     0     0    16    34  -6.379  -1.892  -0.477                         
    IL   408   408 3   408     3     1     1    20    39  -1.442  -0.798  -4.142                          0.000  0.000  0.000  0.000 
                                             [ MATL  107 ]    116      - A - - -
    ML   409   408 3   411     3     1     1    15    34  -7.444  -0.030  -6.098                          1.372 -1.374 -1.101 -0.837 
     D   410   408 3   411     3     0     0    15    33  -6.379  -1.892  -0.477                         
    IL   411   411 3   411     3     1     1    19    37  -1.442  -0.798  -4.142                          0.000  0.000  0.000  0.000 
                                             [ MATL  108 ]    117      - A - - -
    ML   412   411 3   414     3     1     1    13    32  -7.444  -0.030  -6.098                          1.372 -1.374 -1.101 -0.837 
     D   413   411 3   414     3     0     0    13    32  -6.379  -1.892  -0.477                         
    IL   414   414 3   414     3     1     1    18    36  -1.442  -0.798  -4.142                          0.000  0.000  0.000  0.000 
                                             [ MATL  109 ]    118      - U - - -
    ML   415   414 3   417     2     1     1     1     1       *   0.000                                 -0.602 -0.776 -1.268  1.228 
     D   416   414 3   417     2     0     0     0     0       *   0.000                                 
    IL   417   417 3   417     2     1     1    13    28  -1.823  -0.479                                  0.000  0.000  0.000  0.000 
                                             [ END   110 ]      -      - - - - -
     E   418   417 3    -1     0     0     0     0     0                                                 
//
HMMER3/f [3.1b3 | July 2016]
NAME  t_nt_sprg_sprf_sr75_round5_0001
LENG  135
MAXL  250
ALPH  RNA
RF    no
MM    no
CONS  yes
CS    yes
MAP   yes
DATE  Sun Mar  1 19:01:14 2020
COM   [1] cmbuild /home/co78wid/projects/master/results/ta_systems/sprg_sprf/sprg_sprf_sr75/2_structure_analysis/infernal_search/t_nt_sprg_sprf_sr75_cmbuild.txt /home/co78wid/projects/master/results/ta_systems/sprg_sprf/sprg_sprf_sr75/1_sequence_analysis/fold/t_nt_sprg_sprf_sr75_round5.stk
NSEQ  14
EFFN  1.028809
CKSUM 590243717
STATS LOCAL MSV      -10.1335  0.71822
STATS LOCAL VITERBI  -11.5112  0.71822
STATS LOCAL FORWARD   -2.9987  0.71822
HMM          A        C        G        U   
            m->m     m->i     m->d     i->m     i->i     d->m     d->d
  COMPO   1.23695  1.61685  1.46554  1.27206
          1.38629  1.38629  1.38629  1.38629
          0.05787  3.57148  3.57148  1.46634  0.26236  0.00000        *
      1   0.35700  2.50112  2.29819  2.13880      1 A - - :
          1.38629  1.38629  1.38629  1.38629
          0.05787  3.57148  3.57148  1.46634  0.26236  1.09861  0.40547
      2   1.94499  2.03257  2.42069  0.45075      2 U - - :
          1.38629  1.38629  1.38629  1.38629
          0.05787  3.57148  3.57148  1.46634  0.26236  1.09861  0.40547
      3   1.91389  2.65505  0.39358  2.22971      3 G - - :
          1.38629  1.38629  1.38629  1.38629
          0.05787  3.57148  3.57148  1.46634  0.26236  1.09861  0.40547
      4   1.52705  1.98032  1.01773  1.26095      4 g - - :
          1.38629  1.38629  1.38629  1.38629
          0.05787  3.57148  3.57148  1.46634  0.26236  1.09861  0.40547
      5   1.81037  1.78780  2.29830  0.56449      5 U - - :
          1.38629  1.38629  1.38629  1.38629
          0.05787  3.57148  3.57148  1.46634  0.26236  1.09861  0.40547
      6   2.12958  2.44158  0.35108  2.40613      6 G - - <
          1.38629  1.38629  1.38629  1.38629
          0.05787  3.57148  3.57148  1.46634  0.26236  1.09861  0.40547
      7   2.12839  2.44075  0.35156  2.40478      7 G - - <
          1.38629  1.38629  1.38629  1.38629
          0.05787  3.57148  3.57148  1.46634  0.26236  1.09861  0.40547
      8   2.45917  0.50639  2.19574  1.60669      8 C - - <
          1.38629  1.38629  1.38629  1.38629
          0.05787  3.57148  3.57148  1.46634  0.26236  1.09861  0.40547
      9   0.35700  2.50112  2.29819  2.13880      9 A - - -
          1.38629  1.38629  1.38629  1.38629
          0.05787  3.57148  3.57148  1.46634  0.26236  1.09861  0.40547
     10   1.94499  2.03257  2.42069  0.45075     10 U - - -
          1.38629  1.38629  1.38629  1.38629
          0.05787  3.57148  3.57148  1.46634  0.26236  1.09861  0.40547
     11   1.94499  2.03257  2.42069  0.45075     11 U - - -
          1.38629  1.38629  1.38629  1.38629
          0.05787  3.57148  3.57148  1.46634  0.26236  1.09861  0.40547
     12   0.35700  2.50112  2.29819  2.13880     12 A - - -
          1.38629  1.38629  1.38629  1.38629
          0.05787  3.57148  3.57148  1.46634  0.26236  1.09861  0.40547
     13   1.98083  0.51174  2.51806  1.70387     13 C - - -
          1.38629  1.38629  1.38629  1.38629
          0.05787  3.57148  3.57148  1.46634  0.26236  1.09861  0.40547
     14   1.62364  1.88941  2.18600  0.61750     14 U - - -
          1.38629  1.38629  1.38629  1.38629
          0.05787  3.57148  3.57148  1.46634  0.26236  1.09861  0.40547
     15   1.73317  2.36395  0.55825  1.85140     15 G - - -
          1.38629  1.38629  1.38629  1.38629
          0.05787  3.57148  3.57148  1.46634  0.26236  1.09861  0.40547
     16   0.35700  2.50112  2.29819  2.13880     16 A - - -
          1.38629  1.38629  1.38629  1.38629
          0.05787  3.57148  3.57148  1.46634  0.26236  1.09861  0.40547
     17   0.35700  2.50112  2.29819  2.13880     17 A - - -
          1.38629  1.38629  1.38629  1.38629
          0.05787  3.57148  3.57148  1.46634  0.26236  1.09861  0.40547
     18   0.35700  2.50112  2.29819  2.13880     18 A - - -
          1.38629  1.38629  1.38629  1.38629
          0.05787  3.57148  3.57148  1.46634  0.26236  1.09861  0.40547
     19   2.28739  1.43774  1.93094  0.66166     19 U - - <
          1.38629  1.38629  1.38629  1.38629
          0.05787  3.57148  3.57148  1.46634  0.26236  1.09861  0.40547
     20   2.49855  0.50474  2.15705  1.61712     20 C - - <
          1.38629  1.38629  1.38629  1.38629
          0.05787  3.57148  3.57148  1.46634  0.26236  1.09861  0.40547
     21   2.29148  1.43738  1.93190  0.66076     21 U - - <
          1.38629  1.38629  1.38629  1.38629
          0.05787  3.57148  3.57148  1.46634  0.26236  1.09861  0.40547
     22   2.29425  1.28207  1.98124  0.72608     22 u - - <
          1.38629  1.38629  1.38629  1.38629
          0.05787  3.57148  3.57148  1.46634  0.26236  1.09861  0.40547
     23   2.29420  1.28208  1.98123  0.72609     23 u - - <
          1.38629  1.38629  1.38629  1.38629
          0.05787  3.57148  3.57148  1.46634  0.26236  1.09861  0.40547
     24   0.35700  2.50112  2.29819  2.13880     24 A - - _
          1.38629  1.38629  1.38629  1.38629
          0.05787  3.57148  3.57148  1.46634  0.26236  1.09861  0.40547
     25   1.91389  2.65505  0.39358  2.22971     25 G - - _
          1.38629  1.38629  1.38629  1.38629
          0.05787  3.57148  3.57148  1.46634  0.26236  1.09861  0.40547
     26   0.35700  2.50112  2.29819  2.13880     26 A - - _
          1.38629  1.38629  1.38629  1.38629
          0.05787  3.57148  3.57148  1.46634  0.26236  1.09861  0.40547
     27   0.35700  2.50112  2.29819  2.13880     27 A - - _
          1.38629  1.38629  1.38629  1.38629
          0.05787  3.57148  3.57148  1.46634  0.26236  1.09861  0.40547
     28   0.35700  2.50112  2.29819  2.13880     28 A - - _
          1.38629  1.38629  1.38629  1.38629
          0.05787  3.57148  3.57148  1.46634  0.26236  1.09861  0.40547
     29   1.71660  2.14578  0.55339  2.05300     29 G - - >
          1.38629  1.38629  1.38629  1.38629
          0.05787  3.57148  3.57148  1.46634  0.26236  1.09861  0.40547
     30   1.71677  2.14592  0.55325  2.05324     30 G - - >
          1.38629  1.38629  1.38629  1.38629
          0.05787  3.57148  3.57148  1.46634  0.26236  1.09861  0.40547
     31   0.75814  2.10086  1.27290  2.04720     31 a - - >
          1.38629  1.38629  1.38629  1.38629
          0.05787  3.57148  3.57148  1.46634  0.26236  1.09861  0.40547
     32   1.88833  2.32039  0.43737  2.25657     32 G - - >
          1.38629  1.38629  1.38629  1.38629
          0.05787  3.57148  3.57148  1.46634  0.26236  1.09861  0.40547
     33   0.75803  2.10108  1.27282  2.04760     33 a - - >
          1.38629  1.38629  1.38629  1.38629
          0.05787  3.57148  3.57148  1.46634  0.26236  1.09861  0.40547
     34   1.78844  0.73969  2.31986  1.35779     34 c - - -
          1.38629  1.38629  1.38629  1.38629
          0.05787  3.57148  3.57148  1.46634  0.26236  1.09861  0.40547
     35   1.78720  2.35454  0.46156  2.23183     35 G - - >
          1.38629  1.38629  1.38629  1.38629
          0.05787  3.57148  3.57148  1.46634  0.26236  1.09861  0.40547
     36   2.62359  0.40885  2.26458  1.83779     36 C - - >
          1.38629  1.38629  1.38629  1.38629
          0.05787  3.57148  3.57148  1.46634  0.26236  1.09861  0.40547
     37   2.61722  0.41017  2.26252  1.83654     37 C - - >
          1.38629  1.38629  1.38629  1.38629
          0.05787  3.57148  3.57148  1.46634  0.26236  1.09861  0.40547
     38   1.94499  2.03257  2.42069  0.45075     38 U - - ,
          1.38629  1.38629  1.38629  1.38629
          0.05961  3.54279  3.54279  1.46634  0.26236  1.09861  0.40547
     39   0.37884  2.45179  2.25333  2.08619     39 A - - ,
          1.38629  1.38629  1.38629  1.38629
          0.05961  3.54279  3.54279  1.46634  0.26236  1.09861  0.40547
     40   0.37884  2.45179  2.25333  2.08619     40 A - - ,
          1.38629  1.38629  1.38629  1.38629
          0.05961  3.54279  3.54279  1.46634  0.26236  1.09861  0.40547
     41   2.26098  1.41607  1.88797  0.68974     41 U - - <
          1.38629  1.38629  1.38629  1.38629
          0.05961  3.54279  3.54279  1.46634  0.26236  1.09861  0.40547
     42   2.09789  2.38336  0.37158  2.34964     42 G - - <
          1.38629  1.38629  1.38629  1.38629
          0.05961  3.54279  3.54279  1.46634  0.26236  1.09861  0.40547
     43   0.82468  1.97887  1.27157  1.94484     43 a - - <
          1.38629  1.38629  1.38629  1.38629
          0.05961  3.54279  3.54279  1.46634  0.26236  1.09861  0.40547
     44   2.25643  1.41653  1.88700  0.69076     44 U - - <
          1.38629  1.38629  1.38629  1.38629
          0.05961  3.54279  3.54279  1.46634  0.26236  1.09861  0.40547
     45   2.25604  1.41657  1.88692  0.69085     45 U - - <
          1.38629  1.38629  1.38629  1.38629
          0.05961  3.54279  3.54279  1.46634  0.26236  1.09861  0.40547
     46   0.82485  1.97862  1.27171  1.94429     46 a - - <
          1.38629  1.38629  1.38629  1.38629
          0.05961  3.54279  3.54279  1.46634  0.26236  1.09861  0.40547
     47   2.45667  0.52993  2.10384  1.59137     47 C - - <
          1.38629  1.38629  1.38629  1.38629
          0.05961  3.54279  3.54279  1.46634  0.26236  1.09861  0.40547
     48   0.37884  2.45179  2.25333  2.08619     48 A - - -
          1.38629  1.38629  1.38629  1.38629
          0.05961  3.54279  3.54279  1.46634  0.26236  1.09861  0.40547
     49   0.37884  2.45179  2.25333  2.08619     49 A - - -
          1.38629  1.38629  1.38629  1.38629
          0.05961  3.54279  3.54279  1.46634  0.26236  1.09861  0.40547
     50   1.90202  1.99915  2.37368  0.47458     50 U - - -
          1.38629  1.38629  1.38629  1.38629
          0.05961  3.54279  3.54279  1.46634  0.26236  1.09861  0.40547
     51   2.25345  1.41683  1.88636  0.69143     51 U - - <
          1.38629  1.38629  1.38629  1.38629
          0.05961  3.54279  3.54279  1.46634  0.26236  1.09861  0.40547
     52   0.82495  1.97848  1.27179  1.94396     52 a - - <
          1.38629  1.38629  1.38629  1.38629
          0.05961  3.54279  3.54279  1.46634  0.26236  1.09861  0.40547
     53   1.89450  2.06447  0.53500  1.98740     53 G - - <
          1.38629  1.38629  1.38629  1.38629
          0.05961  3.54279  3.54279  1.46634  0.26236  1.09861  0.40547
     54   1.90202  1.99915  2.37368  0.47458     54 U - - -
          1.38629  1.38629  1.38629  1.38629
          0.05961  3.54279  3.54279  1.46634  0.26236  1.09861  0.40547
     55   0.82518  1.97815  1.27198  1.94323     55 a - - <
          1.38629  1.38629  1.38629  1.38629
          0.05961  3.54279  3.54279  1.46634  0.26236  1.09861  0.40547
     56   2.41625  0.53167  2.14943  1.57712     56 C - - <
          1.38629  1.38629  1.38629  1.38629
          0.05961  3.54279  3.54279  1.46634  0.26236  1.09861  0.40547
     57   2.45651  0.52997  2.10379  1.59136     57 C - - <
          1.38629  1.38629  1.38629  1.38629
          0.05961  3.54279  3.54279  1.46634  0.26236  1.09861  0.40547
     58   0.37884  2.45179  2.25333  2.08619     58 A - - -
          1.38629  1.38629  1.38629  1.38629
          0.05961  3.54279  3.54279  1.46634  0.26236  1.09861  0.40547
     59   1.90202  1.99915  2.37368  0.47458     59 U - - -
          1.38629  1.38629  1.38629  1.38629
          0.05961  3.54279  3.54279  1.46634  0.26236  1.09861  0.40547
     60   1.86129  2.59098  0.42310  2.16659     60 G - - -
          1.38629  1.38629  1.38629  1.38629
          0.05961  3.54279  3.54279  1.46634  0.26236  1.09861  0.40547
     61   1.90202  1.99915  2.37368  0.47458     61 U - - -
          1.38629  1.38629  1.38629  1.38629
          0.05961  3.54279  3.54279  1.46634  0.26236  1.09861  0.40547
     62   2.22550  1.35451  1.89088  0.72779     62 u - - <
          1.38629  1.38629  1.38629  1.38629
          0.05961  3.54279  3.54279  1.46634  0.26236  1.09861  0.40547
     63   2.09425  2.38095  0.37311  2.34563     63 G - - <
          1.38629  1.38629  1.38629  1.38629
          0.05961  3.54279  3.54279  1.46634  0.26236  1.09861  0.40547
     64   2.45641  0.52999  2.10376  1.59135     64 C - - <
          1.38629  1.38629  1.38629  1.38629
          0.05961  3.54279  3.54279  1.46634  0.26236  1.09861  0.40547
     65   0.82481  1.97868  1.27168  1.94442     65 a - - <
          1.38629  1.38629  1.38629  1.38629
          0.05961  3.54279  3.54279  1.46634  0.26236  1.09861  0.40547
     66   1.65250  2.13285  0.57773  2.04981     66 G - - <
          1.38629  1.38629  1.38629  1.38629
          0.05961  3.54279  3.54279  1.46634  0.26236  1.09861  0.40547
     67   2.25629  1.41654  1.88697  0.69079     67 U - - <
          1.38629  1.38629  1.38629  1.38629
          0.05961  3.54279  3.54279  1.46634  0.26236  1.09861  0.40547
     68   1.90202  1.99915  2.37368  0.47458     68 U - - -
          1.38629  1.38629  1.38629  1.38629
          0.05961  3.54279  3.54279  1.46634  0.26236  1.09861  0.40547
     69   1.90202  1.99915  2.37368  0.47458     69 U - - -
          1.38629  1.38629  1.38629  1.38629
          0.05961  3.54279  3.54279  1.46634  0.26236  1.09861  0.40547
     70   2.09180  2.37933  0.37415  2.34292     70 G - - <
          1.38629  1.38629  1.38629  1.38629
          0.05961  3.54279  3.54279  1.46634  0.26236  1.09861  0.40547
     71   2.09458  2.38117  0.37297  2.34600     71 G - - <
          1.38629  1.38629  1.38629  1.38629
          0.05961  3.54279  3.54279  1.46634  0.26236  1.09861  0.40547
     72   1.64207  1.84337  1.96589  0.67707     72 U - - _
          1.38629  1.38629  1.38629  1.38629
          0.05961  3.54279  3.54279  1.46634  0.26236  1.09861  0.40547
     73   1.90202  1.99915  2.37368  0.47458     73 U - - _
          1.38629  1.38629  1.38629  1.38629
          0.05961  3.54279  3.54279  1.46634  0.26236  1.09861  0.40547
     74   1.90202  1.99915  2.37368  0.47458     74 U - - _
          1.38629  1.38629  1.38629  1.38629
          0.05961  3.54279  3.54279  1.46634  0.26236  1.09861  0.40547
     75   0.37884  2.45179  2.25333  2.08619     75 A - - _
          1.38629  1.38629  1.38629  1.38629
          0.05961  3.54279  3.54279  1.46634  0.26236  1.09861  0.40547
     76   1.90202  1.99915  2.37368  0.47458     76 U - - _
          1.38629  1.38629  1.38629  1.38629
          0.05961  3.54279  3.54279  1.46634  0.26236  1.09861  0.40547
     77   1.90202  1.99915  2.37368  0.47458     77 U - - _
          1.38629  1.38629  1.38629  1.38629
          0.05961  3.54279  3.54279  1.46634  0.26236  1.09861  0.40547
     78   2.57765  0.42957  2.21002  1.81057     78 C - - >
          1.38629  1.38629  1.38629  1.38629
          0.05961  3.54279  3.54279  1.46634  0.26236  1.09861  0.40547
     79   2.57803  0.42949  2.21013  1.81065     79 C - - >
          1.38629  1.38629  1.38629  1.38629
          0.05961  3.54279  3.54279  1.46634  0.26236  1.09861  0.40547
     80   1.90202  1.99915  2.37368  0.47458     80 U - - -
          1.38629  1.38629  1.38629  1.38629
          0.05961  3.54279  3.54279  1.46634  0.26236  1.09861  0.40547
     81   1.90202  1.99915  2.37368  0.47458     81 U - - -
          1.38629  1.38629  1.38629  1.38629
          0.05961  3.54279  3.54279  1.46634  0.26236  1.09861  0.40547
     82   0.79384  2.05439  1.25208  2.01132     82 a - - >
          1.38629  1.38629  1.38629  1.38629
          0.05961  3.54279  3.54279  1.46634  0.26236  1.09861  0.40547
     83   2.27587  1.30749  1.94630  0.72568     83 u - - >
          1.38629  1.38629  1.38629  1.38629
          0.05961  3.54279  3.54279  1.46634  0.26236  1.09861  0.40547
     84   2.17927  1.48551  1.79874  0.70324     84 u - - >
          1.38629  1.38629  1.38629  1.38629
          0.05961  3.54279  3.54279  1.46634  0.26236  1.09861  0.40547
     85   1.86141  2.26566  0.45978  2.21311     85 G - - >
          1.38629  1.38629  1.38629  1.38629
          0.05961  3.54279  3.54279  1.46634  0.26236  1.09861  0.40547
     86   2.57731  0.42965  2.20991  1.81051     86 C - - >
          1.38629  1.38629  1.38629  1.38629
          0.05961  3.54279  3.54279  1.46634  0.26236  1.09861  0.40547
     87   0.87654  2.05060  1.14029  1.99954     87 a - - >
          1.38629  1.38629  1.38629  1.38629
          0.05961  3.54279  3.54279  1.46634  0.26236  1.09861  0.40547
     88   1.76684  1.74031  2.25327  0.60037     88 U - - -
          1.38629  1.38629  1.38629  1.38629
          0.05961  3.54279  3.54279  1.46634  0.26236  1.09861  0.40547
     89   1.90202  1.99915  2.37368  0.47458     89 U - - -
          1.38629  1.38629  1.38629  1.38629
          0.05961  3.54279  3.54279  1.46634  0.26236  1.09861  0.40547
     90   1.42306  2.03677  0.80571  1.70481     90 g - - -
          1.38629  1.38629  1.38629  1.38629
          0.05961  3.54279  3.54279  1.46634  0.26236  1.09861  0.40547
     91   0.37884  2.45179  2.25333  2.08619     91 A - - -
          1.38629  1.38629  1.38629  1.38629
          0.05961  3.54279  3.54279  1.46634  0.26236  1.09861  0.40547
     92   1.90202  1.99915  2.37368  0.47458     92 U - - -
          1.38629  1.38629  1.38629  1.38629
          0.05961  3.54279  3.54279  1.46634  0.26236  1.09861  0.40547
     93   0.54047  2.17761  2.09350  1.70950     93 A - - -
          1.38629  1.38629  1.38629  1.38629
          0.05961  3.54279  3.54279  1.46634  0.26236  1.09861  0.40547
     94   1.85903  2.26379  0.46122  2.20993     94 G - - >
          1.38629  1.38629  1.38629  1.38629
          0.05961  3.54279  3.54279  1.46634  0.26236  1.09861  0.40547
     95   1.75971  2.30698  0.48383  2.18990     95 G - - >
          1.38629  1.38629  1.38629  1.38629
          0.05961  3.54279  3.54279  1.46634  0.26236  1.09861  0.40547
     96   2.16852  1.48641  1.79685  0.70593     96 u - - >
          1.38629  1.38629  1.38629  1.38629
          0.05961  3.54279  3.54279  1.46634  0.26236  1.09861  0.40547
     97   2.13154  0.62741  1.88455  1.63232     97 C - - >
          1.38629  1.38629  1.38629  1.38629
          0.05961  3.54279  3.54279  1.46634  0.26236  1.09861  0.40547
     98   2.17342  1.48600  1.79771  0.70470     98 u - - >
          1.38629  1.38629  1.38629  1.38629
          0.05961  3.54279  3.54279  1.46634  0.26236  1.09861  0.40547
     99   0.79534  2.05180  1.25330  2.00612     99 a - - >
          1.38629  1.38629  1.38629  1.38629
          0.05961  3.54279  3.54279  1.46634  0.26236  1.09861  0.40547
    100   1.86030  2.26478  0.46045  2.21162    100 G - - >
          1.38629  1.38629  1.38629  1.38629
          0.05961  3.54279  3.54279  1.46634  0.26236  1.09861  0.40547
    101   2.17760  1.48565  1.79844  0.70365    101 u - - >
          1.38629  1.38629  1.38629  1.38629
          0.05961  3.54279  3.54279  1.46634  0.26236  1.09861  0.40547
    102   0.79404  2.05405  1.25224  2.01063    102 a - - >
          1.38629  1.38629  1.38629  1.38629
          0.05961  3.54279  3.54279  1.46634  0.26236  1.09861  0.40547
    103   0.79409  2.05396  1.25228  2.01046    103 a - - >
          1.38629  1.38629  1.38629  1.38629
          0.05961  3.54279  3.54279  1.46634  0.26236  1.09861  0.40547
    104   2.17648  1.48574  1.79825  0.70393    104 u - - >
          1.38629  1.38629  1.38629  1.38629
          0.05961  3.54279  3.54279  1.46634  0.26236  1.09861  0.40547
    105   2.56915  0.43143  2.20740  1.80891    105 C - - >
          1.38629  1.38629  1.38629  1.38629
          0.05961  3.54279  3.54279  1.46634  0.26236  1.09861  0.40547
    106   0.79479  2.05276  1.25285  2.00804    106 a - - >
          1.38629  1.38629  1.38629  1.38629
          0.05961  3.54279  3.54279  1.46634  0.26236  1.09861  0.40547
    107   0.37884  2.45179  2.25333  2.08619    107 A - - ,
          1.38629  1.38629  1.38629  1.38629
          0.05961  3.54279  3.54279  1.46634  0.26236  1.09861  0.40547
    108   2.09503  2.38147  0.37278  2.34649    108 G - - <
          1.38629  1.38629  1.38629  1.38629
          0.05961  3.54279  3.54279  1.46634  0.26236  1.09861  0.40547
    109   2.37316  0.62327  2.04572  1.42156    109 C - - <
          1.38629  1.38629  1.38629  1.38629
          0.05961  3.54279  3.54279  1.46634  0.26236  1.09861  0.40547
    110   2.25653  1.41652  1.88702  0.69074    110 U - - <
          1.38629  1.38629  1.38629  1.38629
          0.05961  3.54279  3.54279  1.46634  0.26236  1.09861  0.40547
    111   2.25661  1.41651  1.88704  0.69072    111 U - - <
          1.38629  1.38629  1.38629  1.38629
          0.05961  3.54279  3.54279  1.46634  0.26236  1.09861  0.40547
    112   0.82476  1.97876  1.27163  1.94459    112 a - - <
          1.38629  1.38629  1.38629  1.38629
          0.05961  3.54279  3.54279  1.46634  0.26236  1.09861  0.40547
    113   1.90202  1.99915  2.37368  0.47458    113 U - - _
          1.38629  1.38629  1.38629  1.38629
          0.05961  3.54279  3.54279  1.46634  0.26236  1.09861  0.40547
    114   1.90202  1.99915  2.37368  0.47458    114 U - - _
          1.38629  1.38629  1.38629  1.38629
          0.05961  3.54279  3.54279  1.46634  0.26236  1.09861  0.40547
    115   1.86129  2.59098  0.42310  2.16659    115 G - - _
          1.38629  1.38629  1.38629  1.38629
          0.05961  3.54279  3.54279  1.46634  0.26236  1.09861  0.40547
    116   0.37884  2.45179  2.25333  2.08619    116 A - - _
          1.38629  1.38629  1.38629  1.38629
          0.05961  3.54279  3.54279  1.46634  0.26236  1.09861  0.40547
    117   0.37884  2.45179  2.25333  2.08619    117 A - - _
          1.38629  1.38629  1.38629  1.38629
          0.05961  3.54279  3.54279  1.46634  0.26236  1.09861  0.40547
    118   1.90202  1.99915  2.37368  0.47458    118 U - - _
          1.38629  1.38629  1.38629  1.38629
          0.05961  3.54279  3.54279  1.46634  0.26236  1.09861  0.40547
    119   2.17830  1.48559  1.79857  0.70348    119 u - - >
          1.38629  1.38629  1.38629  1.38629
          0.05961  3.54279  3.54279  1.46634  0.26236  1.09861  0.40547
    120   0.79395  2.05420  1.25217  2.01094    120 a - - >
          1.38629  1.38629  1.38629  1.38629
          0.05961  3.54279  3.54279  1.46634  0.26236  1.09861  0.40547
    121   0.79405  2.05402  1.25225  2.01057    121 a - - >
          1.38629  1.38629  1.38629  1.38629
          0.05961  3.54279  3.54279  1.46634  0.26236  1.09861  0.40547
    122   1.75286  2.20105  0.51474  2.13386    122 G - - >
          1.38629  1.38629  1.38629  1.38629
          0.05961  3.54279  3.54279  1.46634  0.26236  1.09861  0.40547
    123   2.56518  0.43230  2.20617  1.80814    123 C - - >
          1.38629  1.38629  1.38629  1.38629
          0.05961  3.54279  3.54279  1.46634  0.26236  1.09861  0.40547
    124   0.37884  2.45179  2.25333  2.08619    124 A - - :
          1.38629  1.38629  1.38629  1.38629
          0.05961  3.54279  3.54279  1.46634  0.26236  1.09861  0.40547
    125   0.54047  2.17761  2.09350  1.70950    125 A - - :
          1.38629  1.38629  1.38629  1.38629
          0.05961  3.54279  3.54279  1.46634  0.26236  1.09861  0.40547
    126   1.90202  1.99915  2.37368  0.47458    126 U - - :
          1.38629  1.38629  1.38629  1.38629
          0.05961  3.54279  3.54279  1.46634  0.26236  1.09861  0.40547
    127   0.37884  2.45179  2.25333  2.08619    127 A - - :
          1.38629  1.38629  1.38629  1.38629
          0.05961  3.54279  3.54279  1.46634  0.26236  1.09861  0.40547
    128   0.37884  2.45179  2.25333  2.08619    128 A - - :
          1.38629  1.38629  1.38629  1.38629
          0.05961  3.54279  3.54279  1.46634  0.26236  1.09861  0.40547
    129   0.37884  2.45179  2.25333  2.08619    129 A - - :
          1.38629  1.38629  1.38629  1.38629
          0.08807  3.54279  2.89370  1.46634  0.26236  1.09861  0.40547
    130   0.40038  2.40635  2.21188  2.03795    130 A - - :
          1.38629  1.38629  1.38629  1.38629
          0.09331  2.82396  3.51599  0.81170  0.58717  0.71542  0.67136
    131   0.37884  2.45179  2.25333  2.08619    132 A - - :
          1.38629  1.38629  1.38629  1.38629
          0.05961  3.54279  3.54279  1.46634  0.26236  1.09861  0.40547
    132   0.50720  2.27766  1.92304  1.90291    133 A - - :
          1.38629  1.38629  1.38629  1.38629
          0.05961  3.54279  3.54279  1.46634  0.26236  1.09861  0.40547
    133   1.90202  1.99915  2.37368  0.47458    134 U - - :
          1.38629  1.38629  1.38629  1.38629
          0.05961  3.54279  3.54279  1.46634  0.26236  1.09861  0.40547
    134   0.37884  2.45179  2.25333  2.08619    135 A - - :
          1.38629  1.38629  1.38629  1.38629
          0.05961  3.54279  3.54279  1.46634  0.26236  1.09861  0.40547
    135   0.37884  2.45179  2.25333  2.08619    136 A - - :
          1.38629  1.38629  1.38629  1.38629
          0.03025  3.51343        *  1.46634  0.26236  0.00000        *
//
