INFERNAL1/a [1.1.2 | July 2016]
NAME     at_nt_txpa_rata_bacillus_round5_0001
STATES   460
NODES    145
CLEN     152
W        175
ALPH     RNA
RF       no
CONS     yes
MAP      yes
DATE     Mon Dec 16 20:06:10 2019
COM      [1] cmbuild /home/co78wid/projects/master/results/ta_systems/txpa_rata_bacillus/2_structure_analysis/infernal_search/at_nt_txpa_rata_bacillus_cmbuild.txt /home/co78wid/projects/master/results/ta_systems/txpa_rata_bacillus/1_sequence_analysis/fold/at_nt_txpa_rata_bacillus_round5.stk
COM      [2] cmcalibrate --cpu 30 /home/co78wid/projects/master/results/ta_systems/txpa_rata_bacillus/2_structure_analysis/infernal_search/at_nt_txpa_rata_bacillus_cmbuild.txt
PBEGIN   0.05
PEND     0.05
WBETA    1e-07
QDBBETA1 1e-07
QDBBETA2 1e-15
N2OMEGA  1.52588e-05
N3OMEGA  1.52588e-05
ELSELF   -0.08926734
NSEQ     13
EFFN     1.939209
CKSUM    4176395788
NULL     0.000  0.000  0.000  0.000 
EFP7GF   -2.9422 0.71792
ECMLC    0.52817   -11.75406     0.13757     1600000      641034  0.001872
ECMGC    0.34440   -23.13220    -6.73250     1600000      113503  0.003524
ECMLI    0.42813    -8.95518     3.64164     1600000      263839  0.004548
ECMGI    0.39223   -11.32644     1.02675     1600000       50856  0.007865
CM
                                             [ ROOT    0 ]      -      - - - - -
     S     0    -1 0     1     4     1     1   175   202  -6.952  -7.159  -0.501  -1.845                 
    IL     1     1 2     1     4     1    38   177   205  -1.686  -2.369  -1.117  -4.855                  0.000  0.000  0.000  0.000 
    IR     2     2 3     2     3     1    38   177   204  -1.442  -0.798  -4.142                          0.000  0.000  0.000  0.000 
                                             [ MATL    1 ]      1      - C - - -
    ML     3     2 3     5     3     1    39   175   202  -7.574  -0.027  -6.228                         -0.860  1.263 -1.635 -0.460 
     D     4     2 3     5     3     0    29   171   199  -7.859  -3.372  -0.153                         
    IL     5     5 3     5     3     1    37   176   203  -1.442  -0.798  -4.142                          0.000  0.000  0.000  0.000 
                                             [ MATL    2 ]      2      - A - - -
    ML     6     5 3     8     3     1    39   174   201  -7.574  -0.027  -6.228                          1.486 -1.610 -1.317 -1.087 
     D     7     5 3     8     3     0    29   170   198  -7.859  -3.372  -0.153                         
    IL     8     8 3     8     3     1    37   175   202  -1.442  -0.798  -4.142                          0.000  0.000  0.000  0.000 
                                             [ MATL    3 ]      3      - A - - -
    ML     9     8 3    11     3     1    39   173   200  -7.574  -0.027  -6.228                          1.486 -1.610 -1.317 -1.087 
     D    10     8 3    11     3     0    29   169   197  -7.859  -3.372  -0.153                         
    IL    11    11 3    11     3     1    37   174   201  -1.442  -0.798  -4.142                          0.000  0.000  0.000  0.000 
                                             [ MATL    4 ]      4      - G - - -
    ML    12    11 3    14     3     1    38   172   199  -7.574  -0.027  -6.228                         -0.763 -1.833  1.433 -1.219 
     D    13    11 3    14     3     0    28   168   196  -7.859  -3.372  -0.153                         
    IL    14    14 3    14     3     1    36   173   200  -1.442  -0.798  -4.142                          0.000  0.000  0.000  0.000 
                                             [ MATL    5 ]      5      - C - - -
    ML    15    14 3    17     3     1    38   171   198  -7.574  -0.027  -6.228                         -0.860  1.263 -1.635 -0.460 
     D    16    14 3    17     3     0    28   167   195  -7.859  -3.372  -0.153                         
    IL    17    17 3    17     3     1    36   172   199  -1.442  -0.798  -4.142                          0.000  0.000  0.000  0.000 
                                             [ MATL    6 ]      6      - A - - -
    ML    18    17 3    20     3     1    38   170   197  -7.574  -0.027  -6.228                          1.486 -1.610 -1.317 -1.087 
     D    19    17 3    20     3     0    28   166   194  -7.859  -3.372  -0.153                         
    IL    20    20 3    20     3     1    36   171   198  -1.442  -0.798  -4.142                          0.000  0.000  0.000  0.000 
                                             [ MATL    7 ]      7      - A - - -
    ML    21    20 3    23     3     1    37   169   196  -7.574  -0.027  -6.228                          1.486 -1.610 -1.317 -1.087 
     D    22    20 3    23     3     0    27   165   193  -7.859  -3.372  -0.153                         
    IL    23    23 3    23     3     1    35   170   197  -1.442  -0.798  -4.142                          0.000  0.000  0.000  0.000 
                                             [ MATL    8 ]      8      - A - - -
    ML    24    23 3    26     3     1    37   168   195  -7.574  -0.027  -6.228                          1.486 -1.610 -1.317 -1.087 
     D    25    23 3    26     3     0    27   164   192  -7.859  -3.372  -0.153                         
    IL    26    26 3    26     3     1    35   169   196  -1.442  -0.798  -4.142                          0.000  0.000  0.000  0.000 
                                             [ MATL    9 ]      9      - A - - -
    ML    27    26 3    29     3     1    36   167   194  -7.574  -0.027  -6.228                          1.486 -1.610 -1.317 -1.087 
     D    28    26 3    29     3     0    27   163   191  -7.859  -3.372  -0.153                         
    IL    29    29 3    29     3     1    35   168   195  -1.442  -0.798  -4.142                          0.000  0.000  0.000  0.000 
                                             [ MATL   10 ]     10      - G - - -
    ML    30    29 3    32     3     1    36   166   193  -7.574  -0.027  -6.228                         -0.763 -1.833  1.433 -1.219 
     D    31    29 3    32     3     0    26   162   190  -7.859  -3.372  -0.153                         
    IL    32    32 3    32     3     1    34   167   194  -1.442  -0.798  -4.142                          0.000  0.000  0.000  0.000 
                                             [ MATL   11 ]     11      - U - - -
    ML    33    32 3    35     3     1    36   165   192  -7.574  -0.027  -6.228                         -0.808 -0.934 -1.494  1.351 
     D    34    32 3    35     3     0    26   161   189  -7.859  -3.372  -0.153                         
    IL    35    35 3    35     3     1    34   166   193  -1.442  -0.798  -4.142                          0.000  0.000  0.000  0.000 
                                             [ MATL   12 ]     12      - A - - -
    ML    36    35 3    38     3     1    35   164   191  -7.574  -0.027  -6.228                          1.486 -1.610 -1.317 -1.087 
     D    37    35 3    38     3     0    26   160   188  -7.859  -3.372  -0.153                         
    IL    38    38 3    38     3     1    33   165   192  -1.442  -0.798  -4.142                          0.000  0.000  0.000  0.000 
                                             [ MATL   13 ]     13      - U - - -
    ML    39    38 3    41     3     1    35   163   190  -7.574  -0.027  -6.228                         -0.808 -0.934 -1.494  1.351 
     D    40    38 3    41     3     0    25   159   187  -7.859  -3.372  -0.153                         
    IL    41    41 3    41     3     1    33   164   191  -1.442  -0.798  -4.142                          0.000  0.000  0.000  0.000 
                                             [ MATL   14 ]     14      - U - - -
    ML    42    41 3    44     3     1    35   162   189  -7.574  -0.027  -6.228                         -0.808 -0.934 -1.494  1.351 
     D    43    41 3    44     3     0    25   158   186  -7.859  -3.372  -0.153                         
    IL    44    44 3    44     3     1    33   163   190  -1.442  -0.798  -4.142                          0.000  0.000  0.000  0.000 
                                             [ MATL   15 ]     15      - G - - -
    ML    45    44 3    47     3     1    34   161   188  -7.574  -0.027  -6.228                         -0.763 -1.833  1.433 -1.219 
     D    46    44 3    47     3     0    25   157   185  -7.859  -3.372  -0.153                         
    IL    47    47 3    47     3     1    32   162   189  -1.442  -0.798  -4.142                          0.000  0.000  0.000  0.000 
                                             [ MATL   16 ]     16      - C - - -
    ML    48    47 3    50     3     1    34   160   187  -7.574  -0.027  -6.228                         -0.860  1.263 -1.635 -0.460 
     D    49    47 3    50     3     0    25   156   184  -7.859  -3.372  -0.153                         
    IL    50    50 3    50     3     1    32   161   188  -1.442  -0.798  -4.142                          0.000  0.000  0.000  0.000 
                                             [ MATL   17 ]     17      - A - - -
    ML    51    50 3    53     3     1    34   159   186  -7.574  -0.027  -6.228                          1.486 -1.610 -1.317 -1.087 
     D    52    50 3    53     3     0    24   155   183  -7.859  -3.372  -0.153                         
    IL    53    53 3    53     3     1    32   160   187  -1.442  -0.798  -4.142                          0.000  0.000  0.000  0.000 
                                             [ MATL   18 ]     18      - A - - -
    ML    54    53 3    56     3     1    33   158   185  -7.574  -0.027  -6.228                          1.486 -1.610 -1.317 -1.087 
     D    55    53 3    56     3     0    24   154   182  -7.859  -3.372  -0.153                         
    IL    56    56 3    56     3     1    31   159   186  -1.442  -0.798  -4.142                          0.000  0.000  0.000  0.000 
                                             [ MATL   19 ]     19      - C - - -
    ML    57    56 3    59     3     1    33   157   184  -7.574  -0.027  -6.228                         -0.860  1.263 -1.635 -0.460 
     D    58    56 3    59     3     0    24   153   181  -7.859  -3.372  -0.153                         
    IL    59    59 3    59     3     1    31   158   185  -1.442  -0.798  -4.142                          0.000  0.000  0.000  0.000 
                                             [ MATL   20 ]     20      - U - - -
    ML    60    59 3    62     3     1    33   156   183  -7.574  -0.027  -6.228                         -0.808 -0.934 -1.494  1.351 
     D    61    59 3    62     3     0    23   152   180  -7.859  -3.372  -0.153                         
    IL    62    62 3    62     3     1    31   157   184  -1.442  -0.798  -4.142                          0.000  0.000  0.000  0.000 
                                             [ MATL   21 ]     21      - A - - -
    ML    63    62 3    65     3     1    32   155   182  -7.574  -0.027  -6.228                          1.486 -1.610 -1.317 -1.087 
     D    64    62 3    65     3     0    23   151   179  -7.859  -3.372  -0.153                         
    IL    65    65 3    65     3     1    30   156   183  -1.442  -0.798  -4.142                          0.000  0.000  0.000  0.000 
                                             [ MATL   22 ]     22      - C - - -
    ML    66    65 3    68     3     1    32   154   181  -7.574  -0.027  -6.228                         -0.860  1.263 -1.635 -0.460 
     D    67    65 3    68     3     0    23   150   178  -7.859  -3.372  -0.153                         
    IL    68    68 3    68     3     1    30   155   182  -1.442  -0.798  -4.142                          0.000  0.000  0.000  0.000 
                                             [ MATL   23 ]     23      - U - - -
    ML    69    68 3    71     3     1    32   153   180  -7.574  -0.027  -6.228                         -0.808 -0.934 -1.494  1.351 
     D    70    68 3    71     3     0    23   149   177  -7.859  -3.372  -0.153                         
    IL    71    71 3    71     3     1    30   154   181  -1.442  -0.798  -4.142                          0.000  0.000  0.000  0.000 
                                             [ MATL   24 ]     24      - G - - -
    ML    72    71 3    74     3     1    31   152   179  -7.574  -0.027  -6.228                         -0.763 -1.833  1.433 -1.219 
     D    73    71 3    74     3     0    22   148   176  -7.859  -3.372  -0.153                         
    IL    74    74 3    74     3     1    29   153   180  -1.442  -0.798  -4.142                          0.000  0.000  0.000  0.000 
                                             [ MATL   25 ]     25      - G - - -
    ML    75    74 3    77     3     1    31   151   178  -7.574  -0.027  -6.228                         -0.763 -1.833  1.433 -1.219 
     D    76    74 3    77     3     0    22   147   175  -7.859  -3.372  -0.153                         
    IL    77    77 3    77     3     1    29   152   179  -1.442  -0.798  -4.142                          0.000  0.000  0.000  0.000 
                                             [ MATL   26 ]     26      - c - - -
    ML    78    77 3    80     3     1    31   150   177  -7.574  -0.027  -6.228                         -0.464  0.665 -1.219  0.333 
     D    79    77 3    80     3     0    22   146   174  -7.859  -3.372  -0.153                         
    IL    80    80 3    80     3     1    29   151   178  -1.442  -0.798  -4.142                          0.000  0.000  0.000  0.000 
                                             [ MATL   27 ]     27      - G - - -
    ML    81    80 3    83     3     1    30   149   176  -7.574  -0.027  -6.228                         -0.763 -1.833  1.433 -1.219 
     D    82    80 3    83     3     0    22   145   173  -7.859  -3.372  -0.153                         
    IL    83    83 3    83     3     1    28   150   177  -1.442  -0.798  -4.142                          0.000  0.000  0.000  0.000 
                                             [ MATL   28 ]     28      - U - - -
    ML    84    83 3    86     3     1    30   148   175  -7.574  -0.027  -6.228                         -0.808 -0.934 -1.494  1.351 
     D    85    83 3    86     3     0    21   144   172  -7.859  -3.372  -0.153                         
    IL    86    86 3    86     3     1    28   149   176  -1.442  -0.798  -4.142                          0.000  0.000  0.000  0.000 
                                             [ MATL   29 ]     29      - A - - -
    ML    87    86 3    89     3     1    30   147   174  -7.574  -0.027  -6.228                          1.486 -1.610 -1.317 -1.087 
     D    88    86 3    89     3     0    21   143   171  -7.859  -3.372  -0.153                         
    IL    89    89 3    89     3     1    28   148   175  -1.442  -0.798  -4.142                          0.000  0.000  0.000  0.000 
                                             [ MATL   30 ]     30      - A - - -
    ML    90    89 3    92     3     1    30   146   173  -7.574  -0.027  -6.228                          1.486 -1.610 -1.317 -1.087 
     D    91    89 3    92     3     0    21   142   170  -7.859  -3.372  -0.153                         
    IL    92    92 3    92     3     1    28   147   174  -1.442  -0.798  -4.142                          0.000  0.000  0.000  0.000 
                                             [ MATL   31 ]     31      - G - - -
    ML    93    92 3    95     3     1    29   145   172  -7.574  -0.027  -6.228                         -0.763 -1.833  1.433 -1.219 
     D    94    92 3    95     3     0    21   141   169  -7.859  -3.372  -0.153                         
    IL    95    95 3    95     3     1    27   146   173  -1.442  -0.798  -4.142                          0.000  0.000  0.000  0.000 
                                             [ MATL   32 ]     32      - C - - -
    ML    96    95 3    98     3     1    29   144   171  -7.574  -0.027  -6.228                         -0.860  1.263 -1.635 -0.460 
     D    97    95 3    98     3     0    20   140   168  -7.859  -3.372  -0.153                         
    IL    98    98 3    98     3     1    27   145   172  -1.442  -0.798  -4.142                          0.000  0.000  0.000  0.000 
                                             [ MATL   33 ]     33      - U - - -
    ML    99    98 3   101     3     1    29   143   170  -7.574  -0.027  -6.228                         -0.808 -0.934 -1.494  1.351 
     D   100    98 3   101     3     0    20   139   167  -7.859  -3.372  -0.153                         
    IL   101   101 3   101     3     1    27   144   171  -1.442  -0.798  -4.142                          0.000  0.000  0.000  0.000 
                                             [ MATL   34 ]     34      - U - - -
    ML   102   101 3   104     3     1    28   141   169  -7.574  -0.027  -6.228                         -0.808 -0.934 -1.494  1.351 
     D   103   101 3   104     3     0    20   138   166  -7.859  -3.372  -0.153                         
    IL   104   104 3   104     3     1    26   143   170  -1.442  -0.798  -4.142                          0.000  0.000  0.000  0.000 
                                             [ MATL   35 ]     35      - A - - -
    ML   105   104 3   107     3     1    28   140   168  -7.574  -0.027  -6.228                          1.486 -1.610 -1.317 -1.087 
     D   106   104 3   107     3     0    20   137   165  -7.859  -3.372  -0.153                         
    IL   107   107 3   107     3     1    26   142   169  -1.442  -0.798  -4.142                          0.000  0.000  0.000  0.000 
                                             [ MATL   36 ]     36      - U - - -
    ML   108   107 3   110     3     1    28   139   167  -7.574  -0.027  -6.228                         -0.808 -0.934 -1.494  1.351 
     D   109   107 3   110     3     0    19   136   164  -7.859  -3.372  -0.153                         
    IL   110   110 3   110     3     1    26   141   168  -1.442  -0.798  -4.142                          0.000  0.000  0.000  0.000 
                                             [ MATL   37 ]     37      - A - - -
    ML   111   110 3   113     3     1    27   138   166  -7.574  -0.027  -6.228                          1.486 -1.610 -1.317 -1.087 
     D   112   110 3   113     3     0    19   135   163  -7.859  -3.372  -0.153                         
    IL   113   113 3   113     3     1    26   140   167  -1.442  -0.798  -4.142                          0.000  0.000  0.000  0.000 
                                             [ MATL   38 ]     38      - G - - -
    ML   114   113 3   116     3     1    27   137   165  -7.574  -0.027  -6.228                         -0.763 -1.833  1.433 -1.219 
     D   115   113 3   116     3     0    19   134   162  -7.859  -3.372  -0.153                         
    IL   116   116 3   116     3     1    25   139   166  -1.442  -0.798  -4.142                          0.000  0.000  0.000  0.000 
                                             [ MATL   39 ]     39      - U - - -
    ML   117   116 3   119     3     1    27   136   164  -7.574  -0.027  -6.228                         -0.808 -0.934 -1.494  1.351 
     D   118   116 3   119     3     0    19   133   161  -7.859  -3.372  -0.153                         
    IL   119   119 3   119     3     1    25   138   165  -1.442  -0.798  -4.142                          0.000  0.000  0.000  0.000 
                                             [ MATL   40 ]     40      - U - - -
    ML   120   119 3   122     3     1    27   135   163  -7.574  -0.027  -6.228                         -0.808 -0.934 -1.494  1.351 
     D   121   119 3   122     3     0    18   132   160  -7.859  -3.372  -0.153                         
    IL   122   122 3   122     3     1    25   137   164  -1.442  -0.798  -4.142                          0.000  0.000  0.000  0.000 
                                             [ MATL   41 ]     41      - G - - -
    ML   123   122 3   125     3     1    26   134   162  -7.574  -0.027  -6.228                         -0.763 -1.833  1.433 -1.219 
     D   124   122 3   125     3     0    18   131   159  -7.859  -3.372  -0.153                         
    IL   125   125 3   125     3     1    24   136   163  -1.442  -0.798  -4.142                          0.000  0.000  0.000  0.000 
                                             [ MATL   42 ]     42      - G - - -
    ML   126   125 3   128     3     1    26   133   161  -7.574  -0.027  -6.228                         -0.763 -1.833  1.433 -1.219 
     D   127   125 3   128     3     0    18   130   158  -7.859  -3.372  -0.153                         
    IL   128   128 3   128     3     1    24   135   162  -1.442  -0.798  -4.142                          0.000  0.000  0.000  0.000 
                                             [ MATL   43 ]     43      - U - - -
    ML   129   128 3   131     3     1    26   132   160  -7.574  -0.027  -6.228                         -0.808 -0.934 -1.494  1.351 
     D   130   128 3   131     3     0    18   129   157  -7.859  -3.372  -0.153                         
    IL   131   131 3   131     3     1    24   134   161  -1.442  -0.798  -4.142                          0.000  0.000  0.000  0.000 
                                             [ MATL   44 ]     44      - A - - -
    ML   132   131 3   134     3     1    25   131   159  -7.574  -0.027  -6.228                          1.486 -1.610 -1.317 -1.087 
     D   133   131 3   134     3     0    17   128   156  -7.859  -3.372  -0.153                         
    IL   134   134 3   134     3     1    24   133   160  -1.442  -0.798  -4.142                          0.000  0.000  0.000  0.000 
                                             [ MATL   45 ]     45      - C - - -
    ML   135   134 3   137     3     1    25   130   158  -7.574  -0.027  -6.228                         -0.860  1.263 -1.635 -0.460 
     D   136   134 3   137     3     0    17   127   155  -7.859  -3.372  -0.153                         
    IL   137   137 3   137     3     1    23   132   159  -1.442  -0.798  -4.142                          0.000  0.000  0.000  0.000 
                                             [ MATL   46 ]     46      - C - - -
    ML   138   137 3   140     3     1    25   129   157  -7.574  -0.027  -6.228                         -0.860  1.263 -1.635 -0.460 
     D   139   137 3   140     3     0    17   126   153  -7.859  -3.372  -0.153                         
    IL   140   140 3   140     3     1    23   130   158  -1.442  -0.798  -4.142                          0.000  0.000  0.000  0.000 
                                             [ MATL   47 ]     47      - A - - -
    ML   141   140 3   143     3     1    25   128   156  -1.944  -0.460  -6.228                          1.486 -1.610 -1.317 -1.087 
     D   142   140 3   143     3     0    17   125   152  -7.859  -3.372  -0.153                         
    IL   143   143 3   143     3     1    24   128   156  -1.979  -0.500  -4.679                          0.000  0.000  0.000  0.000 
                                             [ MATL   48 ]     49      - A - - -
    ML   144   143 3   146     3     1    24   127   154  -7.574  -0.027  -6.228                          1.486 -1.610 -1.317 -1.087 
     D   145   143 3   146     3     0    16   124   151  -7.859  -3.372  -0.153                         
    IL   146   146 3   146     3     1    23   128   155  -1.442  -0.798  -4.142                          0.000  0.000  0.000  0.000 
                                             [ MATL   49 ]     50      - U - - -
    ML   147   146 3   149     3     1    24   126   153  -7.574  -0.027  -6.228                         -0.808 -0.934 -1.494  1.351 
     D   148   146 3   149     3     0    16   123   150  -7.859  -3.372  -0.153                         
    IL   149   149 3   149     3     1    22   127   154  -1.442  -0.798  -4.142                          0.000  0.000  0.000  0.000 
                                             [ MATL   50 ]     51      - U - - -
    ML   150   149 3   152     3     1    24   125   152  -7.574  -0.027  -6.228                         -0.808 -0.934 -1.494  1.351 
     D   151   149 3   152     3     0    16   122   149  -7.859  -3.372  -0.153                         
    IL   152   152 3   152     3     1    22   126   153  -1.442  -0.798  -4.142                          0.000  0.000  0.000  0.000 
                                             [ MATL   51 ]     52      - A - - -
    ML   153   152 3   155     3     1    24   124   151  -7.574  -0.027  -6.228                          1.486 -1.610 -1.317 -1.087 
     D   154   152 3   155     3     0    16   121   148  -7.859  -3.372  -0.153                         
    IL   155   155 3   155     3     1    22   125   152  -1.442  -0.798  -4.142                          0.000  0.000  0.000  0.000 
                                             [ MATL   52 ]     53      - C - - -
    ML   156   155 3   158     3     1    23   123   150  -7.574  -0.027  -6.228                         -0.860  1.263 -1.635 -0.460 
     D   157   155 3   158     3     0    15   120   147  -7.859  -3.372  -0.153                         
    IL   158   158 3   158     3     1    22   124   151  -1.442  -0.798  -4.142                          0.000  0.000  0.000  0.000 
                                             [ MATL   53 ]     54      - c - - -
    ML   159   158 3   161     3     1    23   122   149  -7.574  -0.027  -6.228                          0.178  0.513 -0.979 -0.097 
     D   160   158 3   161     3     0    15   119   146  -7.859  -3.372  -0.153                         
    IL   161   161 3   161     3     1    21   123   150  -1.442  -0.798  -4.142                          0.000  0.000  0.000  0.000 
                                             [ MATL   54 ]     55      - A - - -
    ML   162   161 3   164     3     1    23   121   148  -7.574  -0.027  -6.228                          1.486 -1.610 -1.317 -1.087 
     D   163   161 3   164     3     0    15   118   145  -7.859  -3.372  -0.153                         
    IL   164   164 3   164     3     1    21   122   149  -1.442  -0.798  -4.142                          0.000  0.000  0.000  0.000 
                                             [ MATL   55 ]     56      - C - - -
    ML   165   164 3   167     3     1    23   120   147  -7.574  -0.027  -6.228                         -0.860  1.263 -1.635 -0.460 
     D   166   164 3   167     3     0    15   116   144  -7.859  -3.372  -0.153                         
    IL   167   167 3   167     3     1    21   121   148  -1.442  -0.798  -4.142                          0.000  0.000  0.000  0.000 
                                             [ MATL   56 ]     57      - A - - -
    ML   168   167 3   170     3     1    22   119   146  -7.574  -0.027  -6.228                          1.486 -1.610 -1.317 -1.087 
     D   169   167 3   170     3     0    14   115   143  -7.859  -3.372  -0.153                         
    IL   170   170 3   170     3     1    21   120   147  -1.442  -0.798  -4.142                          0.000  0.000  0.000  0.000 
                                             [ MATL   57 ]     58      - a - - -
    ML   171   170 3   173     3     1    22   118   145  -7.574  -0.027  -6.228                          0.724 -0.751 -0.850  0.263 
     D   172   170 3   173     3     0    14   114   142  -7.859  -3.372  -0.153                         
    IL   173   173 3   173     3     1    20   119   146  -1.442  -0.798  -4.142                          0.000  0.000  0.000  0.000 
                                             [ MATL   58 ]     59      - U - - -
    ML   174   173 3   176     3     1    22   117   144  -7.574  -0.027  -6.228                         -0.808 -0.934 -1.494  1.351 
     D   175   173 3   176     3     0    14   113   141  -7.859  -3.372  -0.153                         
    IL   176   176 3   176     3     1    20   118   145  -1.442  -0.798  -4.142                          0.000  0.000  0.000  0.000 
                                             [ MATL   59 ]     60      - A - - -
    ML   177   176 3   179     3     1    22   116   143  -7.574  -0.027  -6.228                          1.486 -1.610 -1.317 -1.087 
     D   178   176 3   179     3     0    14   112   140  -7.859  -3.372  -0.153                         
    IL   179   179 3   179     3     1    20   117   144  -1.442  -0.798  -4.142                          0.000  0.000  0.000  0.000 
                                             [ MATL   60 ]     61      - C - - -
    ML   180   179 3   182     3     1    21   115   142  -7.574  -0.027  -6.228                         -0.860  1.263 -1.635 -0.460 
     D   181   179 3   182     3     0    13   111   139  -7.859  -3.372  -0.153                         
    IL   182   182 3   182     3     1    20   116   143  -1.442  -0.798  -4.142                          0.000  0.000  0.000  0.000 
                                             [ MATL   61 ]     62      - a - - -
    ML   183   182 3   185     3     1    21   114   141  -7.574  -0.027  -6.228                          0.744 -0.157 -0.856 -0.190 
     D   184   182 3   185     3     0    13   110   138  -7.859  -3.372  -0.153                         
    IL   185   185 3   185     3     1    19   115   142  -1.442  -0.798  -4.142                          0.000  0.000  0.000  0.000 
                                             [ MATL   62 ]     63      - A - - -
    ML   186   185 3   188     3     1    21   113   140  -7.574  -0.027  -6.228                          1.486 -1.610 -1.317 -1.087 
     D   187   185 3   188     3     0    13   109   137  -7.859  -3.372  -0.153                         
    IL   188   188 3   188     3     1    19   114   141  -1.442  -0.798  -4.142                          0.000  0.000  0.000  0.000 
                                             [ MATL   63 ]     64      - C - - -
    ML   189   188 3   191     3     1    20   112   139  -7.574  -0.027  -6.228                         -0.860  1.263 -1.635 -0.460 
     D   190   188 3   191     3     0    13   108   136  -7.859  -3.372  -0.153                         
    IL   191   191 3   191     3     1    19   113   140  -1.442  -0.798  -4.142                          0.000  0.000  0.000  0.000 
                                             [ MATL   64 ]     65      - U - - -
    ML   192   191 3   194     3     1    20   111   138  -7.574  -0.027  -6.228                         -0.808 -0.934 -1.494  1.351 
     D   193   191 3   194     3     0    13   107   135  -7.859  -3.372  -0.153                         
    IL   194   194 3   194     3     1    18   112   139  -1.442  -0.798  -4.142                          0.000  0.000  0.000  0.000 
                                             [ MATL   65 ]     66      - U - - -
    ML   195   194 3   197     3     1    20   110   137  -7.574  -0.027  -6.228                         -0.808 -0.934 -1.494  1.351 
     D   196   194 3   197     3     0    12   106   134  -7.859  -3.372  -0.153                         
    IL   197   197 3   197     3     1    18   111   138  -1.442  -0.798  -4.142                          0.000  0.000  0.000  0.000 
                                             [ MATL   66 ]     67      - G - - -
    ML   198   197 3   200     3     1    19   109   136  -7.574  -0.027  -6.228                         -0.763 -1.833  1.433 -1.219 
     D   199   197 3   200     3     0    12   105   133  -7.859  -3.372  -0.153                         
    IL   200   200 3   200     3     1    18   110   137  -1.442  -0.798  -4.142                          0.000  0.000  0.000  0.000 
                                             [ MATL   67 ]     68      - U - - -
    ML   201   200 3   203     3     1    19   108   135  -7.574  -0.027  -6.228                         -0.808 -0.934 -1.494  1.351 
     D   202   200 3   203     3     0    12   104   132  -7.859  -3.372  -0.153                         
    IL   203   203 3   203     3     1    17   109   136  -1.442  -0.798  -4.142                          0.000  0.000  0.000  0.000 
                                             [ MATL   68 ]     69      - U - - -
    ML   204   203 3   206     3     1    18   107   134  -7.574  -0.027  -6.228                         -0.808 -0.934 -1.494  1.351 
     D   205   203 3   206     3     0    12   104   131  -7.859  -3.372  -0.153                         
    IL   206   206 3   206     3     1    17   108   135  -1.442  -0.798  -4.142                          0.000  0.000  0.000  0.000 
                                             [ MATL   69 ]     70      - A - - -
    ML   207   206 3   209     3     1    17   106   133  -7.574  -0.027  -6.228                          1.486 -1.610 -1.317 -1.087 
     D   208   206 3   209     3     0    11   103   130  -7.859  -3.372  -0.153                         
    IL   209   209 3   209     3     1    17   107   134  -1.442  -0.798  -4.142                          0.000  0.000  0.000  0.000 
                                             [ MATL   70 ]     71      - A - - -
    ML   210   209 3   212     3     1    17   105   132  -7.574  -0.027  -6.228                          1.486 -1.610 -1.317 -1.087 
     D   211   209 3   212     3     0    11   102   130  -7.859  -3.372  -0.153                         
    IL   212   212 3   212     3     1    16   106   133  -1.442  -0.798  -4.142                          0.000  0.000  0.000  0.000 
                                             [ MATL   71 ]     72      - u - - -
    ML   213   212 3   215     3     1    16   104   131  -7.574  -0.027  -6.228                         -0.448 -0.075 -1.169  0.905 
     D   214   212 3   215     3     0    11   102   129  -7.859  -1.986  -0.428                         
    IL   215   215 3   215     3     1    15   105   132  -1.442  -0.798  -4.142                          0.000  0.000  0.000  0.000 
                                             [ MATL   72 ]     73      - G - - -
    ML   216   215 3   218     3     1    15   103   130  -7.673  -0.025  -6.327                         -0.964 -2.075  1.529 -1.459 
     D   217   215 3   218     3     0    10   101   128  -7.614  -1.796  -0.500                         
    IL   218   218 3   218     3     1    15   104   131  -1.442  -0.798  -4.142                          0.000  0.000  0.000  0.000 
                                             [ MATL   73 ]     74      - U - - -
    ML   219   218 3   221     3     1    14   102   129  -8.165  -0.196  -3.020                         -1.120 -1.183 -1.831  1.495 
     D   220   218 3   221     3     0    10   100   127  -6.433  -1.547  -0.630                         
    IL   221   221 3   221     3     1    15   102   130  -1.925  -0.554  -4.164                          0.000  0.000  0.000  0.000 
                                             [ MATR   74 ]      -    157 - U - -
    MR   222   221 3   224     3     1    17   101   128  -7.994  -0.024  -6.311                         -0.808 -0.934 -1.494  1.351 
     D   223   221 3   224     3     0     9    98   125  -7.909  -3.087  -0.188                         
    IR   224   224 3   224     3     1    15   101   129  -1.925  -0.554  -4.164                          0.000  0.000  0.000  0.000 
                                             [ MATR   75 ]      -    156 - U - -
    MR   225   224 3   227     3     1    16   100   127  -7.994  -0.024  -6.311                         -0.808 -0.934 -1.494  1.351 
     D   226   224 3   227     3     0     9    97   124  -7.909  -3.087  -0.188                         
    IR   227   227 3   227     3     1    15   100   128  -1.925  -0.554  -4.164                          0.000  0.000  0.000  0.000 
                                             [ MATR   76 ]      -    155 - U - -
    MR   228   227 3   230     3     1    16    99   126  -7.994  -0.024  -6.311                         -0.808 -0.934 -1.494  1.351 
     D   229   227 3   230     3     0     8    96   123  -7.909  -3.087  -0.188                         
    IR   230   230 3   230     3     1    14    99   127  -1.925  -0.554  -4.164                          0.000  0.000  0.000  0.000 
                                             [ MATR   77 ]      -    154 - c - -
    MR   231   230 3   233     3     1    16    98   125  -7.994  -0.024  -6.311                         -0.464  0.665 -1.219  0.333 
     D   232   230 3   233     3     0     8    95   122  -7.909  -3.087  -0.188                         
    IR   233   233 3   233     3     1    14    98   126  -1.925  -0.554  -4.164                          0.000  0.000  0.000  0.000 
                                             [ MATR   78 ]      -    153 - C - -
    MR   234   233 3   236     3     1    15    97   124  -7.994  -0.024  -6.311                         -0.860  1.263 -1.635 -0.460 
     D   235   233 3   236     3     0     8    94   121  -7.909  -3.087  -0.188                         
    IR   236   236 3   236     3     1    14    97   125  -1.925  -0.554  -4.164                          0.000  0.000  0.000  0.000 
                                             [ MATR   79 ]      -    152 - C - -
    MR   237   236 3   239     3     1    15    96   123  -7.994  -0.024  -6.311                         -0.860  1.263 -1.635 -0.460 
     D   238   236 3   239     3     0     8    93   120  -7.909  -3.087  -0.188                         
    IR   239   239 3   239     3     1    13    96   124  -1.925  -0.554  -4.164                          0.000  0.000  0.000  0.000 
                                             [ MATR   80 ]      -    151 - A - -
    MR   240   239 3   242     3     1    15    95   122  -7.994  -0.024  -6.311                          1.486 -1.610 -1.317 -1.087 
     D   241   239 3   242     3     0     7    92   119  -7.909  -3.087  -0.188                         
    IR   242   242 3   242     3     1    13    95   123  -1.925  -0.554  -4.164                          0.000  0.000  0.000  0.000 
                                             [ MATR   81 ]      -    150 - U - -
    MR   243   242 3   245     3     1    15    94   121  -7.994  -0.024  -6.311                         -0.808 -0.934 -1.494  1.351 
     D   244   242 3   245     3     0     7    91   118  -7.909  -3.087  -0.188                         
    IR   245   245 3   245     3     1    13    94   122  -1.925  -0.554  -4.164                          0.000  0.000  0.000  0.000 
                                             [ MATR   82 ]      -    149 - C - -
    MR   246   245 3   248     3     1    14    93   120  -7.994  -0.024  -6.311                         -0.860  1.263 -1.635 -0.460 
     D   247   245 3   248     3     0     7    90   117  -7.909  -3.087  -0.188                         
    IR   248   248 3   248     3     1    13    93   121  -1.925  -0.554  -4.164                          0.000  0.000  0.000  0.000 
                                             [ MATR   83 ]      -    148 - a - -
    MR   249   248 3   251     3     1    14    92   119  -7.994  -0.024  -6.311                          0.941 -1.102 -0.119 -0.528 
     D   250   248 3   251     3     0     6    89   116  -7.909  -3.087  -0.188                         
    IR   251   251 3   251     3     1    12    92   120  -1.925  -0.554  -4.164                          0.000  0.000  0.000  0.000 
                                             [ MATR   84 ]      -    147 - A - -
    MR   252   251 3   254     3     1    14    91   118  -7.994  -0.024  -6.311                          1.486 -1.610 -1.317 -1.087 
     D   253   251 3   254     3     0     6    88   115  -7.909  -3.087  -0.188                         
    IR   254   254 3   254     3     1    12    91   119  -1.925  -0.554  -4.164                          0.000  0.000  0.000  0.000 
                                             [ MATR   85 ]      -    146 - A - -
    MR   255   254 3   257     3     1    13    90   117  -7.994  -0.024  -6.311                          1.486 -1.610 -1.317 -1.087 
     D   256   254 3   257     3     0     6    87   114  -7.909  -3.087  -0.188                         
    IR   257   257 3   257     3     1    12    90   118  -1.925  -0.554  -4.164                          0.000  0.000  0.000  0.000 
                                             [ MATR   86 ]      -    145 - G - -
    MR   258   257 3   260     3     1    13    89   116  -7.994  -0.024  -6.311                         -0.763 -1.833  1.433 -1.219 
     D   259   257 3   260     3     0     6    85   113  -7.909  -3.087  -0.188                         
    IR   260   260 3   260     3     1    12    89   117  -1.925  -0.554  -4.164                          0.000  0.000  0.000  0.000 
                                             [ MATR   87 ]      -    144 - a - -
    MR   261   260 3   263     3     1    13    88   115  -7.994  -0.024  -6.311                          0.858 -0.323 -0.868 -0.252 
     D   262   260 3   263     3     0     5    84   112  -7.909  -3.087  -0.188                         
    IR   263   263 3   263     3     1    11    88   116  -1.925  -0.554  -4.164                          0.000  0.000  0.000  0.000 
                                             [ MATR   88 ]      -    143 - A - -
    MR   264   263 3   266     3     1    13    87   114  -2.219  -0.372  -6.311                          1.486 -1.610 -1.317 -1.087 
     D   265   263 3   266     3     0     5    80   108  -7.909  -3.087  -0.188                         
    IR   266   266 3   266     3     1    12    88   116  -0.966  -1.100  -5.547                          0.000  0.000  0.000  0.000 
                                             [ MATR   89 ]      -    139 - A - -
    MR   267   266 3   269     3     1    12    78    97  -7.994  -0.024  -6.311                          1.486 -1.610 -1.317 -1.087 
     D   268   266 3   269     3     0     5    75    94  -7.909  -3.087  -0.188                         
    IR   269   269 3   269     3     1    11    79    98  -1.925  -0.554  -4.164                          0.000  0.000  0.000  0.000 
                                             [ MATR   90 ]      -    138 - U - -
    MR   270   269 3   272     3     1    12    77    96  -7.994  -0.024  -6.311                         -0.808 -0.934 -1.494  1.351 
     D   271   269 3   272     3     0     5    74    93  -7.909  -3.087  -0.188                         
    IR   272   272 3   272     3     1    10    78    97  -1.925  -0.554  -4.164                          0.000  0.000  0.000  0.000 
                                             [ MATR   91 ]      -    137 - U - -
    MR   273   272 3   275     3     1    12    76    95  -7.994  -0.024  -6.311                         -0.808 -0.934 -1.494  1.351 
     D   274   272 3   275     3     0     4    73    92  -7.909  -3.087  -0.188                         
    IR   275   275 3   275     3     1    10    77    96  -1.925  -0.554  -4.164                          0.000  0.000  0.000  0.000 
                                             [ MATR   92 ]      -    136 - u - -
    MR   276   275 3   278     3     1    12    75    94  -7.994  -0.024  -6.311                         -0.448 -0.075 -1.169  0.905 
     D   277   275 3   278     3     0     4    72    91  -7.909  -3.087  -0.188                         
    IR   278   278 3   278     3     1    10    76    94  -1.925  -0.554  -4.164                          0.000  0.000  0.000  0.000 
                                             [ MATR   93 ]      -    135 - U - -
    MR   279   278 3   281     3     1    11    74    93  -7.994  -0.024  -6.311                         -0.808 -0.934 -1.494  1.351 
     D   280   278 3   281     3     0     4    71    90  -7.909  -3.087  -0.188                         
    IR   281   281 3   281     3     1    10    75    93  -1.925  -0.554  -4.164                          0.000  0.000  0.000  0.000 
                                             [ MATR   94 ]      -    134 - C - -
    MR   282   281 3   284     3     1    11    73    92  -7.994  -0.024  -6.311                         -0.860  1.263 -1.635 -0.460 
     D   283   281 3   284     3     0     4    70    89  -7.909  -3.087  -0.188                         
    IR   284   284 3   284     3     1     9    74    92  -1.925  -0.554  -4.164                          0.000  0.000  0.000  0.000 
                                             [ MATR   95 ]      -    133 - G - -
    MR   285   284 3   287     3     1    11    72    91  -7.994  -0.024  -6.311                         -0.763 -1.833  1.433 -1.219 
     D   286   284 3   287     3     0     3    69    88  -7.909  -3.087  -0.188                         
    IR   287   287 3   287     3     1     9    73    91  -1.925  -0.554  -4.164                          0.000  0.000  0.000  0.000 
                                             [ MATR   96 ]      -    132 - A - -
    MR   288   287 3   290     3     1    10    71    90  -7.994  -0.024  -6.311                          1.486 -1.610 -1.317 -1.087 
     D   289   287 3   290     3     0     3    68    87  -7.909  -3.087  -0.188                         
    IR   290   290 3   290     3     1     9    72    90  -1.925  -0.554  -4.164                          0.000  0.000  0.000  0.000 
                                             [ MATR   97 ]      -    131 - U - -
    MR   291   290 3   293     3     1    10    70    89  -7.994  -0.024  -6.311                         -0.808 -0.934 -1.494  1.351 
     D   292   290 3   293     3     0     3    67    86  -7.909  -3.087  -0.188                         
    IR   293   293 3   293     3     1     9    71    89  -1.925  -0.554  -4.164                          0.000  0.000  0.000  0.000 
                                             [ MATR   98 ]      -    130 - C - -
    MR   294   293 3   296     3     1    10    69    88  -7.994  -0.024  -6.311                         -0.860  1.263 -1.635 -0.460 
     D   295   293 3   296     3     0     3    66    85  -7.909  -3.087  -0.188                         
    IR   296   296 3   296     3     1     8    70    88  -1.925  -0.554  -4.164                          0.000  0.000  0.000  0.000 
                                             [ MATR   99 ]      -    129 - U - -
    MR   297   296 3   299     3     1     9    68    87  -7.994  -0.024  -6.311                         -0.808 -0.934 -1.494  1.351 
     D   298   296 3   299     3     0     3    65    84  -7.909  -3.087  -0.188                         
    IR   299   299 3   299     3     1     8    69    87  -1.925  -0.554  -4.164                          0.000  0.000  0.000  0.000 
                                             [ MATR  100 ]      -    128 - C - -
    MR   300   299 3   302     3     1     9    67    86  -7.994  -0.024  -6.311                         -0.860  1.263 -1.635 -0.460 
     D   301   299 3   302     3     0     2    64    83  -7.909  -3.087  -0.188                         
    IR   302   302 3   302     3     1     8    68    86  -1.925  -0.554  -4.164                          0.000  0.000  0.000  0.000 
                                             [ MATR  101 ]      -    127 - A - -
    MR   303   302 3   305     3     1     8    66    85  -7.994  -0.024  -6.311                          1.486 -1.610 -1.317 -1.087 
     D   304   302 3   305     3     0     2    63    82  -7.909  -3.087  -0.188                         
    IR   305   305 3   305     3     1     7    67    85  -1.925  -0.554  -4.164                          0.000  0.000  0.000  0.000 
                                             [ MATR  102 ]      -    126 - C - -
    MR   306   305 3   308     3     1     7    65    84  -7.994  -0.024  -6.311                         -0.860  1.263 -1.635 -0.460 
     D   307   305 3   308     3     0     2    62    81  -7.909  -3.087  -0.188                         
    IR   308   308 3   308     3     1     7    66    84  -1.925  -0.554  -4.164                          0.000  0.000  0.000  0.000 
                                             [ MATR  103 ]      -    125 - g - -
    MR   309   308 3   311     3     1     6    64    83  -7.994  -0.024  -6.311                          0.247 -1.201  0.779 -0.594 
     D   310   308 3   311     3     0     2    62    80  -7.909  -3.087  -0.188                         
    IR   311   311 3   311     3     1     6    65    83  -1.925  -0.554  -4.164                          0.000  0.000  0.000  0.000 
                                             [ MATR  104 ]      -    124 - A - -
    MR   312   311 3   314     3     1     6    63    82  -7.994  -0.024  -6.311                          1.486 -1.610 -1.317 -1.087 
     D   313   311 3   314     3     0     2    61    80  -7.909  -0.794  -1.254                         
    IR   314   314 3   314     3     1     5    64    82  -1.925  -0.554  -4.164                          0.000  0.000  0.000  0.000 
                                             [ MATR  105 ]      -    123 - C - -
    MR   315   314 3   317     3     1     5    62    81  -8.260  -0.020  -6.578                         -1.497  1.551 -2.311 -0.961 
     D   316   314 3   317     3     0     0    60    79  -7.023  -2.201  -0.368                         
    IR   317   317 3   317     3     1     4    63    81  -1.925  -0.554  -4.164                          0.000  0.000  0.000  0.000 
                                             [ MATR  106 ]      -    122 - G - -
    MR   318   317 3   320     3     1     4    61    80  -8.260  -0.020  -6.578                         -1.363 -2.547  1.668 -1.933 
     D   319   317 3   320     3     0     0    59    78  -7.023  -2.201  -0.368                         
    IR   320   320 3   320     3     1     4    62    80  -1.925  -0.554  -4.164                          0.000  0.000  0.000  0.000 
                                             [ MATR  107 ]      -    121 - u - -
    MR   321   320 3   323     3     1     3    60    79  -8.260  -0.238  -2.748                         -0.381 -0.605 -0.504  0.902 
     D   322   320 3   323     3     0     0    58    77  -7.023  -2.201  -0.368                         
    IR   323   323 3   323     3     1     4    61    79  -1.925  -0.554  -4.164                          0.000  0.000  0.000  0.000 
                                             [ MATR  108 ]      -    120 - u - -
    MR   324   323 3   326     3     1     5    59    78  -8.045  -0.023  -6.363                         -0.468  0.068 -1.200  0.843 
     D   325   323 3   326     3     0     0    57    76  -7.785  -2.963  -0.206                         
    IR   326   326 3   326     3     1     4    60    78  -1.925  -0.554  -4.164                          0.000  0.000  0.000  0.000 
                                             [ MATR  109 ]      -    119 - G - -
    MR   327   326 3   329     3     1     4    58    77  -4.689  -0.075  -6.363                         -0.875 -1.969  1.490 -1.354 
     D   328   326 3   329     3     0     0    56    75  -7.785  -0.536  -1.709                         
    IR   329   329 3   329     3     1     2    58    77  -2.052  -0.499  -4.291                          0.000  0.000  0.000  0.000 
                                             [ MATR  110 ]      -    117 - u - -
    MR   330   329 3   332     3     1     3    57    75  -8.331  -0.019  -6.649                         -0.394 -0.402 -0.585  0.860 
     D   331   329 3   332     3     0     0    55    74  -6.597  -1.775  -0.520                         
    IR   332   332 3   332     3     1     2    58    76  -1.925  -0.554  -4.164                          0.000  0.000  0.000  0.000 
                                             [ MATR  111 ]      -    116 - G - -
    MR   333   332 3   335     3     1     3    56    74  -8.331  -0.019  -6.649                         -0.832 -2.230  1.537 -1.631 
     D   334   332 3   335     3     0     0    54    73  -6.597  -1.775  -0.520                         
    IR   335   335 3   335     3     1     2    57    75  -1.925  -0.554  -4.164                          0.000  0.000  0.000  0.000 
                                             [ MATR  112 ]      -    115 - a - -
    MR   336   335 3   338     3     1     3    55    73  -8.331  -0.019  -6.649                          0.704 -0.958  0.213 -0.522 
     D   337   335 3   338     3     0     0    53    72  -6.597  -1.775  -0.520                         
    IR   338   338 3   338     3     1     1    56    74  -1.925  -0.554  -4.164                          0.000  0.000  0.000  0.000 
                                             [ MATR  113 ]      -    114 - g - -
    MR   339   338 3   341     3     1     2    54    72  -8.331  -0.019  -6.649                         -0.405 -0.450  0.870 -0.547 
     D   340   338 3   341     3     0     0    52    71  -6.597  -1.232  -0.827                         
    IR   341   341 3   341     3     1     1    55    73  -1.925  -0.554  -4.164                          0.000  0.000  0.000  0.000 
                                             [ MATR  114 ]      -    113 - a - -
    MR   342   341 3   344     3     1     2    53    71  -8.358  -0.019  -6.676                          0.686  0.182 -1.105 -0.337 
     D   343   341 3   344     3     0     0    51    70  -6.390  -1.568  -0.620                         
    IR   344   344 3   344     3     1     1    54    72  -1.925  -0.554  -4.164                          0.000  0.000  0.000  0.000 
                                             [ MATR  115 ]      -    112 - C - -
    MR   345   344 3   347     3     1     1    52    70  -8.358  -0.019  -6.676                         -0.907  1.373 -1.932 -0.702 
     D   346   344 3   347     3     0     0    50    69  -6.390  -1.568  -0.620                         
    IR   347   347 3   347     3     1     1    53    71  -1.925  -0.554  -4.164                          0.000  0.000  0.000  0.000 
                                             [ MATR  116 ]      -    111 - a - -
    MR   348   347 3   350     3     1     1    51    69  -8.358  -0.019  -6.676                          0.396  0.264 -0.691 -0.211 
     D   349   347 3   350     3     0     0    49    68  -6.390  -1.568  -0.620                         
    IR   350   350 3   350     3     1     1    52    70  -1.925  -0.554  -4.164                          0.000  0.000  0.000  0.000 
                                             [ MATR  117 ]      -    110 - G - -
    MR   351   350 3   353     3     1     1    50    68  -8.358  -0.019  -6.676                         -0.922 -2.322  1.570 -1.725 
     D   352   350 3   353     3     0     0    48    67  -6.390  -1.568  -0.620                         
    IR   353   353 3   353     3     1     1    51    69  -1.925  -0.554  -4.164                          0.000  0.000  0.000  0.000 
                                             [ MATR  118 ]      -    109 - A - -
    MR   354   353 3   356     3     1     1    49    67  -8.358  -0.019  -6.676                          1.721 -2.379 -2.010 -1.922 
     D   355   353 3   356     3     0     0    47    66  -6.390  -1.568  -0.620                         
    IR   356   356 3   356     3     1     1    50    68  -1.925  -0.554  -4.164                          0.000  0.000  0.000  0.000 
                                             [ MATR  119 ]      -    108 - A - -
    MR   357   356 3   359     3     1     1    48    66  -8.358  -0.019  -6.676                          1.721 -2.379 -2.010 -1.922 
     D   358   356 3   359     3     0     0    46    65  -6.390  -1.568  -0.620                         
    IR   359   359 3   359     3     1     1    49    67  -1.925  -0.554  -4.164                          0.000  0.000  0.000  0.000 
                                             [ MATR  120 ]      -    107 - A - -
    MR   360   359 3   362     3     1     1    47    65  -8.358  -0.019  -6.676                          1.721 -2.379 -2.010 -1.922 
     D   361   359 3   362     3     0     0    45    64  -6.390  -1.568  -0.620                         
    IR   362   362 3   362     3     1     1    48    66  -1.925  -0.554  -4.164                          0.000  0.000  0.000  0.000 
                                             [ MATR  121 ]      -    106 - A - -
    MR   363   362 3   365     3     1     1    46    64  -8.358  -0.046  -5.147                          1.721 -2.379 -2.010 -1.922 
     D   364   362 3   365     3     0     0    44    63  -6.390  -1.568  -0.620                         
    IR   365   365 3   365     3     1     1    47    65  -1.925  -0.554  -4.164                          0.000  0.000  0.000  0.000 
                                             [ MATR  122 ]      -    105 - u - -
    MR   366   365 3   368     3     1     1    45    63  -8.331  -0.019  -6.649                          0.442 -0.822 -1.058  0.674 
     D   367   365 3   368     3     0     0    43    62  -6.597  -1.232  -0.827                         
    IR   368   368 3   368     3     1     1    46    64  -1.925  -0.554  -4.164                          0.000  0.000  0.000  0.000 
                                             [ MATR  123 ]      -    104 - A - -
    MR   369   368 3   371     3     1     1    44    62  -8.358  -0.019  -6.676                          1.721 -2.379 -2.010 -1.922 
     D   370   368 3   371     3     0     0    42    61  -6.390  -1.568  -0.620                         
    IR   371   371 3   371     3     1     1    44    63  -1.925  -0.554  -4.164                          0.000  0.000  0.000  0.000 
                                             [ MATR  124 ]      -    103 - U - -
    MR   372   371 3   374     3     1     1    43    61  -8.358  -0.019  -6.676                         -1.493 -1.488 -2.227  1.620 
     D   373   371 3   374     3     0     0    41    60  -6.390  -1.568  -0.620                         
    IR   374   374 3   374     3     1     1    43    62  -1.925  -0.554  -4.164                          0.000  0.000  0.000  0.000 
                                             [ MATR  125 ]      -    102 - A - -
    MR   375   374 3   377     3     1     1    42    60  -8.358  -0.019  -6.676                          1.721 -2.379 -2.010 -1.922 
     D   376   374 3   377     3     0     0    40    59  -6.390  -1.568  -0.620                         
    IR   377   377 3   377     3     1     1    42    61  -1.925  -0.554  -4.164                          0.000  0.000  0.000  0.000 
                                             [ MATR  126 ]      -    101 - A - -
    MR   378   377 3   380     3     1     1    41    59  -8.358  -0.019  -6.676                          1.721 -2.379 -2.010 -1.922 
     D   379   377 3   380     3     0     0    39    58  -6.390  -1.568  -0.620                         
    IR   380   380 3   380     3     1     1    41    60  -1.925  -0.554  -4.164                          0.000  0.000  0.000  0.000 
                                             [ MATR  127 ]      -    100 - A - -
    MR   381   380 3   383     3     1     1    40    58  -8.358  -0.019  -6.676                          1.721 -2.379 -2.010 -1.922 
     D   382   380 3   383     3     0     0    38    57  -6.390  -1.568  -0.620                         
    IR   383   383 3   383     3     1     1    40    59  -1.925  -0.554  -4.164                          0.000  0.000  0.000  0.000 
                                             [ MATR  128 ]      -     99 - A - -
    MR   384   383 3   386     3     1     1    39    57  -8.358  -0.019  -6.676                          1.721 -2.379 -2.010 -1.922 
     D   385   383 3   386     3     0     0    37    56  -6.390  -1.568  -0.620                         
    IR   386   386 3   386     3     1     1    39    58  -1.925  -0.554  -4.164                          0.000  0.000  0.000  0.000 
                                             [ MATR  129 ]      -     98 - U - -
    MR   387   386 3   389     3     1     1    38    56  -8.358  -0.159  -3.303                         -1.493 -1.488 -2.227  1.620 
     D   388   386 3   389     3     0     0    36    55  -6.390  -1.568  -0.620                         
    IR   389   389 3   389     3     1     1    39    57  -1.925  -0.554  -4.164                          0.000  0.000  0.000  0.000 
                                             [ MATR  130 ]      -     97 - A - -
    MR   390   389 3   392     5     1     1    37    55  -6.968  -0.043  -6.783  -6.995  -7.887          1.648 -2.081 -1.743 -1.597 
     D   391   389 3   392     5     0     0    35    54  -5.867  -0.456  -3.493  -4.924  -2.918         
    IR   392   392 3   392     5     1     1    37    56  -2.408  -0.496  -5.920  -4.087  -5.193          0.000  0.000  0.000  0.000 
                                             [ MATP  131 ]     75     96 G C - -
    MP   393   392 3   397     6     2     2    36    54  -9.109  -9.048  -0.021  -7.825  -8.105  -8.500 -4.753 -3.099 -4.853  0.193 -5.248 -4.698 -0.610 -5.097 -4.335  3.641 -4.671 -0.799 -0.995 -4.475 -2.648 -3.730 
    ML   394   392 3   397     6     1     1    34    53  -6.250  -6.596  -1.310  -1.005  -6.446  -3.975  0.368 -0.385 -0.191  0.094 
    MR   395   392 3   397     6     1     1    34    53  -6.988  -5.717  -1.625  -5.695  -0.829  -3.908  0.368 -0.385 -0.191  0.094 
     D   396   392 3   397     6     0     0    32    50  -9.049  -7.747  -3.544  -4.226  -4.244  -0.319 
    IL   397   397 5   397     6     1     1    35    54  -2.579  -2.842  -0.760  -4.497  -5.274  -4.934  0.000  0.000  0.000  0.000 
    IR   398   398 6   398     5     1     1    35    54  -2.408  -0.496  -5.920  -4.087  -5.193          0.000  0.000  0.000  0.000 
                                             [ MATP  132 ]     76     95 u g - -
    MP   399   398 6   403     6     2     2    34    52  -9.109  -9.048  -0.021  -7.825  -8.105  -8.500 -4.049 -4.035 -3.761 -0.373 -2.516 -4.177  1.904 -3.300 -3.811 -0.164 -4.105 -2.110  0.934 -4.119  2.922 -2.681 
    ML   400   398 6   403     6     1     1    32    51  -6.250  -6.596  -1.310  -1.005  -6.446  -3.975  0.368 -0.385 -0.191  0.094 
    MR   401   398 6   403     6     1     1    32    51  -6.988  -5.717  -1.625  -5.695  -0.829  -3.908  0.368 -0.385 -0.191  0.094 
     D   402   398 6   403     6     0     0    30    48  -9.049  -7.747  -3.544  -4.226  -4.244  -0.319 
    IL   403   403 5   403     6     1     1    33    52  -2.579  -2.842  -0.760  -4.497  -5.274  -4.934  0.000  0.000  0.000  0.000 
    IR   404   404 6   404     5     1     1    33    52  -2.408  -0.496  -5.920  -4.087  -5.193          0.000  0.000  0.000  0.000 
                                             [ MATP  133 ]     77     94 a u - -
    MP   405   404 6   409     6     2     2    32    50  -9.109  -9.048  -0.021  -7.825  -8.105  -8.500 -3.328 -2.376 -3.438  2.613 -3.993 -4.709  0.232 -3.625 -3.315  1.606 -3.859  1.745 -0.025 -3.842 -1.655 -2.286 
    ML   406   404 6   409     6     1     1    30    49  -6.250  -6.596  -1.310  -1.005  -6.446  -3.975  0.368 -0.385 -0.191  0.094 
    MR   407   404 6   409     6     1     1    30    49  -6.988  -5.717  -1.625  -5.695  -0.829  -3.908  0.368 -0.385 -0.191  0.094 
     D   408   404 6   409     6     0     0    28    46  -9.049  -7.747  -3.544  -4.226  -4.244  -0.319 
    IL   409   409 5   409     6     1     1    31    50  -2.579  -2.842  -0.760  -4.497  -5.274  -4.934  0.000  0.000  0.000  0.000 
    IR   410   410 6   410     5     1     1    31    50  -2.408  -0.496  -5.920  -4.087  -5.193          0.000  0.000  0.000  0.000 
                                             [ MATP  134 ]     78     93 U A - -
    MP   411   410 6   415     6     2     2    30    48  -9.109  -9.048  -0.021  -7.825  -8.105  -8.500 -4.205 -4.030 -4.042 -0.324 -2.980 -4.604  1.348 -3.677 -4.046 -0.073 -4.419 -1.929  3.335 -4.356 -0.656 -2.869 
    ML   412   410 6   415     6     1     1    28    47  -6.250  -6.596  -1.310  -1.005  -6.446  -3.975  0.368 -0.385 -0.191  0.094 
    MR   413   410 6   415     6     1     1    28    47  -6.988  -5.717  -1.625  -5.695  -0.829  -3.908  0.368 -0.385 -0.191  0.094 
     D   414   410 6   415     6     0     0    26    44  -9.049  -7.747  -3.544  -4.226  -4.244  -0.319 
    IL   415   415 5   415     6     1     1    29    48  -2.579  -2.842  -0.760  -4.497  -5.274  -4.934  0.000  0.000  0.000  0.000 
    IR   416   416 6   416     5     1     1    29    48  -2.408  -0.496  -5.920  -4.087  -5.193          0.000  0.000  0.000  0.000 
                                             [ MATP  135 ]     79     92 U A - -
    MP   417   416 6   421     6     2     2    28    46  -9.109  -9.048  -0.021  -7.825  -8.105  -8.500 -4.205 -4.030 -4.042 -0.324 -2.980 -4.604  1.348 -3.677 -4.046 -0.073 -4.419 -1.929  3.335 -4.356 -0.656 -2.869 
    ML   418   416 6   421     6     1     1    26    45  -6.250  -6.596  -1.310  -1.005  -6.446  -3.975  0.368 -0.385 -0.191  0.094 
    MR   419   416 6   421     6     1     1    26    45  -6.988  -5.717  -1.625  -5.695  -0.829  -3.908  0.368 -0.385 -0.191  0.094 
     D   420   416 6   421     6     0     0    24    42  -9.049  -7.747  -3.544  -4.226  -4.244  -0.319 
    IL   421   421 5   421     6     1     1    27    46  -2.579  -2.842  -0.760  -4.497  -5.274  -4.934  0.000  0.000  0.000  0.000 
    IR   422   422 6   422     5     1     1    27    46  -2.408  -0.496  -5.920  -4.087  -5.193          0.000  0.000  0.000  0.000 
                                             [ MATP  136 ]     80     91 u a - -
    MP   423   422 6   427     6     2     2    26    44  -9.109  -9.048  -0.021  -7.825  -8.105  -8.500  0.543 -2.392 -2.492  0.852 -2.197 -3.301  1.635 -2.644 -2.534  1.016 -3.064 -0.692  2.160 -2.655 -0.153 -1.618 
    ML   424   422 6   427     6     1     1    24    43  -6.250  -6.596  -1.310  -1.005  -6.446  -3.975  0.368 -0.385 -0.191  0.094 
    MR   425   422 6   427     6     1     1    24    43  -6.988  -5.717  -1.625  -5.695  -0.829  -3.908  0.368 -0.385 -0.191  0.094 
     D   426   422 6   427     6     0     0    22    41  -9.049  -7.747  -3.544  -4.226  -4.244  -0.319 
    IL   427   427 5   427     6     1     1    25    44  -2.579  -2.842  -0.760  -4.497  -5.274  -4.934  0.000  0.000  0.000  0.000 
    IR   428   428 6   428     5     1     1    25    44  -2.408  -0.496  -5.920  -4.087  -5.193          0.000  0.000  0.000  0.000 
                                             [ MATP  137 ]     81     90 C G - -
    MP   429   428 6   433     6     2     2    24    42  -9.109  -9.048  -0.021  -7.825  -8.105  -8.500 -4.169 -4.125 -3.923 -0.363 -2.694 -4.376  3.369 -3.476 -3.959 -0.124 -4.268 -2.124  0.882 -4.248  0.157 -2.806 
    ML   430   428 6   433     6     1     1    22    41  -6.250  -6.596  -1.310  -1.005  -6.446  -3.975  0.368 -0.385 -0.191  0.094 
    MR   431   428 6   433     6     1     1    22    41  -6.988  -5.717  -1.625  -5.695  -0.829  -3.908  0.368 -0.385 -0.191  0.094 
     D   432   428 6   433     6     0     0    20    39  -9.049  -7.747  -3.544  -4.226  -4.244  -0.319 
    IL   433   433 5   433     6     1     1    23    42  -2.579  -2.842  -0.760  -4.497  -5.274  -4.934  0.000  0.000  0.000  0.000 
    IR   434   434 6   434     5     1     1    23    42  -2.408  -0.496  -5.920  -4.087  -5.193          0.000  0.000  0.000  0.000 
                                             [ MATP  138 ]     82     89 U A - -
    MP   435   434 6   439     6     2     2    22    40  -9.109  -9.048  -0.021  -7.825  -8.105  -8.500 -4.205 -4.030 -4.042 -0.324 -2.980 -4.604  1.348 -3.677 -4.046 -0.073 -4.419 -1.929  3.335 -4.356 -0.656 -2.869 
    ML   436   434 6   439     6     1     1    21    40  -6.250  -6.596  -1.310  -1.005  -6.446  -3.975  0.368 -0.385 -0.191  0.094 
    MR   437   434 6   439     6     1     1    21    40  -6.988  -5.717  -1.625  -5.695  -0.829  -3.908  0.368 -0.385 -0.191  0.094 
     D   438   434 6   439     6     0     0    19    38  -9.049  -7.747  -3.544  -4.226  -4.244  -0.319 
    IL   439   439 5   439     6     1     1    22    40  -2.579  -2.842  -0.760  -4.497  -5.274  -4.934  0.000  0.000  0.000  0.000 
    IR   440   440 6   440     5     1     1    21    40  -2.408  -0.496  -5.920  -4.087  -5.193          0.000  0.000  0.000  0.000 
                                             [ MATP  139 ]     83     88 u g - -
    MP   441   440 6   445     4     2     2    20    38  -6.952  -7.159  -0.053  -5.573                 -3.869 -3.855 -3.650 -0.213 -2.496 -4.120  1.785 -3.251 -3.695  0.008 -4.023 -1.938  1.433 -3.971  2.765 -2.580 
    ML   442   440 6   445     4     1     1    21    39  -3.758  -3.940  -0.507  -2.670                  0.368 -0.385 -0.191  0.094 
    MR   443   440 6   445     4     1     1    20    39  -4.809  -3.838  -1.706  -0.766                  0.368 -0.385 -0.191  0.094 
     D   444   440 6   445     4     0     0    19    38  -4.568  -4.250  -2.265  -0.520                 
    IL   445   445 5   445     4     1     1    22    41  -1.686  -2.369  -1.117  -4.855                  0.000  0.000  0.000  0.000 
    IR   446   446 6   446     3     1     1    21    40  -1.442  -0.798  -4.142                          0.000  0.000  0.000  0.000 
                                             [ MATL  140 ]     84      - U - - -
    ML   447   446 6   449     3     1     1    16    35  -7.968  -0.021  -6.622                         -1.108 -0.888 -1.841  1.442 
     D   448   446 6   449     3     0     0    16    34  -6.174  -1.687  -0.566                         
    IL   449   449 3   449     3     1     1    20    38  -1.442  -0.798  -4.142                          0.000  0.000  0.000  0.000 
                                             [ MATL  141 ]     85      - c - - -
    ML   450   449 3   452     3     1     1    15    33  -7.968  -0.021  -6.622                         -0.088  0.803 -1.313 -0.133 
     D   451   449 3   452     3     0     0    15    33  -6.174  -1.687  -0.566                         
    IL   452   452 3   452     3     1     1    19    37  -1.442  -0.798  -4.142                          0.000  0.000  0.000  0.000 
                                             [ MATL  142 ]     86      - A - - -
    ML   453   452 3   455     3     1     1    13    31  -7.968  -0.021  -6.622                          1.721 -2.379 -2.010 -1.922 
     D   454   452 3   455     3     0     0    13    32  -6.174  -1.687  -0.566                         
    IL   455   455 3   455     3     1     1    18    36  -1.442  -0.798  -4.142                          0.000  0.000  0.000  0.000 
                                             [ MATL  143 ]     87      - U - - -
    ML   456   455 3   458     2     1     1     1     1       *   0.000                                 -0.930 -0.511 -1.669  1.298 
     D   457   455 3   458     2     0     0     0     0       *   0.000                                 
    IL   458   458 3   458     2     1     1    13    28  -1.823  -0.479                                  0.000  0.000  0.000  0.000 
                                             [ END   144 ]      -      - - - - -
     E   459   458 3    -1     0     0     0     0     0                                                 
//
HMMER3/f [3.1b3 | July 2016]
NAME  at_nt_txpa_rata_bacillus_round5_0001
LENG  152
MAXL  272
ALPH  RNA
RF    no
MM    no
CONS  yes
CS    yes
MAP   yes
DATE  Mon Dec 16 20:06:11 2019
COM   [1] cmbuild /home/co78wid/projects/master/results/ta_systems/txpa_rata_bacillus/2_structure_analysis/infernal_search/at_nt_txpa_rata_bacillus_cmbuild.txt /home/co78wid/projects/master/results/ta_systems/txpa_rata_bacillus/1_sequence_analysis/fold/at_nt_txpa_rata_bacillus_round5.stk
NSEQ  13
EFFN  1.342529
CKSUM 4176395788
STATS LOCAL MSV      -10.1668  0.71792
STATS LOCAL VITERBI  -12.2407  0.71792
STATS LOCAL FORWARD   -2.8417  0.71792
HMM          A        C        G        U   
            m->m     m->i     m->d     i->m     i->i     d->m     d->d
  COMPO   1.15767  1.57984  1.57787  1.29697
          1.38629  1.38629  1.38629  1.38629
          0.06425  3.47005  3.47005  1.46634  0.26236  0.00000        *
      1   1.76068  0.67266  2.27905  1.53554      1 C - - :
          1.38629  1.38629  1.38629  1.38629
          0.06425  3.47005  3.47005  1.46634  0.26236  1.09861  0.40547
      2   0.46127  2.29237  2.10697  1.91811      2 A - - :
          1.38629  1.38629  1.38629  1.38629
          0.06425  3.47005  3.47005  1.46634  0.26236  1.09861  0.40547
      3   0.46127  2.29237  2.10697  1.91811      3 A - - :
          1.38629  1.38629  1.38629  1.38629
          0.06425  3.47005  3.47005  1.46634  0.26236  1.09861  0.40547
      4   1.69391  2.38489  0.53765  1.96622      4 G - - :
          1.38629  1.38629  1.38629  1.38629
          0.06425  3.47005  3.47005  1.46634  0.26236  1.09861  0.40547
      5   1.76068  0.67266  2.27905  1.53554      5 C - - :
          1.38629  1.38629  1.38629  1.38629
          0.06425  3.47005  3.47005  1.46634  0.26236  1.09861  0.40547
      6   0.46127  2.29237  2.10697  1.91811      6 A - - :
          1.38629  1.38629  1.38629  1.38629
          0.06425  3.47005  3.47005  1.46634  0.26236  1.09861  0.40547
      7   0.46127  2.29237  2.10697  1.91811      7 A - - :
          1.38629  1.38629  1.38629  1.38629
          0.06425  3.47005  3.47005  1.46634  0.26236  1.09861  0.40547
      8   0.46127  2.29237  2.10697  1.91811      8 A - - :
          1.38629  1.38629  1.38629  1.38629
          0.06425  3.47005  3.47005  1.46634  0.26236  1.09861  0.40547
      9   0.46127  2.29237  2.10697  1.91811      9 A - - :
          1.38629  1.38629  1.38629  1.38629
          0.06425  3.47005  3.47005  1.46634  0.26236  1.09861  0.40547
     10   1.69391  2.38489  0.53765  1.96622     10 G - - :
          1.38629  1.38629  1.38629  1.38629
          0.06425  3.47005  3.47005  1.46634  0.26236  1.09861  0.40547
     11   1.76281  1.89417  2.22018  0.56317     11 U - - :
          1.38629  1.38629  1.38629  1.38629
          0.06425  3.47005  3.47005  1.46634  0.26236  1.09861  0.40547
     12   0.46127  2.29237  2.10697  1.91811     12 A - - :
          1.38629  1.38629  1.38629  1.38629
          0.06425  3.47005  3.47005  1.46634  0.26236  1.09861  0.40547
     13   1.76281  1.89417  2.22018  0.56317     13 U - - :
          1.38629  1.38629  1.38629  1.38629
          0.06425  3.47005  3.47005  1.46634  0.26236  1.09861  0.40547
     14   1.76281  1.89417  2.22018  0.56317     14 U - - :
          1.38629  1.38629  1.38629  1.38629
          0.06425  3.47005  3.47005  1.46634  0.26236  1.09861  0.40547
     15   1.69391  2.38489  0.53765  1.96622     15 G - - :
          1.38629  1.38629  1.38629  1.38629
          0.06425  3.47005  3.47005  1.46634  0.26236  1.09861  0.40547
     16   1.76068  0.67266  2.27905  1.53554     16 C - - :
          1.38629  1.38629  1.38629  1.38629
          0.06425  3.47005  3.47005  1.46634  0.26236  1.09861  0.40547
     17   0.46127  2.29237  2.10697  1.91811     17 A - - :
          1.38629  1.38629  1.38629  1.38629
          0.06425  3.47005  3.47005  1.46634  0.26236  1.09861  0.40547
     18   0.46127  2.29237  2.10697  1.91811     18 A - - :
          1.38629  1.38629  1.38629  1.38629
          0.06425  3.47005  3.47005  1.46634  0.26236  1.09861  0.40547
     19   1.76068  0.67266  2.27905  1.53554     19 C - - :
          1.38629  1.38629  1.38629  1.38629
          0.06425  3.47005  3.47005  1.46634  0.26236  1.09861  0.40547
     20   1.76280  1.89417  2.22018  0.56317     20 U - - :
          1.38629  1.38629  1.38629  1.38629
          0.06425  3.47005  3.47005  1.46634  0.26236  1.09861  0.40547
     21   0.46127  2.29237  2.10697  1.91811     21 A - - :
          1.38629  1.38629  1.38629  1.38629
          0.06425  3.47005  3.47005  1.46634  0.26236  1.09861  0.40547
     22   1.76068  0.67266  2.27905  1.53554     22 C - - :
          1.38629  1.38629  1.38629  1.38629
          0.06425  3.47005  3.47005  1.46634  0.26236  1.09861  0.40547
     23   1.76281  1.89417  2.22018  0.56317     23 U - - :
          1.38629  1.38629  1.38629  1.38629
          0.06425  3.47005  3.47005  1.46634  0.26236  1.09861  0.40547
     24   1.69391  2.38489  0.53765  1.96622     24 G - - :
          1.38629  1.38629  1.38629  1.38629
          0.06425  3.47005  3.47005  1.46634  0.26236  1.09861  0.40547
     25   1.69391  2.38489  0.53765  1.96622     25 G - - :
          1.38629  1.38629  1.38629  1.38629
          0.06425  3.47005  3.47005  1.46634  0.26236  1.09861  0.40547
     26   1.60776  1.01714  2.11627  1.14711     26 c - - :
          1.38629  1.38629  1.38629  1.38629
          0.06425  3.47005  3.47005  1.46634  0.26236  1.09861  0.40547
     27   1.69391  2.38489  0.53765  1.96622     27 G - - :
          1.38629  1.38629  1.38629  1.38629
          0.06425  3.47005  3.47005  1.46634  0.26236  1.09861  0.40547
     28   1.76280  1.89417  2.22018  0.56317     28 U - - :
          1.38629  1.38629  1.38629  1.38629
          0.06425  3.47005  3.47005  1.46634  0.26236  1.09861  0.40547
     29   0.46127  2.29237  2.10697  1.91811     29 A - - :
          1.38629  1.38629  1.38629  1.38629
          0.06425  3.47005  3.47005  1.46634  0.26236  1.09861  0.40547
     30   0.46127  2.29237  2.10697  1.91811     30 A - - :
          1.38629  1.38629  1.38629  1.38629
          0.06425  3.47005  3.47005  1.46634  0.26236  1.09861  0.40547
     31   1.69391  2.38489  0.53765  1.96622     31 G - - :
          1.38629  1.38629  1.38629  1.38629
          0.06425  3.47005  3.47005  1.46634  0.26236  1.09861  0.40547
     32   1.76068  0.67266  2.27905  1.53554     32 C - - :
          1.38629  1.38629  1.38629  1.38629
          0.06425  3.47005  3.47005  1.46634  0.26236  1.09861  0.40547
     33   1.76281  1.89417  2.22018  0.56317     33 U - - :
          1.38629  1.38629  1.38629  1.38629
          0.06425  3.47005  3.47005  1.46634  0.26236  1.09861  0.40547
     34   1.76281  1.89417  2.22018  0.56317     34 U - - :
          1.38629  1.38629  1.38629  1.38629
          0.06425  3.47005  3.47005  1.46634  0.26236  1.09861  0.40547
     35   0.46127  2.29237  2.10697  1.91811     35 A - - :
          1.38629  1.38629  1.38629  1.38629
          0.06425  3.47005  3.47005  1.46634  0.26236  1.09861  0.40547
     36   1.76281  1.89417  2.22018  0.56317     36 U - - :
          1.38629  1.38629  1.38629  1.38629
          0.06425  3.47005  3.47005  1.46634  0.26236  1.09861  0.40547
     37   0.46127  2.29237  2.10697  1.91811     37 A - - :
          1.38629  1.38629  1.38629  1.38629
          0.06425  3.47005  3.47005  1.46634  0.26236  1.09861  0.40547
     38   1.69391  2.38489  0.53765  1.96622     38 G - - :
          1.38629  1.38629  1.38629  1.38629
          0.06425  3.47005  3.47005  1.46634  0.26236  1.09861  0.40547
     39   1.76281  1.89417  2.22018  0.56317     39 U - - :
          1.38629  1.38629  1.38629  1.38629
          0.06425  3.47005  3.47005  1.46634  0.26236  1.09861  0.40547
     40   1.76281  1.89417  2.22018  0.56317     40 U - - :
          1.38629  1.38629  1.38629  1.38629
          0.06425  3.47005  3.47005  1.46634  0.26236  1.09861  0.40547
     41   1.69391  2.38489  0.53765  1.96622     41 G - - :
          1.38629  1.38629  1.38629  1.38629
          0.06425  3.47005  3.47005  1.46634  0.26236  1.09861  0.40547
     42   1.69391  2.38489  0.53765  1.96622     42 G - - :
          1.38629  1.38629  1.38629  1.38629
          0.06425  3.47005  3.47005  1.46634  0.26236  1.09861  0.40547
     43   1.76281  1.89417  2.22018  0.56317     43 U - - :
          1.38629  1.38629  1.38629  1.38629
          0.06425  3.47005  3.47005  1.46634  0.26236  1.09861  0.40547
     44   0.46127  2.29237  2.10697  1.91811     44 A - - :
          1.38629  1.38629  1.38629  1.38629
          0.06425  3.47005  3.47005  1.46634  0.26236  1.09861  0.40547
     45   1.76068  0.67266  2.27905  1.53554     45 C - - :
          1.38629  1.38629  1.38629  1.38629
          0.06425  3.47005  3.47005  1.46634  0.26236  1.09861  0.40547
     46   1.76068  0.67266  2.27905  1.53554     46 C - - :
          1.38629  1.38629  1.38629  1.38629
          0.06425  3.47005  3.47005  1.46634  0.26236  1.09861  0.40547
     47   0.46127  2.29237  2.10697  1.91811     47 A - - :
          1.38629  1.38629  1.38629  1.38629
          0.33931  1.36014  3.47005  0.22702  1.59407  1.09861  0.40547
     48   0.46127  2.29237  2.10697  1.91811     49 A - - :
          1.38629  1.38629  1.38629  1.38629
          0.06425  3.47005  3.47005  1.46634  0.26236  1.09861  0.40547
     49   1.76281  1.89417  2.22018  0.56317     50 U - - :
          1.38629  1.38629  1.38629  1.38629
          0.06425  3.47005  3.47005  1.46634  0.26236  1.09861  0.40547
     50   1.76281  1.89417  2.22018  0.56317     51 U - - :
          1.38629  1.38629  1.38629  1.38629
          0.06425  3.47005  3.47005  1.46634  0.26236  1.09861  0.40547
     51   0.46127  2.29237  2.10697  1.91811     52 A - - :
          1.38629  1.38629  1.38629  1.38629
          0.06425  3.47005  3.47005  1.46634  0.26236  1.09861  0.40547
     52   1.76068  0.67266  2.27905  1.53554     53 C - - :
          1.38629  1.38629  1.38629  1.38629
          0.06425  3.47005  3.47005  1.46634  0.26236  1.09861  0.40547
     53   1.24364  1.12241  1.97765  1.39522     54 c - - :
          1.38629  1.38629  1.38629  1.38629
          0.06425  3.47005  3.47005  1.46634  0.26236  1.09861  0.40547
     54   0.46127  2.29237  2.10697  1.91811     55 A - - :
          1.38629  1.38629  1.38629  1.38629
          0.06425  3.47005  3.47005  1.46634  0.26236  1.09861  0.40547
     55   1.76068  0.67266  2.27905  1.53554     56 C - - :
          1.38629  1.38629  1.38629  1.38629
          0.06425  3.47005  3.47005  1.46634  0.26236  1.09861  0.40547
     56   0.46127  2.29237  2.10697  1.91811     57 A - - :
          1.38629  1.38629  1.38629  1.38629
          0.06425  3.47005  3.47005  1.46634  0.26236  1.09861  0.40547
     57   0.91698  1.85950  1.91000  1.21589     58 a - - :
          1.38629  1.38629  1.38629  1.38629
          0.06425  3.47005  3.47005  1.46634  0.26236  1.09861  0.40547
     58   1.76281  1.89417  2.22018  0.56317     59 U - - :
          1.38629  1.38629  1.38629  1.38629
          0.06425  3.47005  3.47005  1.46634  0.26236  1.09861  0.40547
     59   0.46127  2.29237  2.10697  1.91811     60 A - - :
          1.38629  1.38629  1.38629  1.38629
          0.06425  3.47005  3.47005  1.46634  0.26236  1.09861  0.40547
     60   1.76068  0.67266  2.27905  1.53554     61 C - - :
          1.38629  1.38629  1.38629  1.38629
          0.06425  3.47005  3.47005  1.46634  0.26236  1.09861  0.40547
     61   0.91507  1.51745  1.91317  1.45830     62 a - - :
          1.38629  1.38629  1.38629  1.38629
          0.06425  3.47005  3.47005  1.46634  0.26236  1.09861  0.40547
     62   0.46127  2.29237  2.10697  1.91811     63 A - - :
          1.38629  1.38629  1.38629  1.38629
          0.06425  3.47005  3.47005  1.46634  0.26236  1.09861  0.40547
     63   1.76068  0.67266  2.27905  1.53554     64 C - - :
          1.38629  1.38629  1.38629  1.38629
          0.06425  3.47005  3.47005  1.46634  0.26236  1.09861  0.40547
     64   1.76281  1.89417  2.22018  0.56317     65 U - - :
          1.38629  1.38629  1.38629  1.38629
          0.06425  3.47005  3.47005  1.46634  0.26236  1.09861  0.40547
     65   1.76281  1.89417  2.22018  0.56317     66 U - - :
          1.38629  1.38629  1.38629  1.38629
          0.06425  3.47005  3.47005  1.46634  0.26236  1.09861  0.40547
     66   1.69391  2.38489  0.53765  1.96622     67 G - - :
          1.38629  1.38629  1.38629  1.38629
          0.06425  3.47005  3.47005  1.46634  0.26236  1.09861  0.40547
     67   1.76280  1.89417  2.22018  0.56317     68 U - - :
          1.38629  1.38629  1.38629  1.38629
          0.06425  3.47005  3.47005  1.46634  0.26236  1.09861  0.40547
     68   1.76280  1.89417  2.22018  0.56317     69 U - - :
          1.38629  1.38629  1.38629  1.38629
          0.06425  3.47005  3.47005  1.46634  0.26236  1.09861  0.40547
     69   0.46127  2.29237  2.10697  1.91811     70 A - - :
          1.38629  1.38629  1.38629  1.38629
          0.06425  3.47005  3.47005  1.46634  0.26236  1.09861  0.40547
     70   0.46127  2.29237  2.10697  1.91811     71 A - - :
          1.38629  1.38629  1.38629  1.38629
          0.06425  3.47005  3.47005  1.46634  0.26236  1.09861  0.40547
     71   1.60406  1.44440  2.09303  0.82161     72 u - - :
          1.38629  1.38629  1.38629  1.38629
          0.06425  3.47005  3.47005  1.46634  0.26236  1.09861  0.40547
     72   1.79404  2.50857  0.46500  2.08590     73 G - - :
          1.38629  1.38629  1.38629  1.38629
          0.06033  3.53106  3.53106  1.46634  0.26236  1.09861  0.40547
     73   1.92297  2.01540  2.39662  0.46277     74 U - - :
          1.38629  1.38629  1.38629  1.38629
          0.05706  3.58518  3.58518  1.46634  0.26236  1.09861  0.40547
     74   2.22727  2.64539  0.29262  2.59173     75 G - - <
          1.38629  1.38629  1.38629  1.38629
          0.04992  3.71539  3.71539  1.46634  0.26236  1.09861  0.40547
     75   2.44116  1.27408  2.17230  0.65520     76 U - - <
          1.38629  1.38629  1.38629  1.38629
          0.04992  3.71539  3.71539  1.46634  0.26236  1.09861  0.40547
     76   1.03370  2.18639  0.90591  2.05715     77 g - - <
          1.38629  1.38629  1.38629  1.38629
          0.04992  3.71539  3.71539  1.46634  0.26236  1.09861  0.40547
     77   2.43775  1.53240  2.11601  0.55145     78 U - - <
          1.38629  1.38629  1.38629  1.38629
          0.04992  3.71539  3.71539  1.46634  0.26236  1.09861  0.40547
     78   2.43896  1.53235  2.11638  0.55121     79 U - - <
          1.38629  1.38629  1.38629  1.38629
          0.04992  3.71539  3.71539  1.46634  0.26236  1.09861  0.40547
     79   1.52686  1.45459  1.56800  1.07639     80 u - - <
          1.38629  1.38629  1.38629  1.38629
          0.04992  3.71539  3.71539  1.46634  0.26236  1.09861  0.40547
     80   2.54457  0.51555  2.25657  1.51591     81 C - - <
          1.38629  1.38629  1.38629  1.38629
          0.04992  3.71539  3.71539  1.46634  0.26236  1.09861  0.40547
     81   2.43988  1.53231  2.11666  0.55103     82 U - - <
          1.38629  1.38629  1.38629  1.38629
          0.04992  3.71539  3.71539  1.46634  0.26236  1.09861  0.40547
     82   2.38332  1.32492  2.10742  0.65320     83 U - - <
          1.38629  1.38629  1.38629  1.38629
          0.04992  3.71539  3.71539  1.46634  0.26236  1.09861  0.40547
     83   1.94341  1.88266  2.43987  0.48219     84 U - - _
          1.38629  1.38629  1.38629  1.38629
          0.04992  3.71539  3.71539  1.46634  0.26236  1.09861  0.40547
     84   1.39815  0.93196  2.16119  1.41068     85 c - - _
          1.38629  1.38629  1.38629  1.38629
          0.04992  3.71539  3.71539  1.46634  0.26236  1.09861  0.40547
     85   0.28378  2.69655  2.47486  2.34912     86 A - - _
          1.38629  1.38629  1.38629  1.38629
          0.04992  3.71539  3.71539  1.46634  0.26236  1.09861  0.40547
     86   1.85506  1.68348  2.35593  0.57443     87 U - - _
          1.38629  1.38629  1.38629  1.38629
          0.04992  3.71539  3.71539  1.46634  0.26236  1.09861  0.40547
     87   1.58966  2.26750  0.55175  2.14994     88 G - - >
          1.38629  1.38629  1.38629  1.38629
          0.04992  3.71539  3.71539  1.46634  0.26236  1.09861  0.40547
     88   0.62947  2.28945  1.36855  2.19526     89 A - - >
          1.38629  1.38629  1.38629  1.38629
          0.04992  3.71539  3.71539  1.46634  0.26236  1.09861  0.40547
     89   1.86093  2.41518  0.42214  2.30781     90 G - - >
          1.38629  1.38629  1.38629  1.38629
          0.04992  3.71539  3.71539  1.46634  0.26236  1.09861  0.40547
     90   1.07160  1.73404  1.27152  1.60661     91 a - - >
          1.38629  1.38629  1.38629  1.38629
          0.04992  3.71539  3.71539  1.46634  0.26236  1.09861  0.40547
     91   0.62947  2.28946  1.36855  2.19528     92 A - - >
          1.38629  1.38629  1.38629  1.38629
          0.04992  3.71539  3.71539  1.46634  0.26236  1.09861  0.40547
     92   0.62947  2.28945  1.36855  2.19525     93 A - - >
          1.38629  1.38629  1.38629  1.38629
          0.04992  3.71539  3.71539  1.46634  0.26236  1.09861  0.40547
     93   2.28113  1.40464  1.99694  0.66044     94 U - - >
          1.38629  1.38629  1.38629  1.38629
          0.04992  3.71539  3.71539  1.46634  0.26236  1.09861  0.40547
     94   1.78452  2.33632  0.46832  2.21285     95 G - - >
          1.38629  1.38629  1.38629  1.38629
          0.04992  3.71539  3.71539  1.46634  0.26236  1.09861  0.40547
     95   2.83023  0.33428  2.48609  1.95254     96 C - - >
          1.38629  1.38629  1.38629  1.38629
          0.14832  3.71539  2.17596  1.46634  0.26236  1.09861  0.40547
     96   0.34210  2.53686  2.33061  2.17706     97 A - - :
          1.38629  1.38629  1.38629  1.38629
          0.05494  3.62201  3.62201  1.46634  0.26236  0.35698  1.20326
     97   2.11627  2.16876  2.60617  0.36906     98 U - - :
          1.38629  1.38629  1.38629  1.38629
          0.04992  3.71539  3.71539  1.46634  0.26236  1.09861  0.40547
     98   0.28378  2.69655  2.47486  2.34912     99 A - - :
          1.38629  1.38629  1.38629  1.38629
          0.04992  3.71539  3.71539  1.46634  0.26236  1.09861  0.40547
     99   0.28378  2.69655  2.47486  2.34912    100 A - - :
          1.38629  1.38629  1.38629  1.38629
          0.04992  3.71539  3.71539  1.46634  0.26236  1.09861  0.40547
    100   0.28378  2.69655  2.47486  2.34912    101 A - - :
          1.38629  1.38629  1.38629  1.38629
          0.04992  3.71539  3.71539  1.46634  0.26236  1.09861  0.40547
    101   0.28378  2.69655  2.47486  2.34912    102 A - - :
          1.38629  1.38629  1.38629  1.38629
          0.04992  3.71539  3.71539  1.46634  0.26236  1.09861  0.40547
    102   2.11627  2.16876  2.60617  0.36906    103 U - - :
          1.38629  1.38629  1.38629  1.38629
          0.04992  3.71539  3.71539  1.46634  0.26236  1.09861  0.40547
    103   0.28378  2.69655  2.47486  2.34912    104 A - - :
          1.38629  1.38629  1.38629  1.38629
          0.06899  3.71539  3.16257  1.46634  0.26236  1.09861  0.40547
    104   1.09483  1.88120  2.03174  0.96263    105 u - - :
          1.38629  1.38629  1.38629  1.38629
          0.05085  3.69726  3.69726  1.46634  0.26236  0.76577  0.62545
    105   0.28378  2.69655  2.47486  2.34912    106 A - - :
          1.38629  1.38629  1.38629  1.38629
          0.04992  3.71539  3.71539  1.46634  0.26236  1.09861  0.40547
    106   0.28378  2.69655  2.47486  2.34912    107 A - - :
          1.38629  1.38629  1.38629  1.38629
          0.04992  3.71539  3.71539  1.46634  0.26236  1.09861  0.40547
    107   0.28378  2.69655  2.47486  2.34912    108 A - - :
          1.38629  1.38629  1.38629  1.38629
          0.04992  3.71539  3.71539  1.46634  0.26236  1.09861  0.40547
    108   0.28378  2.69655  2.47486  2.34912    109 A - - :
          1.38629  1.38629  1.38629  1.38629
          0.04992  3.71539  3.71539  1.46634  0.26236  1.09861  0.40547
    109   1.81381  2.68475  0.40860  2.26191    110 G - - :
          1.38629  1.38629  1.38629  1.38629
          0.04992  3.71539  3.71539  1.46634  0.26236  1.09861  0.40547
    110   1.12540  1.26082  1.82675  1.46481    111 a - - :
          1.38629  1.38629  1.38629  1.38629
          0.04992  3.71539  3.71539  1.46634  0.26236  1.09861  0.40547
    111   1.80391  0.57759  2.44877  1.67293    112 C - - :
          1.38629  1.38629  1.38629  1.38629
          0.04992  3.71539  3.71539  1.46634  0.26236  1.09861  0.40547
    112   0.95445  1.31410  2.04499  1.52841    113 a - - :
          1.38629  1.38629  1.38629  1.38629
          0.05085  3.69726  3.69726  1.46634  0.26236  1.09861  0.40547
    113   1.54852  1.67991  0.90288  1.63143    114 g - - :
          1.38629  1.38629  1.38629  1.38629
          0.05085  3.69726  3.69726  1.46634  0.26236  1.09861  0.40547
    114   0.92898  1.98495  1.28640  1.65342    115 a - - :
          1.38629  1.38629  1.38629  1.38629
          0.05085  3.69726  3.69726  1.46634  0.26236  1.09861  0.40547
    115   1.76631  2.63561  0.43397  2.21249    116 G - - :
          1.38629  1.38629  1.38629  1.38629
          0.05085  3.69726  3.69726  1.46634  0.26236  1.09861  0.40547
    116   1.57846  1.64110  1.77252  0.84388    117 u - - :
          1.38629  1.38629  1.38629  1.38629
          0.24322  2.89478  1.82888  0.76953  0.62219  1.09861  0.40547
    117   1.74981  2.45409  0.49544  2.03294    119 G - - :
          1.38629  1.38629  1.38629  1.38629
          0.06201  3.50448  3.50448  1.46634  0.26236  2.10080  0.13052
    118   1.61666  1.36364  2.11200  0.85634    120 u - - :
          1.38629  1.38629  1.38629  1.38629
          0.06201  3.50448  3.50448  1.46634  0.26236  0.28066  1.40765
    119   1.56636  1.75110  1.71659  0.82569    121 u - - :
          1.38629  1.38629  1.38629  1.38629
          0.05344  3.64902  3.64902  1.46634  0.26236  1.09861  0.40547
    120   2.00102  2.76044  0.35006  2.33415    122 G - - :
          1.38629  1.38629  1.38629  1.38629
          0.05344  3.64902  3.64902  1.46634  0.26236  1.09861  0.40547
    121   2.07042  0.46052  2.61435  1.77376    123 C - - :
          1.38629  1.38629  1.38629  1.38629
          0.06425  3.47005  3.47005  1.46634  0.26236  1.09861  0.40547
    122   0.46127  2.29237  2.10697  1.91811    124 A - - :
          1.38629  1.38629  1.38629  1.38629
          0.06425  3.47005  3.47005  1.46634  0.26236  1.09861  0.40547
    123   1.19706  2.10887  0.93635  1.69018    125 g - - :
          1.38629  1.38629  1.38629  1.38629
          0.06425  3.47005  3.47005  1.46634  0.26236  1.09861  0.40547
    124   1.76068  0.67266  2.27905  1.53554    126 C - - :
          1.38629  1.38629  1.38629  1.38629
          0.06425  3.47005  3.47005  1.46634  0.26236  1.09861  0.40547
    125   0.46127  2.29237  2.10697  1.91811    127 A - - :
          1.38629  1.38629  1.38629  1.38629
          0.06425  3.47005  3.47005  1.46634  0.26236  1.09861  0.40547
    126   1.76068  0.67266  2.27905  1.53554    128 C - - :
          1.38629  1.38629  1.38629  1.38629
          0.06425  3.47005  3.47005  1.46634  0.26236  1.09861  0.40547
    127   1.76281  1.89417  2.22018  0.56317    129 U - - :
          1.38629  1.38629  1.38629  1.38629
          0.06425  3.47005  3.47005  1.46634  0.26236  1.09861  0.40547
    128   1.76068  0.67266  2.27905  1.53554    130 C - - :
          1.38629  1.38629  1.38629  1.38629
          0.06425  3.47005  3.47005  1.46634  0.26236  1.09861  0.40547
    129   1.76281  1.89417  2.22018  0.56317    131 U - - :
          1.38629  1.38629  1.38629  1.38629
          0.06425  3.47005  3.47005  1.46634  0.26236  1.09861  0.40547
    130   0.46127  2.29237  2.10697  1.91811    132 A - - :
          1.38629  1.38629  1.38629  1.38629
          0.06425  3.47005  3.47005  1.46634  0.26236  1.09861  0.40547
    131   1.69391  2.38489  0.53765  1.96622    133 G - - :
          1.38629  1.38629  1.38629  1.38629
          0.06425  3.47005  3.47005  1.46634  0.26236  1.09861  0.40547
    132   1.76068  0.67266  2.27905  1.53554    134 C - - :
          1.38629  1.38629  1.38629  1.38629
          0.06425  3.47005  3.47005  1.46634  0.26236  1.09861  0.40547
    133   1.76281  1.89417  2.22018  0.56317    135 U - - :
          1.38629  1.38629  1.38629  1.38629
          0.06425  3.47005  3.47005  1.46634  0.26236  1.09861  0.40547
    134   1.60406  1.44440  2.09303  0.82161    136 u - - :
          1.38629  1.38629  1.38629  1.38629
          0.06425  3.47005  3.47005  1.46634  0.26236  1.09861  0.40547
    135   1.76281  1.89417  2.22018  0.56317    137 U - - :
          1.38629  1.38629  1.38629  1.38629
          0.06425  3.47005  3.47005  1.46634  0.26236  1.09861  0.40547
    136   1.76281  1.89417  2.22018  0.56317    138 U - - :
          1.38629  1.38629  1.38629  1.38629
          0.06425  3.47005  3.47005  1.46634  0.26236  1.09861  0.40547
    137   0.46127  2.29237  2.10697  1.91811    139 A - - :
          1.38629  1.38629  1.38629  1.38629
          0.30941  1.44815  3.47005  1.13522  0.38765  1.09861  0.40547
    138   0.46127  2.29237  2.10697  1.91811    143 A - - :
          1.38629  1.38629  1.38629  1.38629
          0.06425  3.47005  3.47005  1.46634  0.26236  1.09861  0.40547
    139   0.84480  1.61455  1.91741  1.49438    144 a - - :
          1.38629  1.38629  1.38629  1.38629
          0.06425  3.47005  3.47005  1.46634  0.26236  1.09861  0.40547
    140   1.69391  2.38489  0.53765  1.96622    145 G - - :
          1.38629  1.38629  1.38629  1.38629
          0.06425  3.47005  3.47005  1.46634  0.26236  1.09861  0.40547
    141   0.46127  2.29237  2.10697  1.91811    146 A - - :
          1.38629  1.38629  1.38629  1.38629
          0.06425  3.47005  3.47005  1.46634  0.26236  1.09861  0.40547
    142   0.46127  2.29237  2.10697  1.91811    147 A - - :
          1.38629  1.38629  1.38629  1.38629
          0.06425  3.47005  3.47005  1.46634  0.26236  1.09861  0.40547
    143   0.78913  2.06076  1.47664  1.66074    148 a - - :
          1.38629  1.38629  1.38629  1.38629
          0.06425  3.47005  3.47005  1.46634  0.26236  1.09861  0.40547
    144   1.76068  0.67266  2.27905  1.53554    149 C - - :
          1.38629  1.38629  1.38629  1.38629
          0.06425  3.47005  3.47005  1.46634  0.26236  1.09861  0.40547
    145   1.76281  1.89417  2.22018  0.56317    150 U - - :
          1.38629  1.38629  1.38629  1.38629
          0.06425  3.47005  3.47005  1.46634  0.26236  1.09861  0.40547
    146   0.46127  2.29237  2.10697  1.91811    151 A - - :
          1.38629  1.38629  1.38629  1.38629
          0.06425  3.47005  3.47005  1.46634  0.26236  1.09861  0.40547
    147   1.76068  0.67266  2.27905  1.53554    152 C - - :
          1.38629  1.38629  1.38629  1.38629
          0.06425  3.47005  3.47005  1.46634  0.26236  1.09861  0.40547
    148   1.76068  0.67266  2.27905  1.53554    153 C - - :
          1.38629  1.38629  1.38629  1.38629
          0.06425  3.47005  3.47005  1.46634  0.26236  1.09861  0.40547
    149   1.60776  1.01714  2.11627  1.14711    154 c - - :
          1.38629  1.38629  1.38629  1.38629
          0.06425  3.47005  3.47005  1.46634  0.26236  1.09861  0.40547
    150   1.76281  1.89417  2.22018  0.56317    155 U - - :
          1.38629  1.38629  1.38629  1.38629
          0.06425  3.47005  3.47005  1.46634  0.26236  1.09861  0.40547
    151   1.76281  1.89417  2.22018  0.56317    156 U - - :
          1.38629  1.38629  1.38629  1.38629
          0.06425  3.47005  3.47005  1.46634  0.26236  1.09861  0.40547
    152   1.76281  1.89417  2.22018  0.56317    157 U - - :
          1.38629  1.38629  1.38629  1.38629
          0.30770  1.32853        *  4.14523  0.01597  0.00000        *
//
