INFERNAL1/a [1.1.2 | July 2016]
NAME     at_nt_yont_sr6_round5_0001
STATES   307
NODES    96
CLEN     101
W        118
ALPH     RNA
RF       no
CONS     yes
MAP      yes
DATE     Wed Dec 25 13:04:18 2019
COM      [1] cmbuild /home/co78wid/projects/master/results/ta_systems/yont_sr6/2_structure_analysis/infernal_search/at_nt_yont_sr6_cmbuild.txt /home/co78wid/projects/master/results/ta_systems/yont_sr6/1_sequence_analysis/fold/at_nt_yont_sr6_round5.stk
COM      [2] cmcalibrate --cpu 20 /home/co78wid/projects/master/results/ta_systems/yont_sr6/2_structure_analysis/infernal_search/at_nt_yont_sr6_cmbuild.txt
PBEGIN   0.05
PEND     0.05
WBETA    1e-07
QDBBETA1 1e-07
QDBBETA2 1e-15
N2OMEGA  1.52588e-05
N3OMEGA  1.52588e-05
ELSELF   -0.08926734
NSEQ     18
EFFN     1.384277
CKSUM    4088051653
NULL     0.000  0.000  0.000  0.000 
EFP7GF   -5.9271 0.71838
ECMLC    0.45156    -8.86824     4.06894     1600000      413350  0.002903
ECMGC    0.41254   -11.70278    -0.79043     1600000       36072  0.011089
ECMLI    0.48424    -4.51542     6.69138     1600000      272897  0.004397
ECMGI    0.43227    -6.22589     3.92384     1600000       32173  0.012433
CM
                                             [ ROOT    0 ]      -      - - - - -
     S     0    -1 0     1     4     1     1   118   139  -6.705  -6.912  -0.398  -2.165                 
    IL     1     1 2     1     4    10    48   122   143  -1.686  -2.369  -1.117  -4.855                  0.000  0.000  0.000  0.000 
    IR     2     2 3     2     3     9    48   121   142  -1.442  -0.798  -4.142                          0.000  0.000  0.000  0.000 
                                             [ MATL    1 ]      1      - G - - -
    ML     3     2 3     5     3    10    48   118   139  -7.451  -0.029  -6.106                         -0.526 -1.543  1.287 -0.935 
     D     4     2 3     5     3     4    42   116   137  -7.459  -2.972  -0.206                         
    IL     5     5 3     5     3     9    47   120   141  -1.442  -0.798  -4.142                          0.000  0.000  0.000  0.000 
                                             [ MATL    2 ]      2      - A - - -
    ML     6     5 3     8     3    10    48   117   138  -7.451  -0.029  -6.106                          1.379 -1.387 -1.113 -0.850 
     D     7     5 3     8     3     4    42   115   136  -7.459  -2.972  -0.206                         
    IL     8     8 3     8     3     9    47   119   140  -1.442  -0.798  -4.142                          0.000  0.000  0.000  0.000 
                                             [ MATL    3 ]      3      - U - - -
    ML     9     8 3    11     3     9    47   116   137  -7.451  -0.029  -6.106                         -0.613 -0.784 -1.280  1.235 
     D    10     8 3    11     3     4    41   114   135  -7.459  -2.972  -0.206                         
    IL    11    11 3    11     3     8    46   118   139  -1.442  -0.798  -4.142                          0.000  0.000  0.000  0.000 
                                             [ MATL    4 ]      4      - u - - -
    ML    12    11 3    14     3     9    46   115   136  -7.451  -0.029  -6.106                         -0.122 -0.613 -0.959  0.936 
     D    13    11 3    14     3     4    41   113   134  -7.459  -2.972  -0.206                         
    IL    14    14 3    14     3     8    46   117   138  -1.442  -0.798  -4.142                          0.000  0.000  0.000  0.000 
                                             [ MATL    5 ]      5      - G - - -
    ML    15    14 3    17     3     8    45   114   135  -7.451  -0.029  -6.106                         -0.526 -1.543  1.287 -0.935 
     D    16    14 3    17     3     4    41   112   133  -7.459  -2.972  -0.206                         
    IL    17    17 3    17     3     8    45   116   137  -1.442  -0.798  -4.142                          0.000  0.000  0.000  0.000 
                                             [ MATL    6 ]      6      - U - - -
    ML    18    17 3    20     3     8    44   113   134  -7.451  -0.029  -6.106                         -0.613 -0.784 -1.280  1.235 
     D    19    17 3    20     3     3    40   112   133  -7.459  -0.621  -1.539                         
    IL    20    20 3    20     3     6    44   115   136  -1.442  -0.798  -4.142                          0.000  0.000  0.000  0.000 
                                             [ MATL    7 ]      7      - a - - -
    ML    21    20 3    23     3     7    44   112   133  -7.710  -0.025  -6.364                          0.698 -0.784 -0.918  0.343 
     D    22    20 3    23     3     2    38   110   131  -6.392  -1.905  -0.472                         
    IL    23    23 3    23     3     6    43   114   135  -1.442  -0.798  -4.142                          0.000  0.000  0.000  0.000 
                                             [ MATL    8 ]      8      - A - - -
    ML    24    23 3    26     3     7    43   111   132  -7.710  -0.025  -6.364                          1.583 -1.868 -1.551 -1.365 
     D    25    23 3    26     3     2    37   109   130  -6.392  -1.905  -0.472                         
    IL    26    26 3    26     3     6    42   113   134  -1.442  -0.798  -4.142                          0.000  0.000  0.000  0.000 
                                             [ MATL    9 ]      9      - g - - -
    ML    27    26 3    29     3     6    42   110   131  -7.710  -0.025  -6.364                          0.468 -1.233  0.629 -0.632 
     D    28    26 3    29     3     1    37   108   129  -6.392  -1.905  -0.472                         
    IL    29    29 3    29     3     5    41   112   133  -1.442  -0.798  -4.142                          0.000  0.000  0.000  0.000 
                                             [ MATL   10 ]     10      - A - - -
    ML    30    29 3    32     3     6    41   109   130  -7.710  -0.025  -6.364                          1.583 -1.868 -1.551 -1.365 
     D    31    29 3    32     3     1    36   107   128  -6.392  -1.905  -0.472                         
    IL    32    32 3    32     3     5    41   111   132  -1.442  -0.798  -4.142                          0.000  0.000  0.000  0.000 
                                             [ MATL   11 ]     11      - A - - -
    ML    33    32 3    35     3     6    40   108   129  -7.710  -0.025  -6.364                          1.583 -1.868 -1.551 -1.365 
     D    34    32 3    35     3     1    35   106   127  -6.392  -1.905  -0.472                         
    IL    35    35 3    35     3     4    40   110   131  -1.442  -0.798  -4.142                          0.000  0.000  0.000  0.000 
                                             [ MATL   12 ]     12      - C - - -
    ML    36    35 3    38     3     5    39   107   127  -7.710  -0.025  -6.364                         -1.148  1.415 -1.944 -0.686 
     D    37    35 3    38     3     0    34   105   126  -6.392  -1.905  -0.472                         
    IL    38    38 3    38     3     4    39   109   129  -1.442  -0.798  -4.142                          0.000  0.000  0.000  0.000 
                                             [ MATL   13 ]     13      - C - - -
    ML    39    38 3    41     3     5    39   106   126  -7.710  -0.025  -6.364                         -0.880  1.209 -1.672 -0.267 
     D    40    38 3    41     3     0    34   104   125  -6.392  -1.905  -0.472                         
    IL    41    41 3    41     3     3    38   108   128  -1.442  -0.798  -4.142                          0.000  0.000  0.000  0.000 
                                             [ MATL   14 ]     14      - G - - -
    ML    42    41 3    44     3     4    38   105   125  -7.710  -0.025  -6.364                         -1.041 -2.167  1.561 -1.551 
     D    43    41 3    44     3     0    33   103   124  -6.392  -1.905  -0.472                         
    IL    44    44 3    44     3     3    37   107   127  -1.442  -0.798  -4.142                          0.000  0.000  0.000  0.000 
                                             [ MATL   15 ]     15      - U - - -
    ML    45    44 3    47     3     4    37   104   124  -7.710  -0.025  -6.364                         -0.400 -0.814 -1.273  1.176 
     D    46    44 3    47     3     0    32   102   123  -6.392  -1.905  -0.472                         
    IL    47    47 3    47     3     3    37   106   126  -1.442  -0.798  -4.142                          0.000  0.000  0.000  0.000 
                                             [ MATL   16 ]     16      - u - - -
    ML    48    47 3    50     3     3    36   103   123  -7.710  -0.025  -6.364                         -0.258 -0.760  0.001  0.654 
     D    49    47 3    50     3     0    32   101   122  -6.392  -1.905  -0.472                         
    IL    50    50 3    50     3     2    36   105   125  -1.442  -0.798  -4.142                          0.000  0.000  0.000  0.000 
                                             [ MATL   17 ]     17      - A - - -
    ML    51    50 3    53     3     3    35   102   122  -7.710  -0.025  -6.364                          1.583 -1.868 -1.551 -1.365 
     D    52    50 3    53     3     0    31   100   121  -6.392  -1.296  -0.784                         
    IL    53    53 3    53     3     2    35   104   124  -1.442  -0.798  -4.142                          0.000  0.000  0.000  0.000 
                                             [ MATL   18 ]     18      - a - - -
    ML    54    53 3    56     3     3    34   101   121  -7.740  -0.024  -6.395                          0.653 -0.779 -0.931  0.402 
     D    55    53 3    56     3     0    30    99   120  -6.174  -1.687  -0.566                         
    IL    56    56 3    56     3     2    34   102   123  -1.442  -0.798  -4.142                          0.000  0.000  0.000  0.000 
                                             [ MATL   19 ]     19      - A - - -
    ML    57    56 3    59     3     2    33   100   120  -7.740  -0.024  -6.395                          1.181 -1.125 -1.095 -0.311 
     D    58    56 3    59     3     0    29    98   119  -6.174  -1.687  -0.566                         
    IL    59    59 3    59     3     1    33   101   122  -1.442  -0.798  -4.142                          0.000  0.000  0.000  0.000 
                                             [ MATL   20 ]     20      - G - - -
    ML    60    59 3    62     3     2    32    99   119  -7.740  -0.024  -6.395                         -1.104 -2.242  1.585 -1.626 
     D    61    59 3    62     3     0    29    97   118  -6.174  -1.687  -0.566                         
    IL    62    62 3    62     3     1    32   100   121  -1.442  -0.798  -4.142                          0.000  0.000  0.000  0.000 
                                             [ MATL   21 ]     21      - a - - -
    ML    63    62 3    65     3     2    32    98   118  -7.740  -0.024  -6.395                          0.783 -1.200  0.250 -0.613 
     D    64    62 3    65     3     0    28    96   116  -6.174  -1.687  -0.566                         
    IL    65    65 3    65     3     1    32    99   120  -1.442  -0.798  -4.142                          0.000  0.000  0.000  0.000 
                                             [ MATL   22 ]     22      - a - - -
    ML    66    65 3    68     3     2    31    97   117  -7.740  -0.024  -6.395                          0.425 -0.715 -0.452  0.397 
     D    67    65 3    68     3     0    27    95   115  -6.174  -1.687  -0.566                         
    IL    68    68 3    68     3     1    31    98   119  -1.442  -0.798  -4.142                          0.000  0.000  0.000  0.000 
                                             [ MATL   23 ]     23      - A - - -
    ML    69    68 3    71     3     1    30    96   116  -7.740  -0.024  -6.395                          1.602 -1.927 -1.603 -1.428 
     D    70    68 3    71     3     0    27    94   114  -6.174  -1.687  -0.566                         
    IL    71    71 3    71     3     1    30    97   118  -1.442  -0.798  -4.142                          0.000  0.000  0.000  0.000 
                                             [ MATL   24 ]     24      - U - - -
    ML    72    71 3    74     3     1    29    95   115  -7.740  -0.024  -6.395                         -1.085 -1.155 -1.794  1.481 
     D    73    71 3    74     3     0    26    93   113  -6.174  -1.687  -0.566                         
    IL    74    74 3    74     3     1    29    96   117  -1.442  -0.798  -4.142                          0.000  0.000  0.000  0.000 
                                             [ MATL   25 ]     25      - a - - -
    ML    75    74 3    77     3     1    28    93   114  -8.147  -0.145  -3.443                          0.655 -1.212  0.425 -0.618 
     D    76    74 3    77     3     0    25    92   112  -5.620  -0.734  -1.403                         
    IL    77    77 3    77     3     1    28    94   114  -1.925  -0.554  -4.164                          0.000  0.000  0.000  0.000 
                                             [ MATR   26 ]      -    101 - U - -
    MR    78    77 3    80     3     1    28    93   113  -8.025  -0.023  -6.343                         -0.864 -0.978 -1.556  1.380 
     D    79    77 3    80     3     0    24    91   111  -7.051  -0.783  -1.281                         
    IR    80    80 3    80     3     1    27    93   113  -1.925  -0.554  -4.164                          0.000  0.000  0.000  0.000 
                                             [ MATR   27 ]      -    100 - U - -
    MR    81    80 3    83     3     1    27    92   112  -8.147  -0.022  -6.464                         -1.085 -1.155 -1.794  1.481 
     D    82    80 3    83     3     0    22    90   110  -6.390  -1.568  -0.620                         
    IR    83    83 3    83     3     1    26    92   112  -1.925  -0.554  -4.164                          0.000  0.000  0.000  0.000 
                                             [ MATR   28 ]      -     99 - u - -
    MR    84    83 3    86     3     1    26    91   111  -8.147  -0.022  -6.464                          0.350 -0.455 -0.918  0.553 
     D    85    83 3    86     3     0    21    89   109  -6.390  -1.568  -0.620                         
    IR    86    86 3    86     3     1    25    91   111  -1.925  -0.554  -4.164                          0.000  0.000  0.000  0.000 
                                             [ MATR   29 ]      -     98 - A - -
    MR    87    86 3    89     3     1    25    89   110  -8.147  -0.022  -6.464                          1.430 -1.496 -1.328 -0.857 
     D    88    86 3    89     3     0    20    88   108  -6.390  -1.568  -0.620                         
    IR    89    89 3    89     3     1    25    90   110  -1.925  -0.554  -4.164                          0.000  0.000  0.000  0.000 
                                             [ MATR   30 ]      -     97 - c - -
    MR    90    89 3    92     3     1    24    88   109  -8.147  -0.022  -6.464                         -0.550  0.558 -1.315  0.529 
     D    91    89 3    92     3     0    19    87   107  -6.390  -1.568  -0.620                         
    IR    92    92 3    92     3     1    24    89   109  -1.925  -0.554  -4.164                          0.000  0.000  0.000  0.000 
                                             [ MATR   31 ]      -     96 - A - -
    MR    93    92 3    95     3     1    23    87   108  -8.147  -0.022  -6.464                          1.602 -1.927 -1.603 -1.428 
     D    94    92 3    95     3     0    18    86   106  -6.390  -1.568  -0.620                         
    IR    95    95 3    95     3     1    23    88   108  -1.925  -0.554  -4.164                          0.000  0.000  0.000  0.000 
                                             [ MATR   32 ]      -     95 - C - -
    MR    96    95 3    98     3     1    23    86   107  -8.147  -0.022  -6.464                         -1.215  1.445 -2.015 -0.738 
     D    97    95 3    98     3     0    18    85   105  -6.390  -1.568  -0.620                         
    IR    98    98 3    98     3     1    22    87   107  -1.925  -0.554  -4.164                          0.000  0.000  0.000  0.000 
                                             [ MATR   33 ]      -     94 - a - -
    MR    99    98 3   101     3     1    22    85   106  -8.147  -0.022  -6.464                          0.880 -1.042 -0.149 -0.373 
     D   100    98 3   101     3     0    17    84   104  -6.390  -1.568  -0.620                         
    IR   101   101 3   101     3     1    21    86   106  -1.925  -0.554  -4.164                          0.000  0.000  0.000  0.000 
                                             [ MATR   34 ]      -     93 - A - -
    MR   102   101 3   104     3     1    21    84   105  -8.147  -0.022  -6.464                          1.602 -1.927 -1.603 -1.428 
     D   103   101 3   104     3     0    16    83   103  -6.390  -1.568  -0.620                         
    IR   104   104 3   104     3     1    20    85   105  -1.925  -0.554  -4.164                          0.000  0.000  0.000  0.000 
                                             [ MATR   35 ]      -     92 - U - -
    MR   105   104 3   107     3     1    20    83   104  -8.147  -0.022  -6.464                         -1.085 -1.155 -1.794  1.481 
     D   106   104 3   107     3     0    15    82   102  -6.390  -1.568  -0.620                         
    IR   107   107 3   107     3     1    19    84   104  -1.925  -0.554  -4.164                          0.000  0.000  0.000  0.000 
                                             [ MATR   36 ]      -     91 - A - -
    MR   108   107 3   110     3     1    19    82   103  -8.147  -0.022  -6.464                          1.602 -1.927 -1.603 -1.428 
     D   109   107 3   110     3     0    14    81   101  -6.390  -1.568  -0.620                         
    IR   110   110 3   110     3     1    19    83   103  -1.925  -0.554  -4.164                          0.000  0.000  0.000  0.000 
                                             [ MATR   37 ]      -     90 - U - -
    MR   111   110 3   113     3     1    19    81   102  -8.147  -0.022  -6.464                         -1.085 -1.155 -1.794  1.481 
     D   112   110 3   113     3     0    13    80   100  -6.390  -1.568  -0.620                         
    IR   113   113 3   113     3     1    18    82   102  -1.925  -0.554  -4.164                          0.000  0.000  0.000  0.000 
                                             [ MATR   38 ]      -     89 - U - -
    MR   114   113 3   116     3     1    18    80   101  -8.147  -0.022  -6.464                         -1.085 -1.155 -1.794  1.481 
     D   115   113 3   116     3     0    12    79    99  -6.390  -1.568  -0.620                         
    IR   116   116 3   116     3     1    17    81   101  -1.925  -0.554  -4.164                          0.000  0.000  0.000  0.000 
                                             [ MATR   39 ]      -     88 - A - -
    MR   117   116 3   119     3     1    17    79   100  -8.147  -0.022  -6.464                          1.602 -1.927 -1.603 -1.428 
     D   118   116 3   119     3     0    12    78    98  -6.390  -1.568  -0.620                         
    IR   119   119 3   119     3     1    16    80   100  -1.925  -0.554  -4.164                          0.000  0.000  0.000  0.000 
                                             [ MATR   40 ]      -     87 - U - -
    MR   120   119 3   122     3     1    16    78    99  -8.147  -0.022  -6.464                         -1.085 -1.155 -1.794  1.481 
     D   121   119 3   122     3     0    11    77    97  -6.390  -1.568  -0.620                         
    IR   122   122 3   122     3     1    15    79    99  -1.925  -0.554  -4.164                          0.000  0.000  0.000  0.000 
                                             [ MATR   41 ]      -     86 - C - -
    MR   123   122 3   125     3     1    16    77    98  -8.147  -0.022  -6.464                         -0.937  1.245 -1.732 -0.311 
     D   124   122 3   125     3     0    10    76    96  -6.390  -1.568  -0.620                         
    IR   125   125 3   125     3     1    15    78    98  -1.925  -0.554  -4.164                          0.000  0.000  0.000  0.000 
                                             [ MATR   42 ]      -     85 - U - -
    MR   126   125 3   128     3     1    15    76    97  -8.147  -0.022  -6.464                         -1.085 -1.155 -1.794  1.481 
     D   127   125 3   128     3     0     9    75    95  -6.390  -1.568  -0.620                         
    IR   128   128 3   128     3     1    14    77    97  -1.925  -0.554  -4.164                          0.000  0.000  0.000  0.000 
                                             [ MATR   43 ]      -     84 - C - -
    MR   129   128 3   131     3     1    14    75    96  -8.147  -0.022  -6.464                         -1.215  1.445 -2.015 -0.738 
     D   130   128 3   131     3     0     8    74    94  -6.390  -1.568  -0.620                         
    IR   131   131 3   131     3     1    13    76    96  -1.925  -0.554  -4.164                          0.000  0.000  0.000  0.000 
                                             [ MATR   44 ]      -     83 - A - -
    MR   132   131 3   134     3     1    14    74    95  -8.147  -0.022  -6.464                          1.602 -1.927 -1.603 -1.428 
     D   133   131 3   134     3     0     7    73    93  -6.390  -1.568  -0.620                         
    IR   134   134 3   134     3     1    12    75    95  -1.925  -0.554  -4.164                          0.000  0.000  0.000  0.000 
                                             [ MATR   45 ]      -     82 - g - -
    MR   135   134 3   137     3     1    13    73    94  -8.147  -0.022  -6.464                          0.530 -1.239  0.576 -0.641 
     D   136   134 3   137     3     0     7    72    92  -6.390  -1.568  -0.620                         
    IR   137   137 3   137     3     1    12    74    94  -1.925  -0.554  -4.164                          0.000  0.000  0.000  0.000 
                                             [ MATR   46 ]      -     81 - U - -
    MR   138   137 3   140     3     1    13    72    93  -8.147  -0.022  -6.464                         -1.085 -1.155 -1.794  1.481 
     D   139   137 3   140     3     0     6    71    91  -6.390  -1.568  -0.620                         
    IR   140   140 3   140     3     1    11    73    93  -1.925  -0.554  -4.164                          0.000  0.000  0.000  0.000 
                                             [ MATR   47 ]      -     80 - A - -
    MR   141   140 3   143     5     1    12    71    92  -6.900  -0.045  -6.716  -6.928  -7.819          1.602 -1.927 -1.603 -1.428 
     D   142   140 3   143     5     0     5    70    90  -5.352  -0.707  -2.978  -4.409  -2.404         
    IR   143   143 3   143     5     1     9    72    92  -2.408  -0.496  -5.920  -4.087  -5.193          0.000  0.000  0.000  0.000 
                                             [ MATP   48 ]     26     79 A U - -
    MP   144   143 3   148     6     2    13    70    91  -9.020  -8.959  -0.022  -7.735  -8.015  -8.410 -3.449 -2.574 -3.488  3.050 -3.660 -4.698  0.620 -3.549 -3.398  1.452 -3.928 -0.112  0.200 -3.940 -1.323 -2.346 
    ML   145   143 3   148     6     1     7    69    89  -6.250  -6.596  -1.310  -1.005  -6.446  -3.975  0.368 -0.385 -0.191  0.094 
    MR   146   143 3   148     6     1     7    69    89  -6.988  -5.717  -1.625  -5.695  -0.829  -3.908  0.368 -0.385 -0.191  0.094 
     D   147   143 3   148     6     0     2    66    87  -9.049  -7.747  -3.544  -4.226  -4.244  -0.319 
    IL   148   148 5   148     6     1     8    70    90  -2.579  -2.842  -0.760  -4.497  -5.274  -4.934  0.000  0.000  0.000  0.000 
    IR   149   149 6   149     5     1     9    70    90  -2.408  -0.496  -5.920  -4.087  -5.193          0.000  0.000  0.000  0.000 
                                             [ MATP   49 ]     27     78 G C - -
    MP   150   149 6   154     6     2    13    68    89  -9.020  -8.959  -0.022  -7.735  -8.015  -8.410 -4.309 -2.890 -4.378  0.480 -4.623 -4.517 -0.092 -4.582 -4.031  3.514 -4.401 -0.578 -0.491 -4.180 -2.108 -3.262 
    ML   151   149 6   154     6     1     7    67    87  -6.250  -6.596  -1.310  -1.005  -6.446  -3.975  0.368 -0.385 -0.191  0.094 
    MR   152   149 6   154     6     1     6    67    87  -6.988  -5.717  -1.625  -5.695  -0.829  -3.908  0.368 -0.385 -0.191  0.094 
     D   153   149 6   154     6     0     2    64    85  -9.049  -7.747  -3.544  -4.226  -4.244  -0.319 
    IL   154   154 5   154     6     1     8    68    88  -2.579  -2.842  -0.760  -4.497  -5.274  -4.934  0.000  0.000  0.000  0.000 
    IR   155   155 6   155     5     1     8    68    88  -2.408  -0.496  -5.920  -4.087  -5.193          0.000  0.000  0.000  0.000 
                                             [ MATP   50 ]     28     77 G C - -
    MP   156   155 6   160     6     2    12    66    87  -9.020  -8.959  -0.022  -7.735  -8.015  -8.410 -3.650 -0.935 -3.695  0.867 -4.103 -4.173  0.241 -4.057 -3.644  3.274 -4.044 -0.297 -0.050 -3.615 -1.684 -2.670 
    ML   157   155 6   160     6     1     6    65    85  -6.250  -6.596  -1.310  -1.005  -6.446  -3.975  0.368 -0.385 -0.191  0.094 
    MR   158   155 6   160     6     1     6    65    85  -6.988  -5.717  -1.625  -5.695  -0.829  -3.908  0.368 -0.385 -0.191  0.094 
     D   159   155 6   160     6     0     1    62    83  -9.049  -7.747  -3.544  -4.226  -4.244  -0.319 
    IL   160   160 5   160     6     1     8    66    86  -2.579  -2.842  -0.760  -4.497  -5.274  -4.934  0.000  0.000  0.000  0.000 
    IR   161   161 6   161     5     1     8    66    86  -2.408  -0.496  -5.920  -4.087  -5.193          0.000  0.000  0.000  0.000 
                                             [ MATP   51 ]     29     76 a u - -
    MP   162   161 6   166     6     2    11    64    85  -9.020  -8.959  -0.022  -7.735  -8.015  -8.410 -3.056 -2.654 -3.114  2.922 -3.071 -4.069  0.951 -1.654 -3.171  1.230 -3.690 -0.516  0.591 -3.366 -0.906 -2.153 
    ML   163   161 6   166     6     1     6    63    83  -6.250  -6.596  -1.310  -1.005  -6.446  -3.975  0.368 -0.385 -0.191  0.094 
    MR   164   161 6   166     6     1     5    63    83  -6.988  -5.717  -1.625  -5.695  -0.829  -3.908  0.368 -0.385 -0.191  0.094 
     D   165   161 6   166     6     0     1    60    81  -9.049  -7.747  -3.544  -4.226  -4.244  -0.319 
    IL   166   166 5   166     6     1     7    64    84  -2.579  -2.842  -0.760  -4.497  -5.274  -4.934  0.000  0.000  0.000  0.000 
    IR   167   167 6   167     5     1     7    64    84  -2.408  -0.496  -5.920  -4.087  -5.193          0.000  0.000  0.000  0.000 
                                             [ MATP   52 ]     30     75 a u - -
    MP   168   167 6   172     6     2    10    62    83  -9.020  -8.959  -0.022  -7.735  -8.015  -8.410 -3.113 -2.516 -3.171  2.844 -3.251 -4.187  0.868 -3.332 -3.192  1.481 -3.712 -0.243  0.520 -3.445 -1.018 -1.028 
    ML   169   167 6   172     6     1     5    61    81  -6.250  -6.596  -1.310  -1.005  -6.446  -3.975  0.368 -0.385 -0.191  0.094 
    MR   170   167 6   172     6     1     4    61    81  -6.988  -5.717  -1.625  -5.695  -0.829  -3.908  0.368 -0.385 -0.191  0.094 
     D   171   167 6   172     6     0     1    59    79  -9.049  -7.747  -3.544  -4.226  -4.244  -0.319 
    IL   172   172 5   172     6     1     6    62    82  -2.579  -2.842  -0.760  -4.497  -5.274  -4.934  0.000  0.000  0.000  0.000 
    IR   173   173 6   173     5     1     7    62    82  -2.408  -0.496  -5.920  -4.087  -5.193          0.000  0.000  0.000  0.000 
                                             [ MATP   53 ]     31     74 A U - -
    MP   174   173 6   178     6     2     8    60    81  -9.020  -8.959  -0.022  -7.735  -8.015  -8.410 -3.449 -2.574 -3.488  3.050 -3.660 -4.698  0.620 -3.549 -3.398  1.452 -3.928 -0.112  0.200 -3.940 -1.323 -2.346 
    ML   175   173 6   178     6     1     4    59    80  -6.250  -6.596  -1.310  -1.005  -6.446  -3.975  0.368 -0.385 -0.191  0.094 
    MR   176   173 6   178     6     1     3    59    79  -6.988  -5.717  -1.625  -5.695  -0.829  -3.908  0.368 -0.385 -0.191  0.094 
     D   177   173 6   178     6     0     1    57    78  -9.049  -7.747  -3.544  -4.226  -4.244  -0.319 
    IL   178   178 5   178     6     1     6    60    80  -2.579  -2.842  -0.760  -4.497  -5.274  -4.934  0.000  0.000  0.000  0.000 
    IR   179   179 6   179     5     1     5    60    80  -2.408  -0.496  -5.920  -4.087  -5.193          0.000  0.000  0.000  0.000 
                                             [ MATP   54 ]     32     73 G C - -
    MP   180   179 6   184     4     2     7    58    78  -6.705  -6.912  -0.063  -5.326                 -4.309 -2.890 -4.378  0.480 -4.623 -4.517 -0.092 -4.582 -4.031  3.514 -4.401 -0.578 -0.491 -4.180 -2.108 -3.262 
    ML   181   179 6   184     4     1     3    59    79  -3.758  -3.940  -0.507  -2.670                  0.368 -0.385 -0.191  0.094 
    MR   182   179 6   184     4     1     1    58    78  -4.809  -3.838  -1.706  -0.766                  0.368 -0.385 -0.191  0.094 
     D   183   179 6   184     4     0     0    57    77  -4.568  -4.250  -2.265  -0.520                 
    IL   184   184 5   184     4     1     5    60    80  -1.686  -2.369  -1.117  -4.855                  0.000  0.000  0.000  0.000 
    IR   185   185 6   185     3     1     5    59    79  -1.442  -0.798  -4.142                          0.000  0.000  0.000  0.000 
                                             [ MATL   55 ]     33      - C - - -
    ML   186   185 6   188     3     1     5    56    76  -7.740  -0.024  -6.395                         -1.215  1.445 -2.015 -0.738 
     D   187   185 6   188     3     0     0    55    75  -6.174  -1.687  -0.566                         
    IL   188   188 3   188     3     1     4    58    78  -1.442  -0.798  -4.142                          0.000  0.000  0.000  0.000 
                                             [ MATL   56 ]     34      - A - - -
    ML   189   188 3   191     3     1     5    55    75  -7.740  -0.024  -6.395                          1.602 -1.927 -1.603 -1.428 
     D   190   188 3   191     3     0     0    54    74  -6.174  -1.687  -0.566                         
    IL   191   191 3   191     3     1     3    57    77  -1.442  -0.798  -4.142                          0.000  0.000  0.000  0.000 
                                             [ MATL   57 ]     35      - A - - -
    ML   192   191 3   194     3     1     4    54    74  -7.740  -0.024  -6.395                          1.602 -1.927 -1.603 -1.428 
     D   193   191 3   194     3     0     0    52    72  -6.174  -1.687  -0.566                         
    IL   194   194 3   194     3     1     3    56    76  -1.442  -0.798  -4.142                          0.000  0.000  0.000  0.000 
                                             [ MATL   58 ]     36      - u - - -
    ML   195   194 3   197     3     1     4    53    73  -7.740  -0.024  -6.395                         -0.543  0.513 -1.306  0.568 
     D   196   194 3   197     3     0     0    51    71  -6.174  -1.687  -0.566                         
    IL   197   197 3   197     3     1     2    55    75  -1.442  -0.798  -4.142                          0.000  0.000  0.000  0.000 
                                             [ MATL   59 ]     37      - U - - -
    ML   198   197 3   200     3     1     3    52    72  -7.740  -0.024  -6.395                         -0.546 -0.805 -0.964  1.157 
     D   199   197 3   200     3     0     0    50    70  -6.174  -1.687  -0.566                         
    IL   200   200 3   200     3     1     2    54    74  -1.442  -0.798  -4.142                          0.000  0.000  0.000  0.000 
                                             [ MATL   60 ]     38      - a - - -
    ML   201   200 3   203     3     1     3    51    71  -7.740  -0.024  -6.395                          0.783 -1.200  0.250 -0.613 
     D   202   200 3   203     3     0     0    49    69  -6.174  -1.687  -0.566                         
    IL   203   203 3   203     3     1     1    53    73  -1.442  -0.798  -4.142                          0.000  0.000  0.000  0.000 
                                             [ MATL   61 ]     39      - u - - -
    ML   204   203 3   206     3     1     2    50    70  -7.740  -0.024  -6.395                         -0.341 -0.356 -1.178  0.991 
     D   205   203 3   206     3     0     0    48    68  -6.174  -1.687  -0.566                         
    IL   206   206 3   206     3     1     1    52    72  -1.442  -0.798  -4.142                          0.000  0.000  0.000  0.000 
                                             [ MATL   62 ]     40      - u - - -
    ML   207   206 3   209     3     1     2    49    68  -7.740  -0.024  -6.395                         -0.129 -0.766  0.099  0.512 
     D   208   206 3   209     3     0     0    47    67  -6.174  -1.687  -0.566                         
    IL   209   209 3   209     3     1     1    51    71  -1.442  -0.798  -4.142                          0.000  0.000  0.000  0.000 
                                             [ MATL   63 ]     41      - A - - -
    ML   210   209 3   212     3     1     2    48    67  -7.740  -0.024  -6.395                          1.602 -1.927 -1.603 -1.428 
     D   211   209 3   212     3     0     0    46    66  -6.174  -1.687  -0.566                         
    IL   212   212 3   212     3     1     1    50    70  -1.442  -0.798  -4.142                          0.000  0.000  0.000  0.000 
                                             [ MATL   64 ]     42      - U - - -
    ML   213   212 3   215     3     1     1    47    66  -7.740  -0.024  -6.395                         -1.085 -1.155 -1.794  1.481 
     D   214   212 3   215     3     0     0    45    65  -6.174  -1.687  -0.566                         
    IL   215   215 3   215     3     1     1    49    68  -1.442  -0.798  -4.142                          0.000  0.000  0.000  0.000 
                                             [ MATL   65 ]     43      - A - - -
    ML   216   215 3   218     3     1     1    45    65  -7.740  -0.024  -6.395                          1.602 -1.927 -1.603 -1.428 
     D   217   215 3   218     3     0     0    44    64  -6.174  -1.687  -0.566                         
    IL   218   218 3   218     3     1     1    47    67  -1.442  -0.798  -4.142                          0.000  0.000  0.000  0.000 
                                             [ MATL   66 ]     44      - C - - -
    ML   219   218 3   221     3     1     1    44    64  -7.740  -0.024  -6.395                         -1.215  1.445 -2.015 -0.738 
     D   220   218 3   221     3     0     0    43    63  -6.174  -1.687  -0.566                         
    IL   221   221 3   221     3     1     1    46    66  -1.442  -0.798  -4.142                          0.000  0.000  0.000  0.000 
                                             [ MATL   67 ]     45      - C - - -
    ML   222   221 3   224     3     1     1    43    63  -7.740  -0.024  -6.395                         -1.215  1.445 -2.015 -0.738 
     D   223   221 3   224     3     0     0    42    62  -6.174  -1.687  -0.566                         
    IL   224   224 3   224     3     1     1    45    65  -1.442  -0.798  -4.142                          0.000  0.000  0.000  0.000 
                                             [ MATL   68 ]     46      - C - - -
    ML   225   224 3   227     3     1     1    42    62  -7.740  -0.024  -6.395                         -1.215  1.445 -2.015 -0.738 
     D   226   224 3   227     3     0     0    41    61  -6.174  -1.687  -0.566                         
    IL   227   227 3   227     3     1     1    44    64  -1.442  -0.798  -4.142                          0.000  0.000  0.000  0.000 
                                             [ MATL   69 ]     47      - A - - -
    ML   228   227 3   230     3     1     1    41    61  -7.740  -0.024  -6.395                          1.602 -1.927 -1.603 -1.428 
     D   229   227 3   230     3     0     0    40    59  -6.174  -1.687  -0.566                         
    IL   230   230 3   230     3     1     1    43    63  -1.442  -0.798  -4.142                          0.000  0.000  0.000  0.000 
                                             [ MATL   70 ]     48      - C - - -
    ML   231   230 3   233     3     1     1    40    60  -7.740  -0.024  -6.395                         -0.788  1.088 -1.578 -0.059 
     D   232   230 3   233     3     0     0    39    58  -6.174  -1.687  -0.566                         
    IL   233   233 3   233     3     1     1    42    62  -1.442  -0.798  -4.142                          0.000  0.000  0.000  0.000 
                                             [ MATL   71 ]     49      - U - - -
    ML   234   233 3   236     3     1     1    39    59  -7.740  -0.024  -6.395                         -0.625 -0.231 -1.355  1.076 
     D   235   233 3   236     3     0     0    38    57  -6.174  -1.687  -0.566                         
    IL   236   236 3   236     3     1     1    41    61  -1.442  -0.798  -4.142                          0.000  0.000  0.000  0.000 
                                             [ MATL   72 ]     50      - U - - -
    ML   237   236 3   239     3     1     1    38    57  -7.740  -0.024  -6.395                         -1.085 -1.155 -1.794  1.481 
     D   238   236 3   239     3     0     0    37    56  -6.174  -1.687  -0.566                         
    IL   239   239 3   239     3     1     1    40    60  -1.442  -0.798  -4.142                          0.000  0.000  0.000  0.000 
                                             [ MATL   73 ]     51      - U - - -
    ML   240   239 3   242     3     1     1    37    56  -7.740  -0.024  -6.395                         -1.085 -1.155 -1.794  1.481 
     D   241   239 3   242     3     0     0    36    55  -6.174  -1.687  -0.566                         
    IL   242   242 3   242     3     1     1    39    59  -1.442  -0.798  -4.142                          0.000  0.000  0.000  0.000 
                                             [ MATL   74 ]     52      - C - - -
    ML   243   242 3   245     3     1     1    36    55  -7.740  -0.024  -6.395                         -0.966  1.270 -1.762 -0.357 
     D   244   242 3   245     3     0     0    34    54  -6.174  -1.687  -0.566                         
    IL   245   245 3   245     3     1     1    38    58  -1.442  -0.798  -4.142                          0.000  0.000  0.000  0.000 
                                             [ MATL   75 ]     53      - U - - -
    ML   246   245 3   248     3     1     1    35    54  -7.740  -0.024  -6.395                         -1.085 -1.155 -1.794  1.481 
     D   247   245 3   248     3     0     0    33    53  -6.174  -1.687  -0.566                         
    IL   248   248 3   248     3     1     1    37    57  -1.442  -0.798  -4.142                          0.000  0.000  0.000  0.000 
                                             [ MATL   76 ]     54      - C - - -
    ML   249   248 3   251     3     1     1    34    53  -7.740  -0.024  -6.395                         -1.215  1.445 -2.015 -0.738 
     D   250   248 3   251     3     0     0    32    52  -6.174  -1.687  -0.566                         
    IL   251   251 3   251     3     1     1    36    55  -1.442  -0.798  -4.142                          0.000  0.000  0.000  0.000 
                                             [ MATL   77 ]     55      - A - - -
    ML   252   251 3   254     3     1     1    33    52  -7.740  -0.024  -6.395                          1.602 -1.927 -1.603 -1.428 
     D   253   251 3   254     3     0     0    31    51  -6.174  -1.687  -0.566                         
    IL   254   254 3   254     3     1     1    35    54  -1.442  -0.798  -4.142                          0.000  0.000  0.000  0.000 
                                             [ MATL   78 ]     56      - A - - -
    ML   255   254 3   257     3     1     1    31    51  -7.740  -0.024  -6.395                          1.602 -1.927 -1.603 -1.428 
     D   256   254 3   257     3     0     0    30    50  -6.174  -1.687  -0.566                         
    IL   257   257 3   257     3     1     1    34    53  -1.442  -0.798  -4.142                          0.000  0.000  0.000  0.000 
                                             [ MATL   79 ]     57      - G - - -
    ML   258   257 3   260     3     1     1    30    50  -7.740  -0.024  -6.395                         -1.104 -2.242  1.585 -1.626 
     D   259   257 3   260     3     0     0    29    48  -6.174  -1.687  -0.566                         
    IL   260   260 3   260     3     1     1    33    52  -1.442  -0.798  -4.142                          0.000  0.000  0.000  0.000 
                                             [ MATL   80 ]     58      - C - - -
    ML   261   260 3   263     3     1     1    29    48  -7.740  -0.024  -6.395                         -1.215  1.445 -2.015 -0.738 
     D   262   260 3   263     3     0     0    28    47  -6.174  -1.687  -0.566                         
    IL   263   263 3   263     3     1     1    32    51  -1.442  -0.798  -4.142                          0.000  0.000  0.000  0.000 
                                             [ MATL   81 ]     59      - A - - -
    ML   264   263 3   266     3     1     1    28    47  -7.740  -0.024  -6.395                          1.602 -1.927 -1.603 -1.428 
     D   265   263 3   266     3     0     0    27    46  -6.174  -1.687  -0.566                         
    IL   266   266 3   266     3     1     1    31    50  -1.442  -0.798  -4.142                          0.000  0.000  0.000  0.000 
                                             [ MATL   82 ]     60      - C - - -
    ML   267   266 3   269     3     1     1    27    46  -7.740  -0.024  -6.395                         -1.215  1.445 -2.015 -0.738 
     D   268   266 3   269     3     0     0    26    45  -6.174  -1.687  -0.566                         
    IL   269   269 3   269     3     1     1    29    49  -1.442  -0.798  -4.142                          0.000  0.000  0.000  0.000 
                                             [ MATL   83 ]     61      - U - - -
    ML   270   269 3   272     3     1     1    26    45  -7.740  -0.024  -6.395                         -1.085 -1.155 -1.794  1.481 
     D   271   269 3   272     3     0     0    25    44  -6.174  -1.687  -0.566                         
    IL   272   272 3   272     3     1     1    28    48  -1.442  -0.798  -4.142                          0.000  0.000  0.000  0.000 
                                             [ MATL   84 ]     62      - a - - -
    ML   273   272 3   275     3     1     1    25    44  -7.740  -0.024  -6.395                          0.952 -0.595 -0.662 -0.374 
     D   274   272 3   275     3     0     0    24    43  -6.174  -1.687  -0.566                         
    IL   275   275 3   275     3     1     1    27    47  -1.442  -0.798  -4.142                          0.000  0.000  0.000  0.000 
                                             [ MATL   85 ]     63      - U - - -
    ML   276   275 3   278     3     1     1    24    43  -7.740  -0.077  -4.393                         -1.085 -1.155 -1.794  1.481 
     D   277   275 3   278     3     0     0    23    42  -6.174  -1.687  -0.566                         
    IL   278   278 3   278     3     1     1    26    45  -1.442  -0.798  -4.142                          0.000  0.000  0.000  0.000 
                                             [ MATL   86 ]     64      - G - - -
    ML   279   278 3   281     3     1     1    23    41  -7.688  -0.025  -6.342                         -0.509 -1.359  1.141 -0.509 
     D   280   278 3   281     3     0     0    21    40  -6.533  -1.112  -0.925                         
    IL   281   281 3   281     3     1     1    25    44  -1.442  -0.798  -4.142                          0.000  0.000  0.000  0.000 
                                             [ MATL   87 ]     65      - U - - -
    ML   282   281 3   284     3     1     1    21    40  -7.740  -0.024  -6.395                         -1.085 -1.155 -1.794  1.481 
     D   283   281 3   284     3     0     0    20    39  -6.174  -1.687  -0.566                         
    IL   284   284 3   284     3     1     1    24    43  -1.442  -0.798  -4.142                          0.000  0.000  0.000  0.000 
                                             [ MATL   88 ]     66      - a - - -
    ML   285   284 3   287     3     1     1    20    39  -7.740  -0.024  -6.395                          0.942 -0.931 -0.657 -0.121 
     D   286   284 3   287     3     0     0    19    38  -6.174  -1.687  -0.566                         
    IL   287   287 3   287     3     1     1    23    42  -1.442  -0.798  -4.142                          0.000  0.000  0.000  0.000 
                                             [ MATL   89 ]     67      - C - - -
    ML   288   287 3   290     3     1     1    19    38  -7.740  -0.024  -6.395                         -1.215  1.445 -2.015 -0.738 
     D   289   287 3   290     3     0     0    18    37  -6.174  -1.687  -0.566                         
    IL   290   290 3   290     3     1     1    22    41  -1.442  -0.798  -4.142                          0.000  0.000  0.000  0.000 
                                             [ MATL   90 ]     68      - A - - -
    ML   291   290 3   293     3     1     1    18    36  -7.740  -0.024  -6.395                          1.602 -1.927 -1.603 -1.428 
     D   292   290 3   293     3     0     0    17    36  -6.174  -1.687  -0.566                         
    IL   293   293 3   293     3     1     1    21    40  -1.442  -0.798  -4.142                          0.000  0.000  0.000  0.000 
                                             [ MATL   91 ]     69      - C - - -
    ML   294   293 3   296     3     1     1    16    35  -7.740  -0.024  -6.395                         -1.215  1.445 -2.015 -0.738 
     D   295   293 3   296     3     0     0    16    34  -6.174  -1.687  -0.566                         
    IL   296   296 3   296     3     1     1    20    38  -1.442  -0.798  -4.142                          0.000  0.000  0.000  0.000 
                                             [ MATL   92 ]     70      - C - - -
    ML   297   296 3   299     3     1     1    15    33  -7.740  -0.024  -6.395                         -1.215  1.445 -2.015 -0.738 
     D   298   296 3   299     3     0     0    15    33  -6.174  -1.687  -0.566                         
    IL   299   299 3   299     3     1     1    19    37  -1.442  -0.798  -4.142                          0.000  0.000  0.000  0.000 
                                             [ MATL   93 ]     71      - U - - -
    ML   300   299 3   302     3     1     1    13    32  -7.740  -0.024  -6.395                         -1.085 -1.155 -1.794  1.481 
     D   301   299 3   302     3     0     0    13    32  -6.174  -1.687  -0.566                         
    IL   302   302 3   302     3     1     1    18    36  -1.442  -0.798  -4.142                          0.000  0.000  0.000  0.000 
                                             [ MATL   94 ]     72      - C - - -
    ML   303   302 3   305     2     1     1     1     1       *   0.000                                 -1.215  1.445 -2.015 -0.738 
     D   304   302 3   305     2     0     0     0     0       *   0.000                                 
    IL   305   305 3   305     2     1     1    13    28  -1.823  -0.479                                  0.000  0.000  0.000  0.000 
                                             [ END    95 ]      -      - - - - -
     E   306   305 3    -1     0     0     0     0     0                                                 
//
HMMER3/f [3.1b3 | July 2016]
NAME  at_nt_yont_sr6_round5_0001
LENG  101
MAXL  201
ALPH  RNA
RF    no
MM    no
CONS  yes
CS    yes
MAP   yes
DATE  Wed Dec 25 13:04:18 2019
COM   [1] cmbuild /home/co78wid/projects/master/results/ta_systems/yont_sr6/2_structure_analysis/infernal_search/at_nt_yont_sr6_cmbuild.txt /home/co78wid/projects/master/results/ta_systems/yont_sr6/1_sequence_analysis/fold/at_nt_yont_sr6_round5.stk
NSEQ  18
EFFN  1.480957
CKSUM 4088051653
STATS LOCAL MSV       -8.9129  0.71838
STATS LOCAL VITERBI  -10.1029  0.71838
STATS LOCAL FORWARD   -2.9909  0.71838
HMM          A        C        G        U   
            m->m     m->i     m->d     i->m     i->i     d->m     d->d
  COMPO   1.16882  1.45783  1.77116  1.25040
          1.38629  1.38629  1.38629  1.38629
          0.29015  3.74589  1.47737  1.46634  0.26236  0.00000        *
      1   1.79011  2.50374  0.46761  2.08119      1 G - - :
          1.38629  1.38629  1.38629  1.38629
          0.06122  3.51695  3.51695  1.46634  0.26236  2.45660  0.08962
      2   0.41125  2.38451  2.19188  2.01484      2 A - - :
          1.38629  1.38629  1.38629  1.38629
          0.06122  3.51695  3.51695  1.46634  0.26236  2.45660  0.08962
      3   1.84341  1.95426  2.30927  0.50962      3 U - - :
          1.38629  1.38629  1.38629  1.38629
          0.06122  3.51695  3.51695  1.46634  0.26236  2.45660  0.08962
      4   1.48416  1.82401  2.07145  0.72170      4 u - - :
          1.38629  1.38629  1.38629  1.38629
          0.06122  3.51695  3.51695  1.46634  0.26236  2.45660  0.08962
      5   1.79011  2.50374  0.46761  2.08119      5 G - - :
          1.38629  1.38629  1.38629  1.38629
          0.06122  3.51695  3.51695  1.46634  0.26236  2.45660  0.08962
      6   1.84341  1.95426  2.30927  0.50962      6 U - - :
          1.38629  1.38629  1.38629  1.38629
          0.06122  3.51695  3.51695  1.46634  0.26236  0.29538  1.36355
      7   0.89580  1.94197  2.03705  1.14606      7 a - - :
          1.38629  1.38629  1.38629  1.38629
          0.04956  3.72239  3.72239  1.46634  0.26236  1.38213  0.28907
      8   0.27098  2.73666  2.51100  2.39259      8 A - - :
          1.38629  1.38629  1.38629  1.38629
          0.04956  3.72239  3.72239  1.46634  0.26236  1.38213  0.28907
      9   1.05997  2.26467  0.93591  1.84871      9 g - - :
          1.38629  1.38629  1.38629  1.38629
          0.04956  3.72239  3.72239  1.46634  0.26236  1.38213  0.28907
     10   0.27098  2.73666  2.51100  2.39259     10 A - - :
          1.38629  1.38629  1.38629  1.38629
          0.04956  3.72239  3.72239  1.46634  0.26236  1.38213  0.28907
     11   0.27098  2.73666  2.51100  2.39259     11 A - - :
          1.38629  1.38629  1.38629  1.38629
          0.04956  3.72239  3.72239  1.46634  0.26236  1.38213  0.28907
     12   2.24591  0.37746  2.80125  1.91167     12 C - - :
          1.38629  1.38629  1.38629  1.38629
          0.04956  3.72239  3.72239  1.46634  0.26236  1.38213  0.28907
     13   2.04054  0.52288  2.59290  1.59736     13 C - - :
          1.38629  1.38629  1.38629  1.38629
          0.04956  3.72239  3.72239  1.46634  0.26236  1.38213  0.28907
     14   2.16753  2.95948  0.28202  2.53284     14 G - - :
          1.38629  1.38629  1.38629  1.38629
          0.04956  3.72239  3.72239  1.46634  0.26236  1.38213  0.28907
     15   1.68453  1.97309  2.29879  0.55328     15 U - - :
          1.38629  1.38629  1.38629  1.38629
          0.04956  3.72239  3.72239  1.46634  0.26236  1.38213  0.28907
     16   1.57915  1.92738  1.38098  0.92385     16 u - - :
          1.38629  1.38629  1.38629  1.38629
          0.04956  3.72239  3.72239  1.46634  0.26236  1.38213  0.28907
     17   0.27098  2.73666  2.51100  2.39259     17 A - - :
          1.38629  1.38629  1.38629  1.38629
          0.04956  3.72239  3.72239  1.46634  0.26236  0.69733  0.68898
     18   0.92770  1.93888  2.04681  1.10404     18 a - - :
          1.38629  1.38629  1.38629  1.38629
          0.04838  3.74589  3.74589  1.46634  0.26236  1.09861  0.40547
     19   0.55437  2.18685  2.16862  1.61466     19 A - - :
          1.38629  1.38629  1.38629  1.38629
          0.04838  3.74589  3.74589  1.46634  0.26236  1.09861  0.40547
     20   2.21323  3.01359  0.26618  2.58709     20 G - - :
          1.38629  1.38629  1.38629  1.38629
          0.04838  3.74589  3.74589  1.46634  0.26236  1.09861  0.40547
     21   0.83485  2.24122  1.20380  1.83459     21 a - - :
          1.38629  1.38629  1.38629  1.38629
          0.04838  3.74589  3.74589  1.46634  0.26236  1.09861  0.40547
     22   1.08881  1.89246  1.70174  1.10770     22 a - - :
          1.38629  1.38629  1.38629  1.38629
          0.04838  3.74589  3.74589  1.46634  0.26236  1.09861  0.40547
     23   0.25817  2.77902  2.54914  2.43858     23 A - - :
          1.38629  1.38629  1.38629  1.38629
          0.04838  3.74589  3.74589  1.46634  0.26236  1.09861  0.40547
     24   2.18939  2.22792  2.68450  0.33967     24 U - - :
          1.38629  1.38629  1.38629  1.38629
          0.04838  3.74589  3.74589  1.46634  0.26236  1.09861  0.40547
     25   0.92645  2.24959  1.08029  1.83820     25 a - - :
          1.38629  1.38629  1.38629  1.38629
          0.04838  3.74589  3.74589  1.46634  0.26236  1.09861  0.40547
     26   0.58516  2.26281  1.47158  2.21309     26 A - - <
          1.38629  1.38629  1.38629  1.38629
          0.04838  3.74589  3.74589  1.46634  0.26236  1.09861  0.40547
     27   2.29414  2.75050  0.26384  2.70074     27 G - - <
          1.38629  1.38629  1.38629  1.38629
          0.04838  3.74589  3.74589  1.46634  0.26236  1.09861  0.40547
     28   1.85398  2.49739  0.40305  2.37719     28 G - - <
          1.38629  1.38629  1.38629  1.38629
          0.04838  3.74589  3.74589  1.46634  0.26236  1.09861  0.40547
     29   0.65616  1.92512  1.64219  1.95370     29 A - - <
          1.38629  1.38629  1.38629  1.38629
          0.04838  3.74589  3.74589  1.46634  0.26236  1.09861  0.40547
     30   0.71274  2.07692  1.46433  1.87631     30 a - - <
          1.38629  1.38629  1.38629  1.38629
          0.04838  3.74589  3.74589  1.46634  0.26236  1.09861  0.40547
     31   0.58446  2.26421  1.47150  2.21550     31 A - - <
          1.38629  1.38629  1.38629  1.38629
          0.04838  3.74589  3.74589  1.46634  0.26236  1.09861  0.40547
     32   2.29495  2.75124  0.26357  2.70185     32 G - - <
          1.38629  1.38629  1.38629  1.38629
          0.04838  3.74589  3.74589  1.46634  0.26236  1.09861  0.40547
     33   2.29509  0.35756  2.85322  1.95048     33 C - - _
          1.38629  1.38629  1.38629  1.38629
          0.04838  3.74589  3.74589  1.46634  0.26236  1.09861  0.40547
     34   0.25817  2.77902  2.54914  2.43858     34 A - - _
          1.38629  1.38629  1.38629  1.38629
          0.04838  3.74589  3.74589  1.46634  0.26236  1.09861  0.40547
     35   0.25817  2.77902  2.54914  2.43858     35 A - - _
          1.38629  1.38629  1.38629  1.38629
          0.04838  3.74589  3.74589  1.46634  0.26236  1.09861  0.40547
     36   1.78574  1.01596  2.31732  0.98957     36 u - - _
          1.38629  1.38629  1.38629  1.38629
          0.04838  3.74589  3.74589  1.46634  0.26236  1.09861  0.40547
     37   1.79256  1.96745  2.07599  0.56524     37 U - - _
          1.38629  1.38629  1.38629  1.38629
          0.04838  3.74589  3.74589  1.46634  0.26236  1.09861  0.40547
     38   0.83485  2.24122  1.20380  1.83459     38 a - - _
          1.38629  1.38629  1.38629  1.38629
          0.04838  3.74589  3.74589  1.46634  0.26236  1.09861  0.40547
     39   1.63893  1.63861  2.22479  0.68623     39 U - - _
          1.38629  1.38629  1.38629  1.38629
          0.04838  3.74589  3.74589  1.46634  0.26236  1.09861  0.40547
     40   1.48486  1.93015  1.31017  1.02564     40 u - - _
          1.38629  1.38629  1.38629  1.38629
          0.04838  3.74589  3.74589  1.46634  0.26236  1.09861  0.40547
     41   0.25817  2.77902  2.54914  2.43858     41 A - - _
          1.38629  1.38629  1.38629  1.38629
          0.04838  3.74589  3.74589  1.46634  0.26236  1.09861  0.40547
     42   2.18939  2.22792  2.68450  0.33967     42 U - - _
          1.38629  1.38629  1.38629  1.38629
          0.04838  3.74589  3.74589  1.46634  0.26236  1.09861  0.40547
     43   0.25817  2.77902  2.54914  2.43858     43 A - - _
          1.38629  1.38629  1.38629  1.38629
          0.04838  3.74589  3.74589  1.46634  0.26236  1.09861  0.40547
     44   2.29509  0.35756  2.85322  1.95048     44 C - - _
          1.38629  1.38629  1.38629  1.38629
          0.04838  3.74589  3.74589  1.46634  0.26236  1.09861  0.40547
     45   2.29509  0.35756  2.85322  1.95048     45 C - - _
          1.38629  1.38629  1.38629  1.38629
          0.04838  3.74589  3.74589  1.46634  0.26236  1.09861  0.40547
     46   2.29509  0.35756  2.85322  1.95048     46 C - - _
          1.38629  1.38629  1.38629  1.38629
          0.04838  3.74589  3.74589  1.46634  0.26236  1.09861  0.40547
     47   0.25817  2.77902  2.54914  2.43858     47 A - - _
          1.38629  1.38629  1.38629  1.38629
          0.04838  3.74589  3.74589  1.46634  0.26236  1.09861  0.40547
     48   1.96957  0.60882  2.52119  1.44338     48 C - - _
          1.38629  1.38629  1.38629  1.38629
          0.04838  3.74589  3.74589  1.46634  0.26236  1.09861  0.40547
     49   1.84571  1.54962  2.35387  0.62594     49 U - - _
          1.38629  1.38629  1.38629  1.38629
          0.04838  3.74589  3.74589  1.46634  0.26236  1.09861  0.40547
     50   2.18939  2.22792  2.68450  0.33967     50 U - - _
          1.38629  1.38629  1.38629  1.38629
          0.04838  3.74589  3.74589  1.46634  0.26236  1.09861  0.40547
     51   2.18939  2.22792  2.68450  0.33967     51 U - - _
          1.38629  1.38629  1.38629  1.38629
          0.04838  3.74589  3.74589  1.46634  0.26236  1.09861  0.40547
     52   2.10402  0.48020  2.65992  1.66377     52 C - - _
          1.38629  1.38629  1.38629  1.38629
          0.04838  3.74589  3.74589  1.46634  0.26236  1.09861  0.40547
     53   2.18939  2.22792  2.68450  0.33967     53 U - - _
          1.38629  1.38629  1.38629  1.38629
          0.04838  3.74589  3.74589  1.46634  0.26236  1.09861  0.40547
     54   2.29509  0.35756  2.85322  1.95048     54 C - - _
          1.38629  1.38629  1.38629  1.38629
          0.04838  3.74589  3.74589  1.46634  0.26236  1.09861  0.40547
     55   0.25817  2.77902  2.54914  2.43858     55 A - - _
          1.38629  1.38629  1.38629  1.38629
          0.04838  3.74589  3.74589  1.46634  0.26236  1.09861  0.40547
     56   0.25817  2.77902  2.54914  2.43858     56 A - - _
          1.38629  1.38629  1.38629  1.38629
          0.04838  3.74589  3.74589  1.46634  0.26236  1.09861  0.40547
     57   2.21323  3.01359  0.26618  2.58709     57 G - - _
          1.38629  1.38629  1.38629  1.38629
          0.04838  3.74589  3.74589  1.46634  0.26236  1.09861  0.40547
     58   2.29509  0.35756  2.85322  1.95048     58 C - - _
          1.38629  1.38629  1.38629  1.38629
          0.04838  3.74589  3.74589  1.46634  0.26236  1.09861  0.40547
     59   0.25817  2.77902  2.54914  2.43858     59 A - - _
          1.38629  1.38629  1.38629  1.38629
          0.04838  3.74589  3.74589  1.46634  0.26236  1.09861  0.40547
     60   2.29509  0.35756  2.85322  1.95048     60 C - - _
          1.38629  1.38629  1.38629  1.38629
          0.04838  3.74589  3.74589  1.46634  0.26236  1.09861  0.40547
     61   2.18939  2.22792  2.68450  0.33967     61 U - - _
          1.38629  1.38629  1.38629  1.38629
          0.04838  3.74589  3.74589  1.46634  0.26236  1.09861  0.40547
     62   0.71516  1.80330  1.85492  1.66249     62 a - - _
          1.38629  1.38629  1.38629  1.38629
          0.04838  3.74589  3.74589  1.46634  0.26236  1.09861  0.40547
     63   2.18939  2.22792  2.68450  0.33967     63 U - - _
          1.38629  1.38629  1.38629  1.38629
          0.09155  3.74589  2.75095  1.46634  0.26236  1.09861  0.40547
     64   1.76875  2.36102  0.57377  1.76182     64 G - - _
          1.38629  1.38629  1.38629  1.38629
          0.05046  3.70480  3.70480  1.46634  0.26236  0.55359  0.85539
     65   2.18939  2.22792  2.68450  0.33967     65 U - - _
          1.38629  1.38629  1.38629  1.38629
          0.04838  3.74589  3.74589  1.46634  0.26236  1.09861  0.40547
     66   0.72342  2.04517  1.85080  1.47649     66 a - - _
          1.38629  1.38629  1.38629  1.38629
          0.04838  3.74589  3.74589  1.46634  0.26236  1.09861  0.40547
     67   2.29509  0.35756  2.85322  1.95048     67 C - - _
          1.38629  1.38629  1.38629  1.38629
          0.04838  3.74589  3.74589  1.46634  0.26236  1.09861  0.40547
     68   0.25817  2.77902  2.54914  2.43858     68 A - - _
          1.38629  1.38629  1.38629  1.38629
          0.04838  3.74589  3.74589  1.46634  0.26236  1.09861  0.40547
     69   2.29509  0.35756  2.85322  1.95048     69 C - - _
          1.38629  1.38629  1.38629  1.38629
          0.04838  3.74589  3.74589  1.46634  0.26236  1.09861  0.40547
     70   2.29509  0.35756  2.85322  1.95048     70 C - - _
          1.38629  1.38629  1.38629  1.38629
          0.04838  3.74589  3.74589  1.46634  0.26236  1.09861  0.40547
     71   2.18939  2.22792  2.68450  0.33967     71 U - - _
          1.38629  1.38629  1.38629  1.38629
          0.04838  3.74589  3.74589  1.46634  0.26236  1.09861  0.40547
     72   2.29509  0.35756  2.85322  1.95048     72 C - - _
          1.38629  1.38629  1.38629  1.38629
          0.04838  3.74589  3.74589  1.46634  0.26236  1.09861  0.40547
     73   2.92141  0.30734  2.58002  2.00272     73 C - - >
          1.38629  1.38629  1.38629  1.38629
          0.04838  3.74589  3.74589  1.46634  0.26236  1.09861  0.40547
     74   2.44747  1.71555  2.08094  0.49625     74 U - - >
          1.38629  1.38629  1.38629  1.38629
          0.04838  3.74589  3.74589  1.46634  0.26236  1.09861  0.40547
     75   2.22497  1.67089  1.89330  0.59190     75 U - - >
          1.38629  1.38629  1.38629  1.38629
          0.04838  3.74589  3.74589  1.46634  0.26236  1.09861  0.40547
     76   2.18395  1.83847  1.84205  0.56238     76 U - - >
          1.38629  1.38629  1.38629  1.38629
          0.04838  3.74589  3.74589  1.46634  0.26236  1.09861  0.40547
     77   2.60998  0.42751  2.31501  1.73973     77 C - - >
          1.38629  1.38629  1.38629  1.38629
          0.04838  3.74589  3.74589  1.46634  0.26236  1.09861  0.40547
     78   2.92748  0.30644  2.58231  2.00390     78 C - - >
          1.38629  1.38629  1.38629  1.38629
          0.04838  3.74589  3.74589  1.46634  0.26236  1.09861  0.40547
     79   2.45134  1.71564  2.08201  0.49545     79 U - - >
          1.38629  1.38629  1.38629  1.38629
          0.04838  3.74589  3.74589  1.46634  0.26236  1.09861  0.40547
     80   0.25817  2.77902  2.54914  2.43858     80 A - - :
          1.38629  1.38629  1.38629  1.38629
          0.04838  3.74589  3.74589  1.46634  0.26236  1.09861  0.40547
     81   2.18939  2.22792  2.68450  0.33967     81 U - - :
          1.38629  1.38629  1.38629  1.38629
          0.04838  3.74589  3.74589  1.46634  0.26236  1.09861  0.40547
     82   1.01499  2.26960  0.97334  1.85522     82 g - - :
          1.38629  1.38629  1.38629  1.38629
          0.04838  3.74589  3.74589  1.46634  0.26236  1.09861  0.40547
     83   0.25817  2.77902  2.54914  2.43858     83 A - - :
          1.38629  1.38629  1.38629  1.38629
          0.04838  3.74589  3.74589  1.46634  0.26236  1.09861  0.40547
     84   2.29509  0.35756  2.85322  1.95048     84 C - - :
          1.38629  1.38629  1.38629  1.38629
          0.04838  3.74589  3.74589  1.46634  0.26236  1.09861  0.40547
     85   2.18939  2.22792  2.68450  0.33967     85 U - - :
          1.38629  1.38629  1.38629  1.38629
          0.04838  3.74589  3.74589  1.46634  0.26236  1.09861  0.40547
     86   2.08199  0.49809  2.63741  1.62923     86 C - - :
          1.38629  1.38629  1.38629  1.38629
          0.04838  3.74589  3.74589  1.46634  0.26236  1.09861  0.40547
     87   2.18939  2.22792  2.68450  0.33967     87 U - - :
          1.38629  1.38629  1.38629  1.38629
          0.04838  3.74589  3.74589  1.46634  0.26236  1.09861  0.40547
     88   0.25817  2.77902  2.54914  2.43858     88 A - - :
          1.38629  1.38629  1.38629  1.38629
          0.04838  3.74589  3.74589  1.46634  0.26236  1.09861  0.40547
     89   2.18939  2.22792  2.68450  0.33967     89 U - - :
          1.38629  1.38629  1.38629  1.38629
          0.04838  3.74589  3.74589  1.46634  0.26236  1.09861  0.40547
     90   2.18939  2.22792  2.68450  0.33967     90 U - - :
          1.38629  1.38629  1.38629  1.38629
          0.04838  3.74589  3.74589  1.46634  0.26236  1.09861  0.40547
     91   0.25817  2.77902  2.54914  2.43858     91 A - - :
          1.38629  1.38629  1.38629  1.38629
          0.04838  3.74589  3.74589  1.46634  0.26236  1.09861  0.40547
     92   2.18939  2.22792  2.68450  0.33967     92 U - - :
          1.38629  1.38629  1.38629  1.38629
          0.04838  3.74589  3.74589  1.46634  0.26236  1.09861  0.40547
     93   0.25817  2.77902  2.54914  2.43858     93 A - - :
          1.38629  1.38629  1.38629  1.38629
          0.04838  3.74589  3.74589  1.46634  0.26236  1.09861  0.40547
     94   0.76773  2.12473  1.48753  1.65791     94 a - - :
          1.38629  1.38629  1.38629  1.38629
          0.04838  3.74589  3.74589  1.46634  0.26236  1.09861  0.40547
     95   2.29509  0.35756  2.85322  1.95048     95 C - - :
          1.38629  1.38629  1.38629  1.38629
          0.04838  3.74589  3.74589  1.46634  0.26236  1.09861  0.40547
     96   0.25817  2.77902  2.54914  2.43858     96 A - - :
          1.38629  1.38629  1.38629  1.38629
          0.04838  3.74589  3.74589  1.46634  0.26236  1.09861  0.40547
     97   1.79085  0.98392  2.32412  1.01758     97 c - - :
          1.38629  1.38629  1.38629  1.38629
          0.04838  3.74589  3.74589  1.46634  0.26236  1.09861  0.40547
     98   0.37889  2.45776  2.34200  2.01278     98 A - - :
          1.38629  1.38629  1.38629  1.38629
          0.04838  3.74589  3.74589  1.46634  0.26236  1.09861  0.40547
     99   1.14160  1.70577  2.03534  0.99852     99 u - - :
          1.38629  1.38629  1.38629  1.38629
          0.04838  3.74589  3.74589  1.46634  0.26236  1.09861  0.40547
    100   2.18939  2.22792  2.68450  0.33967    100 U - - :
          1.38629  1.38629  1.38629  1.38629
          0.15724  3.74589  2.10466  1.46634  0.26236  1.09861  0.40547
    101   2.02749  2.09766  2.51039  0.40894    101 U - - :
          1.38629  1.38629  1.38629  1.38629
          0.19191  1.74517        *  0.28386  1.39786  0.00000        *
//
