INFERNAL1/a [1.1.2 | July 2016]
NAME     t_pro_yont_sr6_round5_0001
STATES   342
NODES    95
CLEN     111
W        131
ALPH     RNA
RF       no
CONS     yes
MAP      yes
DATE     Wed Dec 25 13:58:28 2019
COM      [1] cmbuild /home/co78wid/projects/master/results/ta_systems/yont_sr6/2_structure_analysis/infernal_search/t_pro_yont_sr6_cmbuild.txt /home/co78wid/projects/master/results/ta_systems/yont_sr6/1_sequence_analysis/fold/t_pro_yont_sr6_round5.stk
COM      [2] cmcalibrate --cpu 20 /home/co78wid/projects/master/results/ta_systems/yont_sr6/2_structure_analysis/infernal_search/t_pro_yont_sr6_cmbuild.txt
PBEGIN   0.05
PEND     0.05
WBETA    1e-07
QDBBETA1 1e-07
QDBBETA2 1e-15
N2OMEGA  1.52588e-05
N3OMEGA  1.52588e-05
ELSELF   -0.08926734
NSEQ     16
EFFN     1.222656
CKSUM    1963647205
NULL     0.000  0.000  0.000  0.000 
EFP7GF   -6.0205 0.71836
ECMLC    0.63153    -7.58888     1.37416     1600000      344724  0.003481
ECMGC    0.40215   -13.24955    -3.30950     1600000       21782  0.018364
ECMLI    0.52559    -6.34880     3.71666     1600000      238082  0.005040
ECMGI    0.44135    -7.00322     2.04741     1600000       21719  0.018417
CM
                                             [ ROOT    0 ]      -      - - - - -
     S     0    -1 0     1     4     1     1   131   156  -6.625  -6.832  -0.067  -5.246                 
    IL     1     1 2     1     4    21    60   134   159  -1.686  -2.369  -1.117  -4.855                  0.000  0.000  0.000  0.000 
    IR     2     2 3     2     3    21    59   134   158  -1.442  -0.798  -4.142                          0.000  0.000  0.000  0.000 
                                             [ MATL    1 ]      1      - G - - -
    ML     3     2 3     5     3    21    59   131   156  -7.667  -0.025  -6.321                         -0.951 -2.059  1.524 -1.444 
     D     4     2 3     5     3    16    55   130   154  -6.174  -1.687  -0.566                         
    IL     5     5 3     5     3    20    59   133   157  -1.442  -0.798  -4.142                          0.000  0.000  0.000  0.000 
                                             [ MATL    2 ]      2      - U - - -
    ML     6     5 3     8     3    20    58   130   155  -7.667  -0.025  -6.321                         -0.960 -1.054 -1.660  1.426 
     D     7     5 3     8     3    15    54   129   153  -6.174  -1.687  -0.566                         
    IL     8     8 3     8     3    19    58   132   156  -1.442  -0.798  -4.142                          0.000  0.000  0.000  0.000 
                                             [ MATL    3 ]      3      - G - - -
    ML     9     8 3    11     3    19    57   129   154  -7.667  -0.025  -6.321                         -0.951 -2.059  1.524 -1.444 
     D    10     8 3    11     3    15    53   128   152  -6.174  -1.687  -0.566                         
    IL    11    11 3    11     3    19    57   131   155  -1.442  -0.798  -4.142                          0.000  0.000  0.000  0.000 
                                             [ MATL    4 ]      4      - C - - -
    ML    12    11 3    14     3    18    56   128   153  -7.667  -0.025  -6.321                         -1.053  1.370 -1.843 -0.611 
     D    13    11 3    14     3    14    52   127   151  -6.174  -1.687  -0.566                         
    IL    14    14 3    14     3    18    56   130   154  -1.442  -0.798  -4.142                          0.000  0.000  0.000  0.000 
                                             [ MATL    5 ]      5      - U - - -
    ML    15    14 3    17     3    17    55   127   152  -8.079  -0.063  -4.683                         -0.960 -1.054 -1.660  1.426 
     D    16    14 3    17     3    14    52   126   151  -5.620  -0.734  -1.403                         
    IL    17    17 3    17     3    17    55   128   153  -1.925  -0.554  -4.164                          0.000  0.000  0.000  0.000 
                                             [ MATR    6 ]      -    114 - C - -
    MR    18    17 3    20     3    18    55   126   151  -8.039  -0.023  -6.357                         -0.962  1.322 -1.745 -0.539 
     D    19    17 3    20     3    12    50   124   149  -6.636  -1.814  -0.503                         
    IR    20    20 3    20     3    17    54   127   152  -1.925  -0.554  -4.164                          0.000  0.000  0.000  0.000 
                                             [ MATR    7 ]      -    113 - G - -
    MR    21    20 3    23     3    17    54   125   150  -8.039  -0.023  -6.357                         -0.863 -1.953  1.484 -1.338 
     D    22    20 3    23     3    12    49   123   148  -6.636  -1.814  -0.503                         
    IR    23    23 3    23     3    16    53   126   151  -1.925  -0.554  -4.164                          0.000  0.000  0.000  0.000 
                                             [ MATR    8 ]      -    112 - A - -
    MR    24    23 3    26     3    16    53   124   149  -8.039  -0.023  -6.357                          1.524 -1.703 -1.401 -1.187 
     D    25    23 3    26     3    11    48   122   147  -6.636  -1.814  -0.503                         
    IR    26    26 3    26     3    15    53   125   150  -1.925  -0.554  -4.164                          0.000  0.000  0.000  0.000 
                                             [ MATR    9 ]      -    111 - A - -
    MR    27    26 3    29     3    16    52   123   148  -8.039  -0.023  -6.357                          1.524 -1.703 -1.401 -1.187 
     D    28    26 3    29     3    11    48   121   146  -6.636  -1.814  -0.503                         
    IR    29    29 3    29     3    15    52   124   149  -1.925  -0.554  -4.164                          0.000  0.000  0.000  0.000 
                                             [ MATR   10 ]      -    110 - a - -
    MR    30    29 3    32     3    15    51   122   147  -8.039  -0.023  -6.357                          0.370  0.341 -0.943 -0.119 
     D    31    29 3    32     3    10    47   121   145  -6.636  -1.814  -0.503                         
    IR    32    32 3    32     3    14    51   123   148  -1.925  -0.554  -4.164                          0.000  0.000  0.000  0.000 
                                             [ MATR   11 ]      -    109 - A - -
    MR    33    32 3    35     3    14    50   121   146  -8.039  -0.023  -6.357                          1.185 -1.255 -0.526 -0.706 
     D    34    32 3    35     3    10    46   120   144  -6.636  -1.180  -0.866                         
    IR    35    35 3    35     3    14    50   122   147  -1.925  -0.554  -4.164                          0.000  0.000  0.000  0.000 
                                             [ MATR   12 ]      -    108 - G - -
    MR    36    35 3    38     3    14    49   120   145  -8.079  -0.023  -6.396                         -0.042 -1.438  1.068 -0.829 
     D    37    35 3    38     3     9    45   119   143  -6.390  -1.568  -0.620                         
    IR    38    38 3    38     3    13    49   121   146  -1.925  -0.554  -4.164                          0.000  0.000  0.000  0.000 
                                             [ MATR   13 ]      -    107 - g - -
    MR    39    38 3    41     3    13    48   119   144  -8.079  -0.023  -6.396                          0.399 -1.219  0.678 -0.616 
     D    40    38 3    41     3     8    45   118   142  -6.390  -1.568  -0.620                         
    IR    41    41 3    41     3    12    48   120   145  -1.925  -0.554  -4.164                          0.000  0.000  0.000  0.000 
                                             [ MATR   14 ]      -    106 - g - -
    MR    42    41 3    44     3    12    47   118   143  -8.079  -0.023  -6.396                          0.399 -1.219  0.678 -0.616 
     D    43    41 3    44     3     8    44   117   141  -6.390  -1.568  -0.620                         
    IR    44    44 3    44     3    12    47   119   144  -1.925  -0.554  -4.164                          0.000  0.000  0.000  0.000 
                                             [ MATR   15 ]      -    105 - U - -
    MR    45    44 3    47     3    12    47   117   142  -8.079  -0.023  -6.396                         -0.960 -1.054 -1.660  1.426 
     D    46    44 3    47     3     7    43   116   140  -6.390  -1.568  -0.620                         
    IR    47    47 3    47     3    11    46   118   143  -1.925  -0.554  -4.164                          0.000  0.000  0.000  0.000 
                                             [ MATR   16 ]      -    104 - A - -
    MR    48    47 3    50     3    11    46   116   141  -8.079  -0.023  -6.396                          1.357 -1.448 -0.880 -0.921 
     D    49    47 3    50     3     7    42   115   139  -6.390  -1.568  -0.620                         
    IR    50    50 3    50     3    10    46   117   142  -1.925  -0.554  -4.164                          0.000  0.000  0.000  0.000 
                                             [ MATR   17 ]      -    103 - A - -
    MR    51    50 3    53     3    10    45   115   140  -8.079  -0.023  -6.396                          1.554 -1.785 -1.475 -1.275 
     D    52    50 3    53     3     6    41   114   138  -6.390  -1.568  -0.620                         
    IR    53    53 3    53     3    10    45   116   141  -1.925  -0.554  -4.164                          0.000  0.000  0.000  0.000 
                                             [ MATR   18 ]      -    102 - G - -
    MR    54    53 3    56     3     9    44   114   139  -8.079  -0.023  -6.396                         -0.951 -2.059  1.524 -1.444 
     D    55    53 3    56     3     6    41   113   137  -6.390  -1.568  -0.620                         
    IR    56    56 3    56     3     9    44   115   140  -1.925  -0.554  -4.164                          0.000  0.000  0.000  0.000 
                                             [ MATR   19 ]      -    101 - A - -
    MR    57    56 3    59     3     8    43   113   138  -8.079  -0.023  -6.396                          1.192 -1.124 -1.066 -0.359 
     D    58    56 3    59     3     5    40   111   136  -6.390  -1.568  -0.620                         
    IR    59    59 3    59     3     8    43   114   139  -1.925  -0.554  -4.164                          0.000  0.000  0.000  0.000 
                                             [ MATR   20 ]      -    100 - A - -
    MR    60    59 3    62     3     7    42   112   137  -8.079  -0.023  -6.396                          1.554 -1.785 -1.475 -1.275 
     D    61    59 3    62     3     5    40   110   135  -6.390  -1.568  -0.620                         
    IR    62    62 3    62     3     7    42   113   138  -1.925  -0.554  -4.164                          0.000  0.000  0.000  0.000 
                                             [ MATR   21 ]      -     99 - a - -
    MR    63    62 3    65     3     6    41   111   136  -2.879  -0.231  -6.396                          0.860 -1.149  0.082 -0.567 
     D    64    62 3    65     3     5    39   108   132  -6.390  -1.568  -0.620                         
    IR    65    65 3    65     3     7    41   113   138  -1.084  -0.996  -5.213                          0.000  0.000  0.000  0.000 
                                             [ MATR   22 ]      -     95 - U - -
    MR    66    65 3    68     2     5    40   107   128  -7.992  -0.006                                 -0.960 -1.054 -1.660  1.426 
     D    67    65 3    68     2     4    39   107   127  -4.432  -0.068                                 
    IR    68    68 3    68     2     5    40   108   129  -1.823  -0.479                                  0.000  0.000  0.000  0.000 
                                             [ BIF    23 ]      -      - - - - -
     B    69    68 3    70   168     4    39   106   127                                                 
                                             [ BEGL   24 ]      -      - - - - -
     S    70    69 1    71     4     0     0    46    66  -0.050  -6.679  -6.087  -6.727                 
                                             [ MATP   25 ]      6     37 u a - -
    MP    71    70 1    75     6     2     2    47    66  -8.993  -8.932  -0.023  -7.708  -7.988  -8.383 -3.636 -3.431 -3.530  0.228 -2.602 -4.142  1.710 -3.254 -3.543  0.590 -3.941 -1.344  2.972 -3.803 -0.292 -2.415 
    ML    72    70 1    75     6     1     1    45    64  -6.250  -6.596  -1.310  -1.005  -6.446  -3.975  0.368 -0.385 -0.191  0.094 
    MR    73    70 1    75     6     1     1    45    64  -6.988  -5.717  -1.625  -5.695  -0.829  -3.908  0.368 -0.385 -0.191  0.094 
     D    74    70 1    75     6     0     0    43    62  -9.049  -7.747  -3.544  -4.226  -4.244  -0.319 
    IL    75    75 5    75     6     1     1    46    65  -2.579  -2.842  -0.760  -4.497  -5.274  -4.934  0.000  0.000  0.000  0.000 
    IR    76    76 6    76     5     1     1    46    65  -2.408  -0.496  -5.920  -4.087  -5.193          0.000  0.000  0.000  0.000 
                                             [ MATP   26 ]      7     36 g c - -
    MP    77    76 6    81     6     2     2    45    64  -8.993  -8.932  -0.023  -7.708  -7.988  -8.383 -3.455 -2.409 -3.516  1.096 -3.914 -4.254  0.465 -3.781 -3.444  2.966 -3.893  1.140  0.162 -3.604 -1.486 -2.421 
    ML    78    76 6    81     6     1     1    43    62  -6.250  -6.596  -1.310  -1.005  -6.446  -3.975  0.368 -0.385 -0.191  0.094 
    MR    79    76 6    81     6     1     1    43    62  -6.988  -5.717  -1.625  -5.695  -0.829  -3.908  0.368 -0.385 -0.191  0.094 
     D    80    76 6    81     6     0     0    41    60  -9.049  -7.747  -3.544  -4.226  -4.244  -0.319 
    IL    81    81 5    81     6     1     1    44    63  -2.579  -2.842  -0.760  -4.497  -5.274  -4.934  0.000  0.000  0.000  0.000 
    IR    82    82 6    82     5     1     1    44    63  -2.408  -0.496  -5.920  -4.087  -5.193          0.000  0.000  0.000  0.000 
                                             [ MATP   27 ]      8     35 a u - -
    MP    83    82 6    87     6     2     2    43    62  -8.993  -8.932  -0.023  -7.708  -7.988  -8.383 -3.355 -2.507 -3.398  2.941 -3.523 -4.557  0.754 -3.463 -3.314  1.558 -3.839 -0.065  0.331 -3.816 -1.192 -2.263 
    ML    84    82 6    87     6     1     1    41    60  -6.250  -6.596  -1.310  -1.005  -6.446  -3.975  0.368 -0.385 -0.191  0.094 
    MR    85    82 6    87     6     1     1    41    60  -6.988  -5.717  -1.625  -5.695  -0.829  -3.908  0.368 -0.385 -0.191  0.094 
     D    86    82 6    87     6     0     0    39    58  -9.049  -7.747  -3.544  -4.226  -4.244  -0.319 
    IL    87    87 5    87     6     1     1    42    61  -2.579  -2.842  -0.760  -4.497  -5.274  -4.934  0.000  0.000  0.000  0.000 
    IR    88    88 6    88     5     1     1    42    61  -2.408  -0.496  -5.920  -4.087  -5.193          0.000  0.000  0.000  0.000 
                                             [ MATP   28 ]      9     34 G C - -
    MP    89    88 6    93     4     2     2    40    60  -6.570  -7.816  -0.100  -4.269                 -3.822 -1.840 -3.875  0.785 -4.243 -4.271  0.185 -4.191 -3.741  3.354 -4.136 -0.352 -0.128 -3.766 -1.781 -2.816 
    ML    90    88 6    93     4     1     1    40    59  -2.408  -4.532  -1.293  -1.473                  0.368 -0.385 -0.191  0.094 
    MR    91    88 6    93     4     1     1    40    59  -4.102 -12.528  -0.390  -2.485                  0.368 -0.385 -0.191  0.094 
     D    92    88 6    93     4     0     0    38    57 -12.737 -14.007  -2.036  -0.404                 
    IL    93    93 5    93     4     1     1    40    59  -2.817  -4.319  -0.613  -2.698                  0.000  0.000  0.000  0.000 
    IR    94    94 6    94     3     1     1    40    59  -1.925  -0.554  -4.164                          0.000  0.000  0.000  0.000 
                                             [ MATR   29 ]      -     33 - C - -
    MR    95    94 6    97     5     1     1    38    58  -6.837  -0.047  -6.653  -6.865  -7.757         -0.728  1.068 -1.509 -0.076 
     D    96    94 6    97     5     0     0    37    56  -5.352  -0.707  -2.978  -4.409  -2.404         
    IR    97    97 3    97     5     1     1    39    58  -2.408  -0.496  -5.920  -4.087  -5.193          0.000  0.000  0.000  0.000 
                                             [ MATP   30 ]     10     32 a u - -
    MP    98    97 3   102     6     2     2    37    57  -8.993  -8.932  -0.023  -7.708  -7.988  -8.383 -2.948 -2.495 -1.765  2.792 -3.062 -3.956  0.938 -3.217 -3.082  1.517 -3.599 -0.342  0.613 -3.229 -0.898 -2.054 
    ML    99    97 3   102     6     1     1    36    55  -6.250  -6.596  -1.310  -1.005  -6.446  -3.975  0.368 -0.385 -0.191  0.094 
    MR   100    97 3   102     6     1     1    36    55  -6.988  -5.717  -1.625  -5.695  -0.829  -3.908  0.368 -0.385 -0.191  0.094 
     D   101    97 3   102     6     0     0    34    53  -9.049  -7.747  -3.544  -4.226  -4.244  -0.319 
    IL   102   102 5   102     6     1     1    37    56  -2.579  -2.842  -0.760  -4.497  -5.274  -4.934  0.000  0.000  0.000  0.000 
    IR   103   103 6   103     5     1     1    37    56  -2.408  -0.496  -5.920  -4.087  -5.193          0.000  0.000  0.000  0.000 
                                             [ MATP   31 ]     11     31 a u - -
    MP   104   103 6   108     6     2     2    35    55  -8.993  -8.932  -0.023  -7.708  -7.988  -8.383 -1.618 -2.365 -2.917  2.678 -2.986 -3.866  0.991 -3.130 -2.958  1.599 -3.480 -0.209  0.685 -3.132 -0.835 -1.952 
    ML   105   103 6   108     6     1     1    34    53  -6.250  -6.596  -1.310  -1.005  -6.446  -3.975  0.368 -0.385 -0.191  0.094 
    MR   106   103 6   108     6     1     1    34    53  -6.988  -5.717  -1.625  -5.695  -0.829  -3.908  0.368 -0.385 -0.191  0.094 
     D   107   103 6   108     6     0     0    32    51  -9.049  -7.747  -3.544  -4.226  -4.244  -0.319 
    IL   108   108 5   108     6     1     1    35    54  -2.579  -2.842  -0.760  -4.497  -5.274  -4.934  0.000  0.000  0.000  0.000 
    IR   109   109 6   109     5     1     1    35    54  -2.408  -0.496  -5.920  -4.087  -5.193          0.000  0.000  0.000  0.000 
                                             [ MATP   32 ]     12     30 a u - -
    MP   110   109 6   114     6     2     2    33    53  -8.993  -8.932  -0.023  -7.708  -7.988  -8.383 -3.111 -2.279 -3.202  2.623 -3.527 -4.348  0.693 -3.375 -3.129  1.815 -3.664  0.832  0.395 -3.535 -1.216 -2.091 
    ML   111   109 6   114     6     1     1    32    51  -6.250  -6.596  -1.310  -1.005  -6.446  -3.975  0.368 -0.385 -0.191  0.094 
    MR   112   109 6   114     6     1     1    32    51  -6.988  -5.717  -1.625  -5.695  -0.829  -3.908  0.368 -0.385 -0.191  0.094 
     D   113   109 6   114     6     0     0    30    49  -9.049  -7.747  -3.544  -4.226  -4.244  -0.319 
    IL   114   114 5   114     6     1     1    33    52  -2.579  -2.842  -0.760  -4.497  -5.274  -4.934  0.000  0.000  0.000  0.000 
    IR   115   115 6   115     5     1     1    33    52  -2.408  -0.496  -5.920  -4.087  -5.193          0.000  0.000  0.000  0.000 
                                             [ MATP   33 ]     13     29 G C - -
    MP   116   115 6   120     6     2     2    31    51  -8.993  -8.932  -0.023  -7.708  -7.988  -8.383 -3.591 -1.143 -3.641  0.900 -4.004 -4.139  0.328 -3.983 -3.587  3.249 -3.994 -0.270  0.031 -3.575 -1.599 -2.613 
    ML   117   115 6   120     6     1     1    30    49  -6.250  -6.596  -1.310  -1.005  -6.446  -3.975  0.368 -0.385 -0.191  0.094 
    MR   118   115 6   120     6     1     1    30    49  -6.988  -5.717  -1.625  -5.695  -0.829  -3.908  0.368 -0.385 -0.191  0.094 
     D   119   115 6   120     6     0     0    28    47  -9.049  -7.747  -3.544  -4.226  -4.244  -0.319 
    IL   120   120 5   120     6     1     1    31    50  -2.579  -2.842  -0.760  -4.497  -5.274  -4.934  0.000  0.000  0.000  0.000 
    IR   121   121 6   121     5     1     1    31    50  -2.408  -0.496  -5.920  -4.087  -5.193          0.000  0.000  0.000  0.000 
                                             [ MATP   34 ]     14     28 u g - -
    MP   122   121 6   126     6     2     2    29    49  -8.993  -8.932  -0.023  -7.708  -7.988  -8.383 -3.524 -3.415 -3.352  0.191 -2.305 -3.874  1.962 -3.016 -3.388  0.492 -3.741 -1.433  1.204 -3.659  2.525 -2.290 
    ML   123   121 6   126     6     1     1    28    47  -6.250  -6.596  -1.310  -1.005  -6.446  -3.975  0.368 -0.385 -0.191  0.094 
    MR   124   121 6   126     6     1     1    28    47  -6.988  -5.717  -1.625  -5.695  -0.829  -3.908  0.368 -0.385 -0.191  0.094 
     D   125   121 6   126     6     0     0    26    45  -9.049  -7.747  -3.544  -4.226  -4.244  -0.319 
    IL   126   126 5   126     6     1     1    29    48  -2.579  -2.842  -0.760  -4.497  -5.274  -4.934  0.000  0.000  0.000  0.000 
    IR   127   127 6   127     5     1     1    29    48  -2.408  -0.496  -5.920  -4.087  -5.193          0.000  0.000  0.000  0.000 
                                             [ MATP   35 ]     15     27 g u - -
    MP   128   127 6   132     6     2     2    27    47  -8.993  -8.932  -0.023  -7.708  -7.988  -8.383 -3.264 -2.193 -3.396  1.322 -3.821 -4.573  0.498 -3.474 -3.169  1.828 -3.675  2.578  0.136 -3.838 -1.439 -2.183 
    ML   129   127 6   132     6     1     1    27    46  -6.250  -6.596  -1.310  -1.005  -6.446  -3.975  0.368 -0.385 -0.191  0.094 
    MR   130   127 6   132     6     1     1    27    46  -6.988  -5.717  -1.625  -5.695  -0.829  -3.908  0.368 -0.385 -0.191  0.094 
     D   131   127 6   132     6     0     0    25    44  -9.049  -7.747  -3.544  -4.226  -4.244  -0.319 
    IL   132   132 5   132     6     1     1    27    46  -2.579  -2.842  -0.760  -4.497  -5.274  -4.934  0.000  0.000  0.000  0.000 
    IR   133   133 6   133     5     1     1    27    46  -2.408  -0.496  -5.920  -4.087  -5.193          0.000  0.000  0.000  0.000 
                                             [ MATP   36 ]     16     26 g u - -
    MP   134   133 6   138     4     2     2    25    45  -6.625  -6.832  -0.067  -5.246                 -3.264 -2.193 -3.396  1.322 -3.821 -4.573  0.498 -3.474 -3.169  1.828 -3.675  2.578  0.136 -3.838 -1.439 -2.183 
    ML   135   133 6   138     4     1     1    26    45  -3.758  -3.940  -0.507  -2.670                  0.368 -0.385 -0.191  0.094 
    MR   136   133 6   138     4     1     1    26    45  -4.809  -3.838  -1.706  -0.766                  0.368 -0.385 -0.191  0.094 
     D   137   133 6   138     4     0     0    25    44  -4.568  -4.250  -2.265  -0.520                 
    IL   138   138 5   138     4     1     1    27    47  -1.686  -2.369  -1.117  -4.855                  0.000  0.000  0.000  0.000 
    IR   139   139 6   139     3     1     1    26    45  -1.442  -0.798  -4.142                          0.000  0.000  0.000  0.000 
                                             [ MATL   37 ]     17      - G - - -
    ML   140   139 6   142     3     1     1    23    41  -7.667  -0.025  -6.321                         -0.951 -2.059  1.524 -1.444 
     D   141   139 6   142     3     0     0    22    41  -6.174  -1.687  -0.566                         
    IL   142   142 3   142     3     1     1    25    44  -1.442  -0.798  -4.142                          0.000  0.000  0.000  0.000 
                                             [ MATL   38 ]     18      - U - - -
    ML   143   142 3   145     3     1     1    21    40  -7.667  -0.025  -6.321                         -0.960 -1.054 -1.660  1.426 
     D   144   142 3   145     3     0     0    20    39  -6.174  -1.687  -0.566                         
    IL   145   145 3   145     3     1     1    24    43  -1.442  -0.798  -4.142                          0.000  0.000  0.000  0.000 
                                             [ MATL   39 ]     19      - A - - -
    ML   146   145 3   148     3     1     1    20    39  -7.667  -0.025  -6.321                          1.554 -1.785 -1.475 -1.275 
     D   147   145 3   148     3     0     0    19    38  -6.174  -1.687  -0.566                         
    IL   148   148 3   148     3     1     1    23    42  -1.442  -0.798  -4.142                          0.000  0.000  0.000  0.000 
                                             [ MATL   40 ]     20      - U - - -
    ML   149   148 3   151     3     1     1    19    38  -7.667  -0.025  -6.321                         -0.960 -1.054 -1.660  1.426 
     D   150   148 3   151     3     0     0    18    37  -6.174  -1.687  -0.566                         
    IL   151   151 3   151     3     1     1    22    41  -1.442  -0.798  -4.142                          0.000  0.000  0.000  0.000 
                                             [ MATL   41 ]     21      - a - - -
    ML   152   151 3   154     3     1     1    18    36  -7.667  -0.025  -6.321                          0.413  0.020 -0.882  0.153 
     D   153   151 3   154     3     0     0    17    36  -6.174  -1.687  -0.566                         
    IL   154   154 3   154     3     1     1    21    40  -1.442  -0.798  -4.142                          0.000  0.000  0.000  0.000 
                                             [ MATL   42 ]     22      - A - - -
    ML   155   154 3   157     3     1     1    16    35  -7.667  -0.025  -6.321                          1.067 -1.076 -0.539 -0.429 
     D   156   154 3   157     3     0     0    16    34  -6.174  -1.687  -0.566                         
    IL   157   157 3   157     3     1     1    20    38  -1.442  -0.798  -4.142                          0.000  0.000  0.000  0.000 
                                             [ MATL   43 ]     23      - u - - -
    ML   158   157 3   160     3     1     1    15    33  -7.667  -0.025  -6.321                         -0.494  0.087 -1.230  0.849 
     D   159   157 3   160     3     0     0    15    33  -6.174  -1.687  -0.566                         
    IL   160   160 3   160     3     1     1    19    37  -1.442  -0.798  -4.142                          0.000  0.000  0.000  0.000 
                                             [ MATL   44 ]     24      - A - - -
    ML   161   160 3   163     3     1     1    13    32  -7.667  -0.025  -6.321                          1.306 -1.079 -1.135 -0.741 
     D   162   160 3   163     3     0     0    13    32  -6.174  -1.687  -0.566                         
    IL   163   163 3   163     3     1     1    18    36  -1.442  -0.798  -4.142                          0.000  0.000  0.000  0.000 
                                             [ MATL   45 ]     25      - g - - -
    ML   164   163 3   166     2     1     1     1     1       *   0.000                                  0.399 -1.219  0.678 -0.616 
     D   165   163 3   166     2     0     0     0     0       *   0.000                                 
    IL   166   166 3   166     2     1     1    13    28  -1.823  -0.479                                  0.000  0.000  0.000  0.000 
                                             [ END    46 ]      -      - - - - -
     E   167   166 3    -1     0     0     0     0     0                                                 
                                             [ BEGR   47 ]      -      - - - - -
     S   168    69 1   169     3     0    17    74    94  -7.667  -0.025  -6.321                         
    IL   169   169 2   169     3     1    17    76    97  -1.442  -0.798  -4.142                          0.000  0.000  0.000  0.000 
                                             [ MATL   48 ]     38      - U - - -
    ML   170   169 2   172     3     1    17    74    94  -7.667  -0.025  -6.321                         -0.960 -1.054 -1.660  1.426 
     D   171   169 2   172     3     0    11    72    92  -6.174  -1.687  -0.566                         
    IL   172   172 3   172     3     1    16    75    96  -1.442  -0.798  -4.142                          0.000  0.000  0.000  0.000 
                                             [ MATL   49 ]     39      - a - - -
    ML   173   172 3   175     3     1    16    73    93  -7.667  -0.025  -6.321                          0.487 -0.411 -0.858  0.373 
     D   174   172 3   175     3     0    11    71    91  -6.174  -1.687  -0.566                         
    IL   175   175 3   175     3     1    15    74    95  -1.442  -0.798  -4.142                          0.000  0.000  0.000  0.000 
                                             [ MATL   50 ]     40      - u - - -
    ML   176   175 3   178     3     1    16    72    92  -7.667  -0.025  -6.321                         -0.494  0.087 -1.230  0.849 
     D   177   175 3   178     3     0    10    70    90  -6.174  -1.687  -0.566                         
    IL   178   178 3   178     3     1    15    73    94  -1.442  -0.798  -4.142                          0.000  0.000  0.000  0.000 
                                             [ MATL   51 ]     41      - C - - -
    ML   179   178 3   181     3     1    15    70    91  -7.667  -0.025  -6.321                         -1.053  1.370 -1.843 -0.611 
     D   180   178 3   181     3     0     9    69    89  -6.174  -1.687  -0.566                         
    IL   181   181 3   181     3     1    14    72    93  -1.442  -0.798  -4.142                          0.000  0.000  0.000  0.000 
                                             [ MATL   52 ]     42      - U - - -
    ML   182   181 3   184     3     1    14    69    89  -7.667  -0.025  -6.321                         -0.228 -0.745 -1.152  1.070 
     D   183   181 3   184     3     0     8    68    88  -6.174  -1.687  -0.566                         
    IL   184   184 3   184     3     1    13    71    92  -1.442  -0.798  -4.142                          0.000  0.000  0.000  0.000 
                                             [ MATL   53 ]     43      - u - - -
    ML   185   184 3   187     3     1    14    68    88  -7.667  -0.025  -6.321                          0.267 -0.690 -0.950  0.731 
     D   186   184 3   187     3     0     8    67    87  -6.174  -1.687  -0.566                         
    IL   187   187 3   187     3     1    12    70    90  -1.442  -0.798  -4.142                          0.000  0.000  0.000  0.000 
                                             [ MATL   54 ]     44      - U - - -
    ML   188   187 3   190     3     1    13    67    87  -7.667  -0.025  -6.321                         -0.960 -1.054 -1.660  1.426 
     D   189   187 3   190     3     0     7    66    86  -6.174  -1.687  -0.566                         
    IL   190   190 3   190     3     1    12    69    89  -1.442  -0.798  -4.142                          0.000  0.000  0.000  0.000 
                                             [ MATL   55 ]     45      - a - - -
    ML   191   190 3   193     3     1    12    66    86  -7.667  -0.025  -6.321                          0.776 -0.138 -0.911 -0.239 
     D   192   190 3   193     3     0     6    65    85  -6.174  -1.687  -0.566                         
    IL   193   193 3   193     3     1    11    68    88  -1.442  -0.798  -4.142                          0.000  0.000  0.000  0.000 
                                             [ MATL   56 ]     46      - A - - -
    ML   194   193 3   196     3     1    12    65    85  -7.667  -0.025  -6.321                          1.337 -1.323 -1.187 -0.655 
     D   195   193 3   196     3     0     5    64    84  -6.174  -1.687  -0.566                         
    IL   196   196 3   196     3     1    10    67    87  -1.442  -0.798  -4.142                          0.000  0.000  0.000  0.000 
                                             [ MATL   57 ]     47      - C - - -
    ML   197   196 3   199     5     1    11    64    84  -6.837  -0.047  -6.653  -6.865  -7.757         -1.053  1.370 -1.843 -0.611 
     D   198   196 3   199     5     0     5    63    83  -4.959  -0.803  -4.221  -2.596  -2.508         
    IL   199   199 3   199     5     1     9    64    84  -2.408  -0.496  -4.087  -5.920  -5.193          0.000  0.000  0.000  0.000 
                                             [ MATP   58 ]     48     94 G C - -
    MP   200   199 3   204     6     2    11    63    83  -8.993  -8.932  -0.023  -7.708  -7.988  -8.383 -3.964 -2.714 -4.020  0.864 -4.286 -4.404  0.200 -4.242 -3.805  3.370 -4.207 -0.386 -0.168 -3.943 -1.801 -2.911 
    ML   201   199 3   204     6     1     6    62    82  -6.250  -6.596  -1.310  -1.005  -6.446  -3.975  0.368 -0.385 -0.191  0.094 
    MR   202   199 3   204     6     1     6    62    81  -6.988  -5.717  -1.625  -5.695  -0.829  -3.908  0.368 -0.385 -0.191  0.094 
     D   203   199 3   204     6     0     2    59    79  -9.049  -7.747  -3.544  -4.226  -4.244  -0.319 
    IL   204   204 5   204     6     1     8    63    83  -2.579  -2.842  -0.760  -4.497  -5.274  -4.934  0.000  0.000  0.000  0.000 
    IR   205   205 6   205     5     1     8    62    82  -2.408  -0.496  -5.920  -4.087  -5.193          0.000  0.000  0.000  0.000 
                                             [ MATP   59 ]     49     93 G C - -
    MP   206   205 6   210     6     2    10    61    81  -8.993  -8.932  -0.023  -7.708  -7.988  -8.383 -3.752 -2.580 -3.808  0.889 -4.202 -4.332  0.255 -4.087 -3.673  3.258 -4.092  0.368 -0.059 -3.780 -1.724 -2.714 
    ML   207   205 6   210     6     1     6    60    80  -6.250  -6.596  -1.310  -1.005  -6.446  -3.975  0.368 -0.385 -0.191  0.094 
    MR   208   205 6   210     6     1     6    60    79  -6.988  -5.717  -1.625  -5.695  -0.829  -3.908  0.368 -0.385 -0.191  0.094 
     D   209   205 6   210     6     0     2    57    77  -9.049  -7.747  -3.544  -4.226  -4.244  -0.319 
    IL   210   210 5   210     6     1     7    61    81  -2.579  -2.842  -0.760  -4.497  -5.274  -4.934  0.000  0.000  0.000  0.000 
    IR   211   211 6   211     5     1     7    60    80  -2.408  -0.496  -5.920  -4.087  -5.193          0.000  0.000  0.000  0.000 
                                             [ MATP   60 ]     50     92 u a - -
    MP   212   211 6   216     6     2     8    59    79  -8.993  -8.932  -0.023  -7.708  -7.988  -8.383 -3.636 -3.431 -3.530  0.228 -2.602 -4.142  1.710 -3.254 -3.543  0.590 -3.941 -1.344  2.972 -3.803 -0.292 -2.415 
    ML   213   211 6   216     6     1     5    58    78  -6.250  -6.596  -1.310  -1.005  -6.446  -3.975  0.368 -0.385 -0.191  0.094 
    MR   214   211 6   216     6     1     5    58    78  -6.988  -5.717  -1.625  -5.695  -0.829  -3.908  0.368 -0.385 -0.191  0.094 
     D   215   211 6   216     6     0     1    56    75  -9.049  -7.747  -3.544  -4.226  -4.244  -0.319 
    IL   216   216 5   216     6     1     6    59    79  -2.579  -2.842  -0.760  -4.497  -5.274  -4.934  0.000  0.000  0.000  0.000 
    IR   217   217 6   217     5     1     6    58    78  -2.408  -0.496  -5.920  -4.087  -5.193          0.000  0.000  0.000  0.000 
                                             [ MATP   61 ]     51     91 u a - -
    MP   218   217 6   222     4     2     6    57    77  -6.570  -7.816  -0.100  -4.269                 -3.636 -3.431 -3.530  0.228 -2.602 -4.142  1.710 -3.254 -3.543  0.590 -3.941 -1.344  2.972 -3.803 -0.292 -2.415 
    ML   219   217 6   222     4     1     3    57    76  -2.408  -4.532  -1.293  -1.473                  0.368 -0.385 -0.191  0.094 
    MR   220   217 6   222     4     1     4    56    76  -4.102 -12.528  -0.390  -2.485                  0.368 -0.385 -0.191  0.094 
     D   221   217 6   222     4     0     1    54    74 -12.737 -14.007  -2.036  -0.404                 
    IL   222   222 5   222     4     1     4    57    76  -2.817  -4.319  -0.613  -2.698                  0.000  0.000  0.000  0.000 
    IR   223   223 6   223     3     1     5    57    77  -1.925  -0.554  -4.164                          0.000  0.000  0.000  0.000 
                                             [ MATR   62 ]      -     90 - A - -
    MR   224   223 6   226     5     1     5    55    75  -6.837  -0.047  -6.653  -6.865  -7.757          1.554 -1.785 -1.475 -1.275 
     D   225   223 6   226     5     0     1    54    74  -5.352  -0.707  -2.978  -4.409  -2.404         
    IR   226   226 3   226     5     1     4    56    75  -2.408  -0.496  -5.920  -4.087  -5.193          0.000  0.000  0.000  0.000 
                                             [ MATP   63 ]     52     89 c g - -
    MP   227   226 3   231     4     2     4    54    74  -6.625  -6.832  -0.067  -5.246                 -3.429 -3.315 -3.318  0.371 -2.328 -3.896  2.717 -3.017 -3.342  0.710 -3.732 -1.300  1.979 -3.566 -0.013 -2.223 
    ML   228   226 3   231     4     1     2    54    74  -3.758  -3.940  -0.507  -2.670                  0.368 -0.385 -0.191  0.094 
    MR   229   226 3   231     4     1     1    54    74  -4.809  -3.838  -1.706  -0.766                  0.368 -0.385 -0.191  0.094 
     D   230   226 3   231     4     0     0    53    73  -4.568  -4.250  -2.265  -0.520                 
    IL   231   231 5   231     4     1     3    56    76  -1.686  -2.369  -1.117  -4.855                  0.000  0.000  0.000  0.000 
    IR   232   232 6   232     3     1     3    55    75  -1.442  -0.798  -4.142                          0.000  0.000  0.000  0.000 
                                             [ MATL   64 ]     53      - U - - -
    ML   233   232 6   235     3     1     3    52    71  -8.079  -0.023  -6.396                         -0.960 -1.054 -1.660  1.426 
     D   234   232 6   235     3     0     0    50    70  -5.620  -0.734  -1.403                         
    IL   235   235 3   235     3     1     2    52    72  -1.925  -0.554  -4.164                          0.000  0.000  0.000  0.000 
                                             [ MATR   65 ]      -     88 - a - -
    MR   236   235 3   238     5     1     3    51    70  -6.837  -0.047  -6.653  -6.865  -7.757          0.776 -0.138 -0.911 -0.239 
     D   237   235 3   238     5     0     0    49    69  -5.352  -0.707  -2.978  -4.409  -2.404         
    IR   238   238 3   238     5     1     1    51    71  -2.408  -0.496  -5.920  -4.087  -5.193          0.000  0.000  0.000  0.000 
                                             [ MATP   66 ]     54     87 u a - -
    MP   239   238 3   243     6     2     4    50    69  -8.993  -8.932  -0.023  -7.708  -7.988  -8.383 -2.956 -2.645 -3.002  1.545 -2.529 -3.800  1.733 -2.988 -3.017  1.417 -3.504 -0.534  2.068 -3.187 -0.249 -1.954 
    ML   240   238 3   243     6     1     1    48    68  -6.250  -6.596  -1.310  -1.005  -6.446  -3.975  0.368 -0.385 -0.191  0.094 
    MR   241   238 3   243     6     1     1    48    68  -6.988  -5.717  -1.625  -5.695  -0.829  -3.908  0.368 -0.385 -0.191  0.094 
     D   242   238 3   243     6     0     0    46    66  -9.049  -7.747  -3.544  -4.226  -4.244  -0.319 
    IL   243   243 5   243     6     1     1    49    69  -2.579  -2.842  -0.760  -4.497  -5.274  -4.934  0.000  0.000  0.000  0.000 
    IR   244   244 6   244     5     1     1    49    69  -2.408  -0.496  -5.920  -4.087  -5.193          0.000  0.000  0.000  0.000 
                                             [ MATP   67 ]     55     86 a u - -
    MP   245   244 6   249     6     2     3    48    67  -8.993  -8.932  -0.023  -7.708  -7.988  -8.383 -3.183 -2.341 -3.266  2.775 -3.580 -4.443  0.660 -3.419 -3.188  1.743 -3.727  0.494  0.349 -3.627 -1.260 -2.147 
    ML   246   244 6   249     6     1     1    47    67  -6.250  -6.596  -1.310  -1.005  -6.446  -3.975  0.368 -0.385 -0.191  0.094 
    MR   247   244 6   249     6     1     1    47    66  -6.988  -5.717  -1.625  -5.695  -0.829  -3.908  0.368 -0.385 -0.191  0.094 
     D   248   244 6   249     6     0     0    45    65  -9.049  -7.747  -3.544  -4.226  -4.244  -0.319 
    IL   249   249 5   249     6     1     1    47    67  -2.579  -2.842  -0.760  -4.497  -5.274  -4.934  0.000  0.000  0.000  0.000 
    IR   250   250 6   250     5     1     1    47    67  -2.408  -0.496  -5.920  -4.087  -5.193          0.000  0.000  0.000  0.000 
                                             [ MATP   68 ]     56     85 c g - -
    MP   251   250 6   255     4     2     2    46    65  -6.625  -6.832  -0.067  -5.246                 -2.807 -2.844 -2.846  0.627  0.103 -3.558  2.337 -2.768 -2.874  0.795 -3.352 -1.044  1.927 -3.042  0.032 -1.864 
    ML   252   250 6   255     4     1     1    46    66  -3.758  -3.940  -0.507  -2.670                  0.368 -0.385 -0.191  0.094 
    MR   253   250 6   255     4     1     1    45    65  -4.809  -3.838  -1.706  -0.766                  0.368 -0.385 -0.191  0.094 
     D   254   250 6   255     4     0     0    44    64  -4.568  -4.250  -2.265  -0.520                 
    IL   255   255 5   255     4     1     1    47    67  -1.686  -2.369  -1.117  -4.855                  0.000  0.000  0.000  0.000 
    IR   256   256 6   256     3     1     1    46    66  -1.442  -0.798  -4.142                          0.000  0.000  0.000  0.000 
                                             [ MATL   69 ]     57      - a - - -
    ML   257   256 6   259     3     1     1    43    63  -7.667  -0.025  -6.321                          0.645 -0.091 -0.883 -0.066 
     D   258   256 6   259     3     0     0    42    61  -6.174  -1.687  -0.566                         
    IL   259   259 3   259     3     1     1    45    65  -1.442  -0.798  -4.142                          0.000  0.000  0.000  0.000 
                                             [ MATL   70 ]     58      - A - - -
    ML   260   259 3   262     3     1     1    42    62  -8.079  -0.023  -6.396                          1.554 -1.785 -1.475 -1.275 
     D   261   259 3   262     3     0     0    41    60  -5.620  -0.734  -1.403                         
    IL   262   262 3   262     3     1     1    43    62  -1.925  -0.554  -4.164                          0.000  0.000  0.000  0.000 
                                             [ MATR   71 ]      -     84 - G - -
    MR   263   262 3   265     3     1     1    41    61  -8.079  -0.023  -6.396                         -0.951 -2.059  1.524 -1.444 
     D   264   262 3   265     3     0     0    39    59  -6.390  -1.568  -0.620                         
    IR   265   265 3   265     3     1     1    42    61  -1.925  -0.554  -4.164                          0.000  0.000  0.000  0.000 
                                             [ MATR   72 ]      -     83 - A - -
    MR   266   265 3   268     3     1     1    40    60  -8.079  -0.023  -6.396                          1.554 -1.785 -1.475 -1.275 
     D   267   265 3   268     3     0     0    38    58  -6.390  -1.568  -0.620                         
    IR   268   268 3   268     3     1     1    41    60  -1.925  -0.554  -4.164                          0.000  0.000  0.000  0.000 
                                             [ MATR   73 ]      -     82 - A - -
    MR   269   268 3   271     3     1     1    39    58  -8.079  -0.023  -6.396                          1.554 -1.785 -1.475 -1.275 
     D   270   268 3   271     3     0     0    38    57  -6.390  -1.568  -0.620                         
    IR   271   271 3   271     3     1     1    40    59  -1.925  -0.554  -4.164                          0.000  0.000  0.000  0.000 
                                             [ MATR   74 ]      -     81 - G - -
    MR   272   271 3   274     5     1     1    38    57  -6.837  -0.047  -6.653  -6.865  -7.757         -0.951 -2.059  1.524 -1.444 
     D   273   271 3   274     5     0     0    37    56  -5.352  -0.707  -2.978  -4.409  -2.404         
    IR   274   274 3   274     5     1     1    38    58  -2.408  -0.496  -5.920  -4.087  -5.193          0.000  0.000  0.000  0.000 
                                             [ MATP   75 ]     59     80 u a - -
    MP   275   274 3   279     6     2     2    37    56  -8.993  -8.932  -0.023  -7.708  -7.988  -8.383 -3.636 -3.431 -3.530  0.228 -2.602 -4.142  1.710 -3.254 -3.543  0.590 -3.941 -1.344  2.972 -3.803 -0.292 -2.415 
    ML   276   274 3   279     6     1     1    36    55  -6.250  -6.596  -1.310  -1.005  -6.446  -3.975  0.368 -0.385 -0.191  0.094 
    MR   277   274 3   279     6     1     1    36    55  -6.988  -5.717  -1.625  -5.695  -0.829  -3.908  0.368 -0.385 -0.191  0.094 
     D   278   274 3   279     6     0     0    33    53  -9.049  -7.747  -3.544  -4.226  -4.244  -0.319 
    IL   279   279 5   279     6     1     1    37    56  -2.579  -2.842  -0.760  -4.497  -5.274  -4.934  0.000  0.000  0.000  0.000 
    IR   280   280 6   280     5     1     1    36    56  -2.408  -0.496  -5.920  -4.087  -5.193          0.000  0.000  0.000  0.000 
                                             [ MATP   76 ]     60     79 C G - -
    MP   281   280 6   285     6     2     2    35    54  -8.993  -8.932  -0.023  -7.708  -7.988  -8.383 -3.794 -3.692 -3.604  0.006 -2.488 -4.102  3.209 -3.232 -3.642  0.332 -3.977 -1.687  1.101 -3.895  0.100 -2.508 
    ML   282   280 6   285     6     1     1    34    54  -6.250  -6.596  -1.310  -1.005  -6.446  -3.975  0.368 -0.385 -0.191  0.094 
    MR   283   280 6   285     6     1     1    34    54  -6.988  -5.717  -1.625  -5.695  -0.829  -3.908  0.368 -0.385 -0.191  0.094 
     D   284   280 6   285     6     0     0    32    52  -9.049  -7.747  -3.544  -4.226  -4.244  -0.319 
    IL   285   285 5   285     6     1     1    35    54  -2.579  -2.842  -0.760  -4.497  -5.274  -4.934  0.000  0.000  0.000  0.000 
    IR   286   286 6   286     5     1     1    35    54  -2.408  -0.496  -5.920  -4.087  -5.193          0.000  0.000  0.000  0.000 
                                             [ MATP   77 ]     61     78 a u - -
    MP   287   286 6   291     4     2     2    33    52  -6.625  -6.832  -0.067  -5.246                 -3.355 -2.507 -3.398  2.941 -3.523 -4.557  0.754 -3.463 -3.314  1.558 -3.839 -0.065  0.331 -3.816 -1.192 -2.263 
    ML   288   286 6   291     4     1     1    33    53  -3.758  -3.940  -0.507  -2.670                  0.368 -0.385 -0.191  0.094 
    MR   289   286 6   291     4     1     1    33    53  -4.809  -3.838  -1.706  -0.766                  0.368 -0.385 -0.191  0.094 
     D   290   286 6   291     4     0     0    32    52  -4.568  -4.250  -2.265  -0.520                 
    IL   291   291 5   291     4     1     1    35    54  -1.686  -2.369  -1.117  -4.855                  0.000  0.000  0.000  0.000 
    IR   292   292 6   292     3     1     1    34    53  -1.442  -0.798  -4.142                          0.000  0.000  0.000  0.000 
                                             [ MATL   78 ]     62      - A - - -
    ML   293   292 6   295     3     1     1    30    50  -7.667  -0.025  -6.321                          1.554 -1.785 -1.475 -1.275 
     D   294   292 6   295     3     0     0    29    49  -6.174  -1.687  -0.566                         
    IL   295   295 3   295     3     1     1    33    52  -1.442  -0.798  -4.142                          0.000  0.000  0.000  0.000 
                                             [ MATL   79 ]     63      - C - - -
    ML   296   295 3   298     3     1     1    29    49  -7.667  -0.025  -6.321                         -0.816  1.170 -1.601 -0.231 
     D   297   295 3   298     3     0     0    28    47  -6.174  -1.687  -0.566                         
    IL   298   298 3   298     3     1     1    32    51  -1.442  -0.798  -4.142                          0.000  0.000  0.000  0.000 
                                             [ MATL   80 ]     64      - a - - -
    ML   299   298 3   301     3     1     1    28    47  -7.667  -0.025  -6.321                          0.515 -0.717 -0.900  0.512 
     D   300   298 3   301     3     0     0    27    46  -6.174  -1.687  -0.566                         
    IL   301   301 3   301     3     1     1    31    50  -1.442  -0.798  -4.142                          0.000  0.000  0.000  0.000 
                                             [ MATL   81 ]     65      - G - - -
    ML   302   301 3   304     3     1     1    27    46  -7.667  -0.025  -6.321                         -0.951 -2.059  1.524 -1.444 
     D   303   301 3   304     3     0     0    26    45  -6.174  -1.687  -0.566                         
    IL   304   304 3   304     3     1     1    30    49  -1.442  -0.798  -4.142                          0.000  0.000  0.000  0.000 
                                             [ MATL   82 ]     66      - U - - -
    ML   305   304 3   307     3     1     1    26    45  -7.667  -0.025  -6.321                         -0.632 -0.435 -1.349  1.152 
     D   306   304 3   307     3     0     0    25    44  -6.174  -1.687  -0.566                         
    IL   307   307 3   307     3     1     1    28    48  -1.442  -0.798  -4.142                          0.000  0.000  0.000  0.000 
                                             [ MATL   83 ]     67      - c - - -
    ML   308   307 3   310     3     1     1    25    44  -7.667  -0.025  -6.321                         -0.506  0.590 -1.265  0.459 
     D   309   307 3   310     3     0     0    24    43  -6.174  -1.687  -0.566                         
    IL   310   310 3   310     3     1     1    27    47  -1.442  -0.798  -4.142                          0.000  0.000  0.000  0.000 
                                             [ MATL   84 ]     68      - U - - -
    ML   311   310 3   313     3     1     1    24    43  -7.667  -0.025  -6.321                         -0.960 -1.054 -1.660  1.426 
     D   312   310 3   313     3     0     0    23    42  -6.174  -1.687  -0.566                         
    IL   313   313 3   313     3     1     1    26    45  -1.442  -0.798  -4.142                          0.000  0.000  0.000  0.000 
                                             [ MATL   85 ]     69      - A - - -
    ML   314   313 3   316     3     1     1    23    41  -7.667  -0.025  -6.321                          1.168 -0.786 -1.030 -0.550 
     D   315   313 3   316     3     0     0    22    41  -6.174  -1.687  -0.566                         
    IL   316   316 3   316     3     1     1    25    44  -1.442  -0.798  -4.142                          0.000  0.000  0.000  0.000 
                                             [ MATL   86 ]     70      - A - - -
    ML   317   316 3   319     3     1     1    21    40  -7.667  -0.025  -6.321                          1.554 -1.785 -1.475 -1.275 
     D   318   316 3   319     3     0     0    20    39  -6.174  -1.687  -0.566                         
    IL   319   319 3   319     3     1     1    24    43  -1.442  -0.798  -4.142                          0.000  0.000  0.000  0.000 
                                             [ MATL   87 ]     71      - C - - -
    ML   320   319 3   322     3     1     1    20    39  -7.667  -0.025  -6.321                         -1.053  1.370 -1.843 -0.611 
     D   321   319 3   322     3     0     0    19    38  -6.174  -1.687  -0.566                         
    IL   322   322 3   322     3     1     1    23    42  -1.442  -0.798  -4.142                          0.000  0.000  0.000  0.000 
                                             [ MATL   88 ]     72      - a - - -
    ML   323   322 3   325     3     1     1    19    38  -7.667  -0.025  -6.321                          0.929 -1.161 -0.027 -0.585 
     D   324   322 3   325     3     0     0    18    37  -6.174  -1.687  -0.566                         
    IL   325   325 3   325     3     1     1    22    41  -1.442  -0.798  -4.142                          0.000  0.000  0.000  0.000 
                                             [ MATL   89 ]     73      - A - - -
    ML   326   325 3   328     3     1     1    18    36  -7.667  -0.025  -6.321                          1.554 -1.785 -1.475 -1.275 
     D   327   325 3   328     3     0     0    17    36  -6.174  -1.687  -0.566                         
    IL   328   328 3   328     3     1     1    21    40  -1.442  -0.798  -4.142                          0.000  0.000  0.000  0.000 
                                             [ MATL   90 ]     74      - U - - -
    ML   329   328 3   331     3     1     1    16    35  -7.667  -0.025  -6.321                         -0.960 -1.054 -1.660  1.426 
     D   330   328 3   331     3     0     0    16    34  -6.174  -1.687  -0.566                         
    IL   331   331 3   331     3     1     1    20    38  -1.442  -0.798  -4.142                          0.000  0.000  0.000  0.000 
                                             [ MATL   91 ]     75      - A - - -
    ML   332   331 3   334     3     1     1    15    33  -7.667  -0.025  -6.321                          1.554 -1.785 -1.475 -1.275 
     D   333   331 3   334     3     0     0    15    33  -6.174  -1.687  -0.566                         
    IL   334   334 3   334     3     1     1    19    37  -1.442  -0.798  -4.142                          0.000  0.000  0.000  0.000 
                                             [ MATL   92 ]     76      - G - - -
    ML   335   334 3   337     3     1     1    13    32  -7.667  -0.025  -6.321                         -0.248 -1.567  1.205 -0.957 
     D   336   334 3   337     3     0     0    13    32  -6.174  -1.687  -0.566                         
    IL   337   337 3   337     3     1     1    18    36  -1.442  -0.798  -4.142                          0.000  0.000  0.000  0.000 
                                             [ MATL   93 ]     77      - u - - -
    ML   338   337 3   340     2     1     1     1     1       *   0.000                                 -0.494  0.087 -1.230  0.849 
     D   339   337 3   340     2     0     0     0     0       *   0.000                                 
    IL   340   340 3   340     2     1     1    13    28  -1.823  -0.479                                  0.000  0.000  0.000  0.000 
                                             [ END    94 ]      -      - - - - -
     E   341   340 3    -1     0     0     0     0     0                                                 
//
HMMER3/f [3.1b3 | July 2016]
NAME  t_pro_yont_sr6_round5_0001
LENG  111
MAXL  215
ALPH  RNA
RF    no
MM    no
CONS  yes
CS    yes
MAP   yes
DATE  Wed Dec 25 13:58:28 2019
COM   [1] cmbuild /home/co78wid/projects/master/results/ta_systems/yont_sr6/2_structure_analysis/infernal_search/t_pro_yont_sr6_cmbuild.txt /home/co78wid/projects/master/results/ta_systems/yont_sr6/1_sequence_analysis/fold/t_pro_yont_sr6_round5.stk
NSEQ  16
EFFN  1.535156
CKSUM 1963647205
STATS LOCAL MSV       -9.0961  0.71836
STATS LOCAL VITERBI  -10.4206  0.71836
STATS LOCAL FORWARD   -2.9302  0.71836
HMM          A        C        G        U   
            m->m     m->i     m->d     i->m     i->i     d->m     d->d
  COMPO   1.23649  1.59669  1.43549  1.31292
          1.38629  1.38629  1.38629  1.38629
          0.04988  3.71605  3.71605  1.46634  0.26236  0.00000        *
      1   2.24735  3.05386  0.25504  2.62749      1 G - - :
          1.38629  1.38629  1.38629  1.38629
          0.04988  3.71605  3.71605  1.46634  0.26236  1.09861  0.40547
      2   2.21762  2.25088  2.71462  0.32907      2 U - - :
          1.38629  1.38629  1.38629  1.38629
          0.04988  3.71605  3.71605  1.46634  0.26236  1.09861  0.40547
      3   2.24735  3.05386  0.25504  2.62749      3 G - - :
          1.38629  1.38629  1.38629  1.38629
          0.04988  3.71605  3.71605  1.46634  0.26236  1.09861  0.40547
      4   2.33210  0.34341  2.89222  1.97972      4 C - - :
          1.38629  1.38629  1.38629  1.38629
          0.04988  3.71605  3.71605  1.46634  0.26236  1.09861  0.40547
      5   2.21762  2.25088  2.71462  0.32907      5 U - - :
          1.38629  1.38629  1.38629  1.38629
          0.04988  3.71605  3.71605  1.46634  0.26236  1.09861  0.40547
      6   2.54573  1.59673  2.23454  0.49105      6 U - - <
          1.38629  1.38629  1.38629  1.38629
          0.04988  3.71605  3.71605  1.46634  0.26236  1.09861  0.40547
      7   1.89409  2.43584  0.41031  2.31693      7 G - - <
          1.38629  1.38629  1.38629  1.38629
          0.04988  3.71605  3.71605  1.46634  0.26236  1.09861  0.40547
      8   0.56387  2.29617  1.49337  2.24677      8 A - - <
          1.38629  1.38629  1.38629  1.38629
          0.04988  3.71605  3.71605  1.46634  0.26236  1.09861  0.40547
      9   2.06313  2.65950  0.32148  2.55252      9 G - - <
          1.38629  1.38629  1.38629  1.38629
          0.04988  3.71605  3.71605  1.46634  0.26236  1.09861  0.40547
     10   0.61720  2.13527  1.55561  2.03046     10 A - - <
          1.38629  1.38629  1.38629  1.38629
          0.04988  3.71605  3.71605  1.46634  0.26236  1.09861  0.40547
     11   0.70358  2.05790  1.45234  1.94182     11 a - - <
          1.38629  1.38629  1.38629  1.38629
          0.04988  3.71605  3.71605  1.46634  0.26236  1.09861  0.40547
     12   0.79436  2.28744  1.10613  2.15616     12 a - - <
          1.38629  1.38629  1.38629  1.38629
          0.04988  3.71605  3.71605  1.46634  0.26236  1.09861  0.40547
     13   1.89191  2.54035  0.38347  2.42042     13 G - - <
          1.38629  1.38629  1.38629  1.38629
          0.04988  3.71605  3.71605  1.46634  0.26236  1.09861  0.40547
     14   2.54783  1.38697  2.28310  0.56221     14 U - - <
          1.38629  1.38629  1.38629  1.38629
          0.04988  3.71605  3.71605  1.46634  0.26236  1.09861  0.40547
     15   1.74814  2.46059  0.43685  2.35967     15 G - - <
          1.38629  1.38629  1.38629  1.38629
          0.04988  3.71605  3.71605  1.46634  0.26236  1.09861  0.40547
     16   1.74816  2.46063  0.43683  2.35972     16 G - - <
          1.38629  1.38629  1.38629  1.38629
          0.04988  3.71605  3.71605  1.46634  0.26236  1.09861  0.40547
     17   2.24735  3.05386  0.25504  2.62749     17 G - - _
          1.38629  1.38629  1.38629  1.38629
          0.04988  3.71605  3.71605  1.46634  0.26236  1.09861  0.40547
     18   2.21762  2.25088  2.71462  0.32907     18 U - - _
          1.38629  1.38629  1.38629  1.38629
          0.04988  3.71605  3.71605  1.46634  0.26236  1.09861  0.40547
     19   0.24904  2.81068  2.57763  2.47302     19 A - - _
          1.38629  1.38629  1.38629  1.38629
          0.04988  3.71605  3.71605  1.46634  0.26236  1.09861  0.40547
     20   2.21762  2.25088  2.71462  0.32907     20 U - - _
          1.38629  1.38629  1.38629  1.38629
          0.04988  3.71605  3.71605  1.46634  0.26236  1.09861  0.40547
     21   1.08740  1.34802  2.04302  1.29639     21 a - - _
          1.38629  1.38629  1.38629  1.38629
          0.04988  3.71605  3.71605  1.46634  0.26236  1.09861  0.40547
     22   0.60899  2.19216  1.78330  1.73534     22 A - - _
          1.38629  1.38629  1.38629  1.38629
          0.04988  3.71605  3.71605  1.46634  0.26236  1.09861  0.40547
     23   1.80260  1.30651  2.32130  0.76309     23 u - - _
          1.38629  1.38629  1.38629  1.38629
          0.04988  3.71605  3.71605  1.46634  0.26236  1.09861  0.40547
     24   0.42794  2.20185  2.27019  2.00800     24 A - - _
          1.38629  1.38629  1.38629  1.38629
          0.04988  3.71605  3.71605  1.46634  0.26236  1.09861  0.40547
     25   1.10784  2.31520  0.86437  1.89936     25 g - - _
          1.38629  1.38629  1.38629  1.38629
          0.04988  3.71605  3.71605  1.46634  0.26236  1.09861  0.40547
     26   2.57905  1.55743  2.26814  0.49434     26 U - - >
          1.38629  1.38629  1.38629  1.38629
          0.04988  3.71605  3.71605  1.46634  0.26236  1.09861  0.40547
     27   2.57926  1.55742  2.26821  0.49431     27 U - - >
          1.38629  1.38629  1.38629  1.38629
          0.04988  3.71605  3.71605  1.46634  0.26236  1.09861  0.40547
     28   1.86870  2.45328  0.41609  2.30213     28 G - - >
          1.38629  1.38629  1.38629  1.38629
          0.04988  3.71605  3.71605  1.46634  0.26236  1.09861  0.40547
     29   2.65076  0.40996  2.35851  1.76514     29 C - - >
          1.38629  1.38629  1.38629  1.38629
          0.04988  3.71605  3.71605  1.46634  0.26236  1.09861  0.40547
     30   2.37956  1.51034  2.09751  0.57303     30 U - - >
          1.38629  1.38629  1.38629  1.38629
          0.04988  3.71605  3.71605  1.46634  0.26236  1.09861  0.40547
     31   2.05693  1.64682  1.87089  0.64339     31 U - - >
          1.38629  1.38629  1.38629  1.38629
          0.04988  3.71605  3.71605  1.46634  0.26236  1.09861  0.40547
     32   2.26555  1.74295  1.87099  0.56695     32 U - - >
          1.38629  1.38629  1.38629  1.38629
          0.04988  3.71605  3.71605  1.46634  0.26236  1.09861  0.40547
     33   2.01891  0.56539  2.57386  1.50139     33 C - - -
          1.38629  1.38629  1.38629  1.38629
          0.04988  3.71605  3.71605  1.46634  0.26236  1.09861  0.40547
     34   2.77554  0.36106  2.47927  1.85188     34 C - - >
          1.38629  1.38629  1.38629  1.38629
          0.04988  3.71605  3.71605  1.46634  0.26236  1.09861  0.40547
     35   2.47555  1.74056  2.11131  0.47903     35 U - - >
          1.38629  1.38629  1.38629  1.38629
          0.04988  3.71605  3.71605  1.46634  0.26236  1.09861  0.40547
     36   2.53951  0.64898  2.24741  1.22811     36 C - - >
          1.38629  1.38629  1.38629  1.38629
          0.04988  3.71605  3.71605  1.46634  0.26236  1.09861  0.40547
     37   0.56250  2.40447  1.43356  2.28827     37 A - - >
          1.38629  1.38629  1.38629  1.38629
          0.04988  3.71605  3.71605  1.46634  0.26236  1.09861  0.40547
     38   2.21762  2.25088  2.71462  0.32907     38 U - - -
          1.38629  1.38629  1.38629  1.38629
          0.04988  3.71605  3.71605  1.46634  0.26236  1.09861  0.40547
     39   1.03218  1.67997  2.02248  1.12373     39 a - - -
          1.38629  1.38629  1.38629  1.38629
          0.04988  3.71605  3.71605  1.46634  0.26236  1.09861  0.40547
     40   1.80260  1.30651  2.32130  0.76309     40 u - - -
          1.38629  1.38629  1.38629  1.38629
          0.04988  3.71605  3.71605  1.46634  0.26236  1.09861  0.40547
     41   2.33210  0.34341  2.89222  1.97972     41 C - - -
          1.38629  1.38629  1.38629  1.38629
          0.04988  3.71605  3.71605  1.46634  0.26236  1.09861  0.40547
     42   1.59884  1.97007  2.27549  0.58757     42 U - - -
          1.38629  1.38629  1.38629  1.38629
          0.04988  3.71605  3.71605  1.46634  0.26236  1.09861  0.40547
     43   1.20477  1.90933  2.10107  0.84459     43 u - - -
          1.38629  1.38629  1.38629  1.38629
          0.04988  3.71605  3.71605  1.46634  0.26236  1.09861  0.40547
     44   2.21762  2.25088  2.71462  0.32907     44 U - - -
          1.38629  1.38629  1.38629  1.38629
          0.04988  3.71605  3.71605  1.46634  0.26236  1.09861  0.40547
     45   0.81375  1.46547  2.07711  1.60671     45 a - - -
          1.38629  1.38629  1.38629  1.38629
          0.04988  3.71605  3.71605  1.46634  0.26236  1.09861  0.40547
     46   0.40708  2.40426  2.31418  1.92943     46 A - - -
          1.38629  1.38629  1.38629  1.38629
          0.04988  3.71605  3.71605  1.46634  0.26236  1.09861  0.40547
     47   2.33210  0.34341  2.89222  1.97972     47 C - - -
          1.38629  1.38629  1.38629  1.38629
          0.04988  3.71605  3.71605  1.46634  0.26236  1.09861  0.40547
     48   2.07960  2.67078  0.31309  2.59510     48 G - - <
          1.38629  1.38629  1.38629  1.38629
          0.04988  3.71605  3.71605  1.46634  0.26236  1.09861  0.40547
     49   2.05449  2.60226  0.33535  2.49320     49 G - - <
          1.38629  1.38629  1.38629  1.38629
          0.04988  3.71605  3.71605  1.46634  0.26236  1.09861  0.40547
     50   2.53993  1.59684  2.23259  0.49210     50 U - - <
          1.38629  1.38629  1.38629  1.38629
          0.04988  3.71605  3.71605  1.46634  0.26236  1.09861  0.40547
     51   2.53965  1.59684  2.23250  0.49215     51 U - - <
          1.38629  1.38629  1.38629  1.38629
          0.04988  3.71605  3.71605  1.46634  0.26236  1.09861  0.40547
     52   2.34817  0.80654  2.06852  1.10358     52 c - - <
          1.38629  1.38629  1.38629  1.38629
          0.04988  3.71605  3.71605  1.46634  0.26236  1.09861  0.40547
     53   2.21762  2.25088  2.71462  0.32907     53 U - - -
          1.38629  1.38629  1.38629  1.38629
          0.04988  3.71605  3.71605  1.46634  0.26236  1.09861  0.40547
     54   1.53310  1.49716  1.56234  1.04776     54 u - - <
          1.38629  1.38629  1.38629  1.38629
          0.04988  3.71605  3.71605  1.46634  0.26236  1.09861  0.40547
     55   0.68333  2.33203  1.24438  2.20865     55 A - - <
          1.38629  1.38629  1.38629  1.38629
          0.04988  3.71605  3.71605  1.46634  0.26236  1.09861  0.40547
     56   2.13284  0.89621  1.93723  1.11083     56 c - - <
          1.38629  1.38629  1.38629  1.38629
          0.04988  3.71605  3.71605  1.46634  0.26236  1.09861  0.40547
     57   0.91307  1.43099  2.04934  1.46612     57 a - - -
          1.38629  1.38629  1.38629  1.38629
          0.04988  3.71605  3.71605  1.46634  0.26236  1.09861  0.40547
     58   0.24904  2.81068  2.57763  2.47302     58 A - - -
          1.38629  1.38629  1.38629  1.38629
          0.04988  3.71605  3.71605  1.46634  0.26236  1.09861  0.40547
     59   2.53462  1.59693  2.23080  0.49307     59 U - - <
          1.38629  1.38629  1.38629  1.38629
          0.04988  3.71605  3.71605  1.46634  0.26236  1.09861  0.40547
     60   2.65104  0.45671  2.37665  1.59359     60 C - - <
          1.38629  1.38629  1.38629  1.38629
          0.04988  3.71605  3.71605  1.46634  0.26236  1.09861  0.40547
     61   0.56425  2.29538  1.49339  2.24544     61 A - - <
          1.38629  1.38629  1.38629  1.38629
          0.04988  3.71605  3.71605  1.46634  0.26236  1.09861  0.40547
     62   0.24904  2.81068  2.57763  2.47302     62 A - - _
          1.38629  1.38629  1.38629  1.38629
          0.04988  3.71605  3.71605  1.46634  0.26236  1.09861  0.40547
     63   2.10142  0.48996  2.65879  1.63459     63 C - - _
          1.38629  1.38629  1.38629  1.38629
          0.04988  3.71605  3.71605  1.46634  0.26236  1.09861  0.40547
     64   1.01543  1.92366  2.05956  1.01013     64 u - - _
          1.38629  1.38629  1.38629  1.38629
          0.04988  3.71605  3.71605  1.46634  0.26236  1.09861  0.40547
     65   2.24735  3.05386  0.25504  2.62749     65 G - - _
          1.38629  1.38629  1.38629  1.38629
          0.04988  3.71605  3.71605  1.46634  0.26236  1.09861  0.40547
     66   1.92158  1.72283  2.42613  0.53327     66 U - - _
          1.38629  1.38629  1.38629  1.38629
          0.04988  3.71605  3.71605  1.46634  0.26236  1.09861  0.40547
     67   1.81547  0.92215  2.35344  1.06556     67 c - - _
          1.38629  1.38629  1.38629  1.38629
          0.04988  3.71605  3.71605  1.46634  0.26236  1.09861  0.40547
     68   2.21762  2.25088  2.71462  0.32907     68 U - - _
          1.38629  1.38629  1.38629  1.38629
          0.04988  3.71605  3.71605  1.46634  0.26236  1.09861  0.40547
     69   0.52660  1.96758  2.18150  1.85326     69 A - - _
          1.38629  1.38629  1.38629  1.38629
          0.04988  3.71605  3.71605  1.46634  0.26236  1.09861  0.40547
     70   0.24904  2.81068  2.57763  2.47302     70 A - - _
          1.38629  1.38629  1.38629  1.38629
          0.04988  3.71605  3.71605  1.46634  0.26236  1.09861  0.40547
     71   2.33210  0.34341  2.89222  1.97972     71 C - - _
          1.38629  1.38629  1.38629  1.38629
          0.04988  3.71605  3.71605  1.46634  0.26236  1.09861  0.40547
     72   0.70595  2.26781  1.39057  1.87151     72 a - - _
          1.38629  1.38629  1.38629  1.38629
          0.04988  3.71605  3.71605  1.46634  0.26236  1.09861  0.40547
     73   0.24904  2.81068  2.57763  2.47302     73 A - - _
          1.38629  1.38629  1.38629  1.38629
          0.04988  3.71605  3.71605  1.46634  0.26236  1.09861  0.40547
     74   2.21762  2.25088  2.71462  0.32907     74 U - - _
          1.38629  1.38629  1.38629  1.38629
          0.04988  3.71605  3.71605  1.46634  0.26236  1.09861  0.40547
     75   0.24904  2.81068  2.57763  2.47302     75 A - - _
          1.38629  1.38629  1.38629  1.38629
          0.04988  3.71605  3.71605  1.46634  0.26236  1.09861  0.40547
     76   1.63040  2.60962  0.48000  2.19104     76 G - - _
          1.38629  1.38629  1.38629  1.38629
          0.04988  3.71605  3.71605  1.46634  0.26236  1.09861  0.40547
     77   1.80260  1.30651  2.32130  0.76309     77 u - - _
          1.38629  1.38629  1.38629  1.38629
          0.04988  3.71605  3.71605  1.46634  0.26236  1.09861  0.40547
     78   2.47924  1.74067  2.11236  0.47830     78 U - - >
          1.38629  1.38629  1.38629  1.38629
          0.04988  3.71605  3.71605  1.46634  0.26236  1.09861  0.40547
     79   1.93684  2.53822  0.37455  2.41647     79 G - - >
          1.38629  1.38629  1.38629  1.38629
          0.04988  3.71605  3.71605  1.46634  0.26236  1.09861  0.40547
     80   0.56057  2.40946  1.43320  2.29552     80 A - - >
          1.38629  1.38629  1.38629  1.38629
          0.04988  3.71605  3.71605  1.46634  0.26236  1.09861  0.40547
     81   2.24735  3.05386  0.25504  2.62749     81 G - - -
          1.38629  1.38629  1.38629  1.38629
          0.04988  3.71605  3.71605  1.46634  0.26236  1.09861  0.40547
     82   0.24904  2.81068  2.57763  2.47302     82 A - - -
          1.38629  1.38629  1.38629  1.38629
          0.04988  3.71605  3.71605  1.46634  0.26236  1.09861  0.40547
     83   0.24904  2.81068  2.57763  2.47302     83 A - - -
          1.38629  1.38629  1.38629  1.38629
          0.04988  3.71605  3.71605  1.46634  0.26236  1.09861  0.40547
     84   2.24735  3.05386  0.25504  2.62749     84 G - - -
          1.38629  1.38629  1.38629  1.38629
          0.04988  3.71605  3.71605  1.46634  0.26236  1.09861  0.40547
     85   1.08109  2.10394  0.93471  1.92347     85 g - - >
          1.38629  1.38629  1.38629  1.38629
          0.04988  3.71605  3.71605  1.46634  0.26236  1.09861  0.40547
     86   2.43371  1.57805  2.14323  0.52995     86 U - - >
          1.38629  1.38629  1.38629  1.38629
          0.04988  3.71605  3.71605  1.46634  0.26236  1.09861  0.40547
     87   1.18881  1.73613  1.32755  1.37007     87 a - - >
          1.38629  1.38629  1.38629  1.38629
          0.04988  3.71605  3.71605  1.46634  0.26236  1.09861  0.40547
     88   0.81375  1.46547  2.07711  1.60671     88 a - - -
          1.38629  1.38629  1.38629  1.38629
          0.04988  3.71605  3.71605  1.46634  0.26236  1.09861  0.40547
     89   1.27359  2.23500  0.70521  2.12712     89 g - - >
          1.38629  1.38629  1.38629  1.38629
          0.04988  3.71605  3.71605  1.46634  0.26236  1.09861  0.40547
     90   0.24904  2.81068  2.57763  2.47302     90 A - - -
          1.38629  1.38629  1.38629  1.38629
          0.04988  3.71605  3.71605  1.46634  0.26236  1.09861  0.40547
     91   0.56136  2.40742  1.43334  2.29256     91 A - - >
          1.38629  1.38629  1.38629  1.38629
          0.04988  3.71605  3.71605  1.46634  0.26236  1.09861  0.40547
     92   0.56146  2.40715  1.43336  2.29217     92 A - - >
          1.38629  1.38629  1.38629  1.38629
          0.04988  3.71605  3.71605  1.46634  0.26236  1.09861  0.40547
     93   2.71373  0.44412  2.41961  1.59275     93 C - - >
          1.38629  1.38629  1.38629  1.38629
          0.04988  3.71605  3.71605  1.46634  0.26236  1.09861  0.40547
     94   2.80728  0.36563  2.49141  1.81350     94 C - - >
          1.38629  1.38629  1.38629  1.38629
          0.04988  3.71605  3.71605  1.46634  0.26236  1.09861  0.40547
     95   2.21762  2.25088  2.71462  0.32907     95 U - - :
          1.38629  1.38629  1.38629  1.38629
          0.24477  1.64620  3.71605  1.13344  0.38849  1.09861  0.40547
     96   0.75699  2.25818  1.30828  1.85726     99 a - - :
          1.38629  1.38629  1.38629  1.38629
          0.04988  3.71605  3.71605  1.46634  0.26236  1.09861  0.40547
     97   0.24904  2.81068  2.57763  2.47302    100 A - - :
          1.38629  1.38629  1.38629  1.38629
          0.04988  3.71605  3.71605  1.46634  0.26236  1.09861  0.40547
     98   0.51328  2.23983  2.20785  1.68710    101 A - - :
          1.38629  1.38629  1.38629  1.38629
          0.04988  3.71605  3.71605  1.46634  0.26236  1.09861  0.40547
     99   2.24735  3.05386  0.25504  2.62749    102 G - - :
          1.38629  1.38629  1.38629  1.38629
          0.04988  3.71605  3.71605  1.46634  0.26236  1.09861  0.40547
    100   0.24904  2.81068  2.57763  2.47302    103 A - - :
          1.38629  1.38629  1.38629  1.38629
          0.04988  3.71605  3.71605  1.46634  0.26236  1.09861  0.40547
    101   0.39222  2.50727  2.06418  2.15389    104 A - - :
          1.38629  1.38629  1.38629  1.38629
          0.04988  3.71605  3.71605  1.46634  0.26236  1.09861  0.40547
    102   2.21762  2.25088  2.71462  0.32907    105 U - - :
          1.38629  1.38629  1.38629  1.38629
          0.04988  3.71605  3.71605  1.46634  0.26236  1.09861  0.40547
    103   1.10784  2.31520  0.86437  1.89936    106 g - - :
          1.38629  1.38629  1.38629  1.38629
          0.04988  3.71605  3.71605  1.46634  0.26236  1.09861  0.40547
    104   1.10784  2.31520  0.86437  1.89936    107 g - - :
          1.38629  1.38629  1.38629  1.38629
          0.04988  3.71605  3.71605  1.46634  0.26236  1.09861  0.40547
    105   1.45989  2.49838  0.57867  2.08044    108 G - - :
          1.38629  1.38629  1.38629  1.38629
          0.08677  3.71605  2.83389  1.46634  0.26236  1.09861  0.40547
    106   0.51747  2.34543  1.77796  1.97197    109 A - - :
          1.38629  1.38629  1.38629  1.38629
          0.05171  3.68098  3.68098  1.46634  0.26236  1.48526  0.25676
    107   1.12392  1.10082  2.10001  1.51440    110 c - - :
          1.38629  1.38629  1.38629  1.38629
          0.05171  3.68098  3.68098  1.46634  0.26236  1.48526  0.25676
    108   0.26877  2.74379  2.51742  2.40032    111 A - - :
          1.38629  1.38629  1.38629  1.38629
          0.05171  3.68098  3.68098  1.46634  0.26236  1.48526  0.25676
    109   0.26877  2.74379  2.51742  2.40032    112 A - - :
          1.38629  1.38629  1.38629  1.38629
          0.05171  3.68098  3.68098  1.46634  0.26236  1.48526  0.25676
    110   2.17522  2.96860  0.27928  2.54198    113 G - - :
          1.38629  1.38629  1.38629  1.38629
          0.05171  3.68098  3.68098  1.46634  0.26236  1.48526  0.25676
    111   2.25415  0.37403  2.80998  1.91817    114 C - - :
          1.38629  1.38629  1.38629  1.38629
          0.20819  1.67159        *  4.05832  0.01743  0.00000        *
//
