INFERNAL1/a [1.1.2 | July 2016]
NAME     at_nt_ldr_rdl_round5_0001
STATES   208
NODES    51
CLEN     68
W        85
ALPH     RNA
RF       no
CONS     yes
MAP      yes
DATE     Wed Dec 18 18:36:25 2019
COM      [1] cmbuild /home/co78wid/projects/master/results/ta_systems/ldr_rdl/2_structure_analysis/infernal_search/at_nt_ldr_rdl_cmbuild.txt /home/co78wid/projects/master/results/ta_systems/ldr_rdl/1_sequence_analysis/fold/at_nt_ldr_rdl_round5.stk
COM      [2] cmcalibrate --cpu 30 /home/co78wid/projects/master/results/ta_systems/ldr_rdl/2_structure_analysis/infernal_search/at_nt_ldr_rdl_cmbuild.txt
PBEGIN   0.05
PEND     0.05
WBETA    1e-07
QDBBETA1 1e-07
QDBBETA2 1e-15
N2OMEGA  1.52588e-05
N3OMEGA  1.52588e-05
ELSELF   -0.08926734
NSEQ     60
EFFN     1.951904
CKSUM    2972748833
NULL     0.000  0.000  0.000  0.000 
EFP7GF   -9.3034 0.71914
ECMLC    0.64536    -5.62829     3.03428     1600000      321435  0.003733
ECMGC    0.43429   -16.43673    -3.89908     1600000       92632  0.004318
ECMLI    0.64029    -3.61773     4.32184     1600000      193632  0.006197
ECMGI    0.48071   -11.22588    -0.59552     1600000       66278  0.006035
CM
                                             [ ROOT    0 ]      -      - - - - -
     S     0    -1 0     1     4     1     1    85   105  -6.957  -7.164  -0.534  -1.765                 
    IL     1     1 2     1     4     1    23    88   109  -1.686  -2.369  -1.117  -4.855                  0.000  0.000  0.000  0.000 
    IR     2     2 3     2     3     1    23    88   108  -1.442  -0.798  -4.142                          0.000  0.000  0.000  0.000 
                                             [ MATL    1 ]      3      - c - - -
    ML     3     2 3     5     3     1    22    85   105  -7.550  -0.028  -6.204                         -0.264  0.609 -0.679  0.025 
     D     4     2 3     5     3     0    18    83   103  -7.923  -3.436  -0.146                         
    IL     5     5 3     5     3     1    22    87   107  -1.442  -0.798  -4.142                          0.000  0.000  0.000  0.000 
                                             [ MATL    2 ]      4      - U - - -
    ML     6     5 3     8     3     1    21    84   104  -7.550  -0.028  -6.204                         -0.400 -0.676 -0.891  1.055 
     D     7     5 3     8     3     0    18    82   103  -7.923  -0.917  -1.100                         
    IL     8     8 3     8     3     1    21    86   106  -1.442  -0.798  -4.142                          0.000  0.000  0.000  0.000 
                                             [ MATL    3 ]      5      - a - - -
    ML     9     8 3    11     3     1    20    83   103  -7.827  -0.023  -6.481                          0.952 -1.140 -0.151 -0.492 
     D    10     8 3    11     3     0    17    81   102  -7.094  -0.757  -1.318                         
    IL    11    11 3    11     3     1    20    84   105  -1.442  -0.798  -4.142                          0.000  0.000  0.000  0.000 
                                             [ MATL    4 ]      6      - G - - -
    ML    12    11 3    14     3     1    19    82   102  -7.960  -0.021  -6.614                         -1.571 -2.790  1.721 -2.177 
     D    13    11 3    14     3     0    15    80   100  -6.289  -1.802  -0.513                         
    IL    14    14 3    14     3     1    19    83   104  -1.442  -0.798  -4.142                          0.000  0.000  0.000  0.000 
                                             [ MATL    5 ]      7      - a - - -
    ML    15    14 3    17     3     1    19    81   101  -7.960  -0.021  -6.614                          0.621 -1.410  0.603 -0.819 
     D    16    14 3    17     3     0    15    79    99  -6.289  -1.802  -0.513                         
    IL    17    17 3    17     3     1    18    82   103  -1.442  -0.798  -4.142                          0.000  0.000  0.000  0.000 
                                             [ MATL    6 ]      8      - U - - -
    ML    18    17 3    20     3     1    18    80   100  -7.960  -0.021  -6.614                         -0.558 -0.916 -1.071  1.211 
     D    19    17 3    20     3     0    14    78    98  -6.289  -1.460  -0.681                         
    IL    20    20 3    20     3     1    18    81   102  -1.442  -0.798  -4.142                          0.000  0.000  0.000  0.000 
                                             [ MATL    7 ]      9      - u - - -
    ML    21    20 3    23     3     1    17    79    99  -7.973  -0.020  -6.627                         -0.346 -0.863 -0.107  0.795 
     D    22    20 3    23     3     0    13    77    97  -6.174  -1.687  -0.566                         
    IL    23    23 3    23     3     1    17    80   101  -1.442  -0.798  -4.142                          0.000  0.000  0.000  0.000 
                                             [ MATL    8 ]     10      - C - - -
    ML    24    23 3    26     3     1    16    78    98  -7.973  -0.020  -6.627                         -1.762  1.630 -2.587 -1.172 
     D    25    23 3    26     3     0    13    76    96  -6.174  -1.687  -0.566                         
    IL    26    26 3    26     3     1    16    79   100  -1.442  -0.798  -4.142                          0.000  0.000  0.000  0.000 
                                             [ MATL    9 ]     11      - A - - -
    ML    27    26 3    29     3     1    15    76    97  -8.363  -0.206  -2.946                          1.723 -2.389 -2.019 -1.933 
     D    28    26 3    29     3     0    12    75    95  -5.620  -0.734  -1.403                         
    IL    29    29 3    29     3     1    16    77    97  -1.925  -0.554  -4.164                          0.000  0.000  0.000  0.000 
                                             [ MATR   10 ]      -     72 - U - -
    MR    30    29 3    32     3     1    15    76    96  -8.178  -0.021  -6.496                         -0.848 -0.714 -1.569  1.320 
     D    31    29 3    32     3     0    10    74    94  -7.394  -2.572  -0.276                         
    IR    32    32 3    32     3     1    15    76    96  -1.925  -0.554  -4.164                          0.000  0.000  0.000  0.000 
                                             [ MATR   11 ]      -     71 - C - -
    MR    33    32 3    35     3     1    15    75    95  -8.178  -0.021  -6.496                         -0.992  1.275 -1.792 -0.344 
     D    34    32 3    35     3     0    10    73    93  -7.394  -0.579  -1.624                         
    IR    35    35 3    35     3     1    14    75    95  -1.925  -0.554  -4.164                          0.000  0.000  0.000  0.000 
                                             [ MATR   12 ]      -     70 - U - -
    MR    36    35 3    38     3     1    14    74    94  -8.363  -0.019  -6.680                         -1.147 -0.950 -1.879  1.464 
     D    37    35 3    38     3     0     8    72    92  -6.390  -1.568  -0.620                         
    IR    38    38 3    38     3     1    13    74    94  -1.925  -0.554  -4.164                          0.000  0.000  0.000  0.000 
                                             [ MATR   13 ]      -     69 - C - -
    MR    39    38 3    41     5     1    13    73    93  -7.101  -0.039  -6.916  -7.128  -8.020         -1.324  1.427 -2.148 -0.544 
     D    40    38 3    41     5     0     7    71    91  -5.352  -0.707  -2.978  -4.409  -2.404         
    IR    41    41 3    41     5     1    11    73    93  -2.408  -0.496  -5.920  -4.087  -5.193          0.000  0.000  0.000  0.000 
                                             [ MATP   14 ]     12     68 A U - -
    MP    42    41 3    46     6     2    13    72    92  -9.111  -9.050  -0.021  -7.827  -8.107  -8.502 -3.434 -1.289 -3.492  3.163 -3.922 -4.694  0.190 -3.688 -3.471  1.385 -4.012 -0.236 -0.080 -3.869 -1.664 -2.427 
    ML    43    41 3    46     6     1     9    70    90  -6.250  -6.596  -1.310  -1.005  -6.446  -3.975  0.368 -0.385 -0.191  0.094 
    MR    44    41 3    46     6     1     8    70    90  -6.988  -5.717  -1.625  -5.695  -0.829  -3.908  0.368 -0.385 -0.191  0.094 
     D    45    41 3    46     6     0     5    68    88  -9.049  -7.747  -3.544  -4.226  -4.244  -0.319 
    IL    46    46 5    46     6     1    10    71    91  -2.579  -2.842  -0.760  -4.497  -5.274  -4.934  0.000  0.000  0.000  0.000 
    IR    47    47 6    47     5     1    10    71    91  -2.408  -0.496  -5.920  -4.087  -5.193          0.000  0.000  0.000  0.000 
                                             [ MATP   15 ]     13     67 G C - -
    MP    48    47 6    52     6     2    11    70    90  -9.111  -9.050  -0.021  -7.827  -8.107  -8.502 -4.427 -2.921 -4.494  0.457 -5.108 -4.626 -0.466 -4.830 -4.173  3.542 -4.533 -0.121 -0.771 -4.249 -2.484 -3.384 
    ML    49    47 6    52     6     1     8    69    89  -6.250  -6.596  -1.310  -1.005  -6.446  -3.975  0.368 -0.385 -0.191  0.094 
    MR    50    47 6    52     6     1     7    68    89  -6.988  -5.717  -1.625  -5.695  -0.829  -3.908  0.368 -0.385 -0.191  0.094 
     D    51    47 6    52     6     0     4    67    87  -9.049  -7.747  -3.544  -4.226  -4.244  -0.319 
    IL    52    52 5    52     6     1     9    69    89  -2.579  -2.842  -0.760  -4.497  -5.274  -4.934  0.000  0.000  0.000  0.000 
    IR    53    53 6    53     5     1     9    69    89  -2.408  -0.496  -5.920  -4.087  -5.193          0.000  0.000  0.000  0.000 
                                             [ MATP   16 ]     14     66 A U - -
    MP    54    53 6    58     4     2     9    68    88  -6.957  -7.164  -0.091  -4.433                 -3.636 -2.665 -3.699  3.249 -4.261 -5.137  0.015 -3.822 -3.585  1.262 -4.150  0.210 -0.275 -4.233 -1.901 -2.538 
    ML    55    53 6    58     4     1     7    68    88  -3.758  -3.940  -0.507  -2.670                  0.368 -0.385 -0.191  0.094 
    MR    56    53 6    58     4     1     5    67    88  -4.809  -3.838  -1.706  -0.766                  0.368 -0.385 -0.191  0.094 
     D    57    53 6    58     4     0     4    66    87  -4.568  -4.250  -2.265  -0.520                 
    IL    58    58 5    58     4     1     8    69    89  -1.686  -2.369  -1.117  -4.855                  0.000  0.000  0.000  0.000 
    IR    59    59 6    59     3     1     8    68    88  -1.442  -0.798  -4.142                          0.000  0.000  0.000  0.000 
                                             [ MATL   17 ]     15      - a - - -
    ML    60    59 6    62     3     1     7    65    85  -7.938  -0.021  -6.593                          0.624 -0.848 -1.033  0.500 
     D    61    59 6    62     3     0     3    64    84  -6.460  -1.203  -0.852                         
    IL    62    62 3    62     3     1     7    67    87  -1.442  -0.798  -4.142                          0.000  0.000  0.000  0.000 
                                             [ MATL   18 ]     16      - U - - -
    ML    63    62 3    65     3     1     6    64    84  -8.363  -0.019  -6.680                         -1.312 -1.223 -2.045  1.549 
     D    64    62 3    65     3     0     3    63    83  -5.620  -0.734  -1.403                         
    IL    65    65 3    65     3     1     6    65    85  -1.925  -0.554  -4.164                          0.000  0.000  0.000  0.000 
                                             [ MATR   19 ]      -     65 - U - -
    MR    66    65 3    68     3     1     5    63    83  -8.363  -0.019  -6.680                         -1.502 -1.495 -2.236  1.623 
     D    67    65 3    68     3     0     1    62    82  -6.390  -1.568  -0.620                         
    IR    68    68 3    68     3     1     5    64    84  -1.925  -0.554  -4.164                          0.000  0.000  0.000  0.000 
                                             [ MATR   20 ]      -     64 - U - -
    MR    69    68 3    71     5     1     5    62    82  -7.101  -0.056  -5.651  -7.128  -8.020         -1.502 -1.495 -2.236  1.623 
     D    70    68 3    71     5     0     1    61    81  -5.352  -0.707  -2.978  -4.409  -2.404         
    IR    71    71 3    71     5     1     4    63    83  -2.408  -0.496  -5.920  -4.087  -5.193          0.000  0.000  0.000  0.000 
                                             [ MATP   21 ]     17     63 a u - -
    MP    72    71 3    76     4     2     4    61    81  -6.936  -7.143  -0.054  -5.557                 -2.943 -2.211 -3.070  2.181 -3.354 -4.000  0.680 -3.314 -3.032  1.792 -2.513  1.697  0.414 -3.272 -1.145 -2.036 
    ML    73    71 3    76     4     1     2    61    82  -3.835  -4.017  -0.476  -2.746                  0.335 -0.556  0.163 -0.091 
    MR    74    71 3    76     4     1     1    61    81  -4.809  -3.838  -1.706  -0.766                  0.368 -0.385 -0.191  0.094 
     D    75    71 3    76     4     0     0    60    80  -4.568  -4.250  -2.265  -0.520                 
    IL    76    76 5    76     4     1     3    63    83  -1.686  -2.369  -1.117  -4.855                  0.000  0.000  0.000  0.000 
    IR    77    77 6    77     3     1     3    62    82  -1.442  -0.798  -4.142                          0.000  0.000  0.000  0.000 
                                             [ MATL   22 ]     18      - G - - -
    ML    78    77 6    80     3     1     2    59    79  -8.363  -0.053  -4.912                         -1.599 -2.822  1.728 -2.209 
     D    79    77 6    80     3     0     0    58    77  -5.620  -0.734  -1.403                         
    IL    80    80 3    80     3     1     2    60    79  -1.925  -0.554  -4.164                          0.000  0.000  0.000  0.000 
                                             [ MATR   23 ]      -     62 - G - -
    MR    81    80 3    83     5     1     3    58    78  -7.069  -0.040  -6.884  -7.097  -7.988         -1.077 -2.088  1.526 -1.284 
     D    82    80 3    83     5     0     0    57    76  -5.503  -0.619  -3.129  -4.560  -2.555         
    IR    83    83 3    83     5     1     1    58    78  -2.408  -0.496  -5.920  -4.087  -5.193          0.000  0.000  0.000  0.000 
                                             [ MATP   24 ]     19     61 C G - -
    MP    84    83 3    88     6     2     4    57    77  -9.111  -9.050  -0.021  -7.827  -8.107  -8.502 -4.574 -4.482 -4.260 -0.712 -2.972 -4.668  3.559 -3.785 -4.310 -0.475 -4.568 -2.430  0.540 -4.642 -0.679 -3.149 
    ML    85    83 3    88     6     1     1    55    75  -6.250  -6.596  -1.310  -1.005  -6.446  -3.975  0.368 -0.385 -0.191  0.094 
    MR    86    83 3    88     6     1     1    55    75  -6.988  -5.717  -1.625  -5.695  -0.829  -3.908  0.368 -0.385 -0.191  0.094 
     D    87    83 3    88     6     0     0    53    73  -9.049  -7.747  -3.544  -4.226  -4.244  -0.319 
    IL    88    88 5    88     6     1     1    57    76  -2.579  -2.842  -0.760  -4.497  -5.274  -4.934  0.000  0.000  0.000  0.000 
    IR    89    89 6    89     5     1     1    56    76  -2.408  -0.496  -5.920  -4.087  -5.193          0.000  0.000  0.000  0.000 
                                             [ MATP   25 ]     20     60 C G - -
    MP    90    89 6    94     6     2     4    55    75  -9.111  -9.050  -0.021  -7.827  -8.107  -8.502 -4.435 -4.382 -4.141 -0.610 -2.864 -4.557  3.502 -3.671 -4.190 -0.371 -4.464 -2.369  0.672 -4.497 -0.367 -3.029 
    ML    91    89 6    94     6     1     1    54    73  -6.250  -6.596  -1.310  -1.005  -6.446  -3.975  0.368 -0.385 -0.191  0.094 
    MR    92    89 6    94     6     1     1    53    73  -6.988  -5.717  -1.625  -5.695  -0.829  -3.908  0.368 -0.385 -0.191  0.094 
     D    93    89 6    94     6     0     0    51    71  -9.049  -7.747  -3.544  -4.226  -4.244  -0.319 
    IL    94    94 5    94     6     1     1    55    74  -2.579  -2.842  -0.760  -4.497  -5.274  -4.934  0.000  0.000  0.000  0.000 
    IR    95    95 6    95     5     1     1    54    74  -2.408  -0.496  -5.920  -4.087  -5.193          0.000  0.000  0.000  0.000 
                                             [ MATP   26 ]     21     59 C G - -
    MP    96    95 6   100     6     2     3    53    73  -9.111  -9.050  -0.025  -7.122  -8.107  -8.502 -4.427 -4.375 -4.134 -0.603 -2.858 -4.551  3.499 -3.665 -4.183 -0.363 -4.458 -2.362  0.679 -4.489 -0.351 -3.022 
    ML    97    95 6   100     6     1     1    52    72  -6.250  -6.596  -1.310  -1.005  -6.446  -3.975  0.368 -0.385 -0.191  0.094 
    MR    98    95 6   100     6     1     1    52    72  -6.988  -5.717  -1.625  -5.695  -0.829  -3.908  0.368 -0.385 -0.191  0.094 
     D    99    95 6   100     6     0     0    50    70  -9.049  -7.747  -3.544  -4.226  -4.244  -0.319 
    IL   100   100 5   100     6     1     1    53    72  -2.579  -2.842  -0.760  -4.497  -5.274  -4.934  0.000  0.000  0.000  0.000 
    IR   101   101 6   101     5     1     1    52    72  -2.408  -0.496  -5.920  -4.087  -5.193          0.000  0.000  0.000  0.000 
                                             [ MATP   27 ]     22     58 C G - -
    MP   102   101 6   106     4     2     2    51    71  -6.947  -7.154  -0.073  -4.872                 -4.554 -4.460 -4.243 -0.691 -2.960 -4.654  3.552 -3.770 -4.292 -0.452 -4.553 -2.407  0.554 -4.622 -0.666 -3.132 
    ML   103   101 6   106     4     1     1    51    71  -3.797  -3.980  -0.491  -2.709                  0.298 -0.188 -0.327  0.132 
    MR   104   101 6   106     4     1     1    51    71  -4.809  -3.838  -1.706  -0.766                  0.368 -0.385 -0.191  0.094 
     D   105   101 6   106     4     0     0    50    70  -4.568  -4.250  -2.265  -0.520                 
    IL   106   106 5   106     4     1     1    53    72  -1.686  -2.369  -1.117  -4.855                  0.000  0.000  0.000  0.000 
    IR   107   107 6   107     3     1     1    52    71  -1.442  -0.798  -4.142                          0.000  0.000  0.000  0.000 
                                             [ MATL   28 ]     23      - C - - -
    ML   108   107 6   110     5     1     1    49    68  -7.086  -0.039  -6.901  -7.113  -8.005         -1.720  1.618 -2.543 -1.138 
     D   109   107 6   110     5     0     0    47    67  -5.048  -0.741  -4.309  -2.684  -2.597         
    IL   110   110 3   110     5     1     1    49    68  -2.408  -0.496  -4.087  -5.920  -5.193          0.000  0.000  0.000  0.000 
                                             [ MATP   29 ]     24     57 G C - -
    MP   111   110 3   115     6     2     2    48    67  -9.111  -9.050  -0.021  -7.827  -8.107  -8.502 -4.650 -3.034 -4.747  0.286 -5.296 -4.683 -0.632 -5.047 -4.288  3.618 -4.634 -0.564 -0.961 -4.403 -2.666 -3.627 
    ML   112   110 3   115     6     1     1    47    66  -6.250  -6.596  -1.310  -1.005  -6.446  -3.975  0.368 -0.385 -0.191  0.094 
    MR   113   110 3   115     6     1     1    47    66  -6.988  -5.717  -1.625  -5.695  -0.829  -3.908  0.368 -0.385 -0.191  0.094 
     D   114   110 3   115     6     0     0    45    64  -9.049  -7.747  -3.544  -4.226  -4.244  -0.319 
    IL   115   115 5   115     6     1     1    47    67  -2.579  -2.842  -0.760  -4.497  -5.274  -4.934  0.000  0.000  0.000  0.000 
    IR   116   116 6   116     5     1     1    47    66  -2.408  -0.496  -5.920  -4.087  -5.193          0.000  0.000  0.000  0.000 
                                             [ MATP   30 ]     25     56 u g - -
    MP   117   116 6   121     4     2     2    46    65  -6.957  -7.164  -0.053  -5.578                 -3.981 -3.958 -3.722 -0.305 -2.517 -4.163  1.767 -3.287 -3.769 -0.093 -4.077 -2.027  1.217 -4.066  2.886 -2.646 
    ML   118   116 6   121     4     1     1    46    66  -3.758  -3.940  -0.507  -2.670                  0.368 -0.385 -0.191  0.094 
    MR   119   116 6   121     4     1     1    45    65  -4.809  -3.838  -1.706  -0.766                  0.368 -0.385 -0.191  0.094 
     D   120   116 6   121     4     0     0    44    64  -4.568  -4.250  -2.265  -0.520                 
    IL   121   121 5   121     4     1     1    47    67  -1.686  -2.369  -1.117  -4.855                  0.000  0.000  0.000  0.000 
    IR   122   122 6   122     3     1     1    46    66  -1.442  -0.798  -4.142                          0.000  0.000  0.000  0.000 
                                             [ MATL   31 ]     26      - G - - -
    ML   123   122 6   125     5     1     1    43    62  -7.101  -0.039  -6.916  -7.128  -8.020         -0.584 -1.285  1.157 -0.531 
     D   124   122 6   125     5     0     0    42    61  -4.959  -0.803  -4.221  -2.596  -2.508         
    IL   125   125 3   125     5     1     1    43    63  -2.408  -0.496  -4.087  -5.920  -5.193          0.000  0.000  0.000  0.000 
                                             [ MATP   32 ]     27     55 a u - -
    MP   126   125 3   130     6     2     2    42    61  -9.111  -9.050  -0.021  -7.827  -8.107  -8.502 -2.989 -2.302 -3.095  2.390 -3.340 -4.076  0.733 -2.522 -3.084  1.768 -3.594  1.342  0.458 -3.313 -1.115 -2.061 
    ML   127   125 3   130     6     1     1    41    60  -6.250  -6.596  -1.310  -1.005  -6.446  -3.975  0.368 -0.385 -0.191  0.094 
    MR   128   125 3   130     6     1     1    40    60  -6.988  -5.717  -1.625  -5.695  -0.829  -3.908  0.368 -0.385 -0.191  0.094 
     D   129   125 3   130     6     0     0    38    57  -9.049  -7.747  -3.544  -4.226  -4.244  -0.319 
    IL   130   130 5   130     6     1     1    42    61  -2.579  -2.842  -0.760  -4.497  -5.274  -4.934  0.000  0.000  0.000  0.000 
    IR   131   131 6   131     5     1     1    41    61  -2.408  -0.496  -5.920  -4.087  -5.193          0.000  0.000  0.000  0.000 
                                             [ MATP   33 ]     28     54 u g - -
    MP   132   131 6   136     6     2     2    40    59  -9.111  -9.050  -0.021  -7.827  -8.107  -8.502 -4.033 -3.999 -3.755 -0.341 -2.528 -4.184  1.757 -3.303 -3.802 -0.135 -4.101 -2.053  1.095 -4.113  2.939 -2.675 
    ML   133   131 6   136     6     1     1    39    58  -6.250  -6.596  -1.310  -1.005  -6.446  -3.975  0.368 -0.385 -0.191  0.094 
    MR   134   131 6   136     6     1     1    38    58  -6.988  -5.717  -1.625  -5.695  -0.829  -3.908  0.368 -0.385 -0.191  0.094 
     D   135   131 6   136     6     0     0    36    55  -9.049  -7.747  -3.544  -4.226  -4.244  -0.319 
    IL   136   136 5   136     6     1     1    40    59  -2.579  -2.842  -0.760  -4.497  -5.274  -4.934  0.000  0.000  0.000  0.000 
    IR   137   137 6   137     5     1     1    39    59  -2.408  -0.496  -5.920  -4.087  -5.193          0.000  0.000  0.000  0.000 
                                             [ MATP   34 ]     29     53 G C - -
    MP   138   137 6   142     6     2     2    38    57  -9.111  -9.050  -0.021  -7.827  -8.107  -8.502 -3.871 -1.448 -3.878  0.816 -4.494 -4.319 -0.002 -4.312 -3.863  3.332 -4.231  0.141 -0.275 -3.755 -1.953 -2.838 
    ML   139   137 6   142     6     1     1    37    56  -6.250  -6.596  -1.310  -1.005  -6.446  -3.975  0.368 -0.385 -0.191  0.094 
    MR   140   137 6   142     6     1     1    36    56  -6.988  -5.717  -1.625  -5.695  -0.829  -3.908  0.368 -0.385 -0.191  0.094 
     D   141   137 6   142     6     0     0    34    53  -9.049  -7.747  -3.544  -4.226  -4.244  -0.319 
    IL   142   142 5   142     6     1     1    38    57  -2.579  -2.842  -0.760  -4.497  -5.274  -4.934  0.000  0.000  0.000  0.000 
    IR   143   143 6   143     5     1     1    37    57  -2.408  -0.496  -5.920  -4.087  -5.193          0.000  0.000  0.000  0.000 
                                             [ MATP   35 ]     30     52 U A - -
    MP   144   143 6   148     6     2     2    36    55  -9.111  -9.050  -0.021  -7.827  -8.107  -8.502 -4.216 -4.041 -4.051 -0.334 -2.988 -4.613  1.341 -3.685 -4.056 -0.084 -4.428 -1.940  3.340 -4.366 -0.663 -2.877 
    ML   145   143 6   148     6     1     1    35    54  -6.250  -6.596  -1.310  -1.005  -6.446  -3.975  0.368 -0.385 -0.191  0.094 
    MR   146   143 6   148     6     1     1    34    54  -6.988  -5.717  -1.625  -5.695  -0.829  -3.908  0.368 -0.385 -0.191  0.094 
     D   147   143 6   148     6     0     0    32    51  -9.049  -7.747  -3.544  -4.226  -4.244  -0.319 
    IL   148   148 5   148     6     1     1    36    55  -2.579  -2.842  -0.760  -4.497  -5.274  -4.934  0.000  0.000  0.000  0.000 
    IR   149   149 6   149     5     1     1    35    55  -2.408  -0.496  -5.920  -4.087  -5.193          0.000  0.000  0.000  0.000 
                                             [ MATP   36 ]     31     51 U A - -
    MP   150   149 6   154     6     2     2    34    53  -9.111  -9.050  -0.021  -7.827  -8.107  -8.502 -4.136 -4.038 -3.981 -0.334 -2.912 -4.529  1.415 -3.625 -3.999 -0.071 -4.373 -2.011  3.300 -4.266 -0.413 -2.824 
    ML   151   149 6   154     6     1     1    33    52  -6.250  -6.596  -1.310  -1.005  -6.446  -3.975  0.368 -0.385 -0.191  0.094 
    MR   152   149 6   154     6     1     1    33    52  -6.988  -5.717  -1.625  -5.695  -0.829  -3.908  0.368 -0.385 -0.191  0.094 
     D   153   149 6   154     6     0     0    30    50  -9.049  -7.747  -3.544  -4.226  -4.244  -0.319 
    IL   154   154 5   154     6     1     1    34    53  -2.579  -2.842  -0.760  -4.497  -5.274  -4.934  0.000  0.000  0.000  0.000 
    IR   155   155 6   155     5     1     1    33    53  -2.408  -0.496  -5.920  -4.087  -5.193          0.000  0.000  0.000  0.000 
                                             [ MATP   37 ]     32     50 G C - -
    MP   156   155 6   160     6     2     2    32    51  -9.111  -9.050  -0.021  -7.827  -8.107  -8.502 -4.763 -3.104 -4.864  0.186 -5.262 -4.702 -0.621 -5.108 -4.341  3.643 -4.677 -0.803 -1.006 -4.481 -2.660 -3.740 
    ML   157   155 6   160     6     1     1    31    50  -6.250  -6.596  -1.310  -1.005  -6.446  -3.975  0.368 -0.385 -0.191  0.094 
    MR   158   155 6   160     6     1     1    31    50  -6.988  -5.717  -1.625  -5.695  -0.829  -3.908  0.368 -0.385 -0.191  0.094 
     D   159   155 6   160     6     0     0    29    48  -9.049  -7.747  -3.544  -4.226  -4.244  -0.319 
    IL   160   160 5   160     6     1     1    32    51  -2.579  -2.842  -0.760  -4.497  -5.274  -4.934  0.000  0.000  0.000  0.000 
    IR   161   161 6   161     5     1     1    31    51  -2.408  -0.496  -5.920  -4.087  -5.193          0.000  0.000  0.000  0.000 
                                             [ MATP   38 ]     33     49 u g - -
    MP   162   161 6   166     4     2     2    30    49  -5.515  -7.164  -0.074  -5.578                 -3.694 -3.684 -3.539 -0.058 -2.475 -4.064  1.801 -3.202 -3.577  0.164 -3.940 -1.776  1.776 -3.826  2.519 -2.478 
    ML   163   161 6   166     4     1     1    30    49  -3.758  -3.940  -0.507  -2.670                  0.368 -0.385 -0.191  0.094 
    MR   164   161 6   166     4     1     1    30    49  -4.809  -3.838  -1.706  -0.766                  0.368 -0.385 -0.191  0.094 
     D   165   161 6   166     4     0     0    29    48  -4.568  -4.250  -2.265  -0.520                 
    IL   166   166 5   166     4     1     1    31    51  -1.771  -2.454  -1.023  -4.940                  0.000  0.000  0.000  0.000 
    IR   167   167 6   167     3     1     1    31    50  -1.442  -0.798  -4.142                          0.000  0.000  0.000  0.000 
                                             [ MATL   39 ]     35      - C - - -
    ML   168   167 6   170     5     1     1    27    46  -7.101  -0.039  -6.916  -7.128  -8.020         -1.762  1.630 -2.587 -1.172 
     D   169   167 6   170     5     0     0    26    45  -4.959  -0.803  -4.221  -2.596  -2.508         
    IL   170   170 3   170     5     1     1    28    47  -2.408  -0.496  -4.087  -5.920  -5.193          0.000  0.000  0.000  0.000 
                                             [ MATP   40 ]     36     48 A U - -
    MP   171   170 3   175     6     2     2    26    45  -9.111  -4.949  -0.066  -7.827  -8.107  -8.502 -3.811 -2.837 -3.828  3.344 -4.176 -5.240  0.125 -3.869 -3.719  1.057 -4.267 -0.310 -0.292 -4.424 -1.815 -2.661 
    ML   172   170 3   175     6     1     1    26    45  -6.250  -6.596  -1.310  -1.005  -6.446  -3.975  0.368 -0.385 -0.191  0.094 
    MR   173   170 3   175     6     1     1    25    44  -6.988  -5.717  -1.625  -5.695  -0.829  -3.908  0.368 -0.385 -0.191  0.094 
     D   174   170 3   175     6     0     0    24    43  -9.049  -7.747  -3.544  -4.226  -4.244  -0.319 
    IL   175   175 5   175     6     1     1    26    45  -2.579  -2.842  -0.760  -4.497  -5.274  -4.934  0.000  0.000  0.000  0.000 
    IR   176   176 6   176     5     1     1    25    44  -2.650  -0.408  -6.161  -4.329  -5.435          0.000  0.000  0.000  0.000 
                                             [ MATP   41 ]     37     46 G C - -
    MP   177   176 6   181     4     2     2    24    43  -6.957  -7.164  -0.053  -5.578                 -4.498 -2.322 -4.566  0.381 -5.147 -4.591 -0.512 -4.925 -4.225  3.585 -4.566 -0.664 -0.821 -4.250 -2.527 -3.478 
    ML   178   176 6   181     4     1     1    25    44  -3.758  -3.940  -0.507  -2.670                  0.368 -0.385 -0.191  0.094 
    MR   179   176 6   181     4     1     1    24    43  -4.809  -3.838  -1.706  -0.766                  0.368 -0.385 -0.191  0.094 
     D   180   176 6   181     4     0     0    23    42  -4.568  -4.250  -2.265  -0.520                 
    IL   181   181 5   181     4     1     1    26    45  -1.686  -2.369  -1.117  -4.855                  0.000  0.000  0.000  0.000 
    IR   182   182 6   182     3     1     1    25    44  -1.442  -0.798  -4.142                          0.000  0.000  0.000  0.000 
                                             [ MATL   42 ]     38      - G - - -
    ML   183   182 6   185     3     1     1    21    40  -7.973  -0.020  -6.627                         -0.868 -2.286  1.554 -1.691 
     D   184   182 6   185     3     0     0    20    39  -6.174  -1.687  -0.566                         
    IL   185   185 3   185     3     1     1    24    43  -1.442  -0.798  -4.142                          0.000  0.000  0.000  0.000 
                                             [ MATL   43 ]     39      - U - - -
    ML   186   185 3   188     3     1     1    20    39  -7.973  -0.020  -6.627                         -1.313 -1.225 -2.046  1.550 
     D   187   185 3   188     3     0     0    19    38  -6.174  -1.687  -0.566                         
    IL   188   188 3   188     3     1     1    23    42  -1.442  -0.798  -4.142                          0.000  0.000  0.000  0.000 
                                             [ MATL   44 ]     40      - g - - -
    ML   189   188 3   191     3     1     1    19    37  -7.973  -0.020  -6.627                         -0.216 -1.134  0.930 -0.363 
     D   190   188 3   191     3     0     0    18    37  -6.174  -1.687  -0.566                         
    IL   191   191 3   191     3     1     1    22    41  -1.442  -0.798  -4.142                          0.000  0.000  0.000  0.000 
                                             [ MATL   45 ]     41      - c - - -
    ML   192   191 3   194     3     1     1    18    36  -7.973  -0.020  -6.627                         -0.317  0.740 -1.329  0.175 
     D   193   191 3   194     3     0     0    17    36  -6.174  -1.687  -0.566                         
    IL   194   194 3   194     3     1     1    21    40  -1.442  -0.798  -4.142                          0.000  0.000  0.000  0.000 
                                             [ MATL   46 ]     42      - A - - -
    ML   195   194 3   197     3     1     1    16    35  -7.973  -0.020  -6.627                          1.723 -2.389 -2.019 -1.933 
     D   196   194 3   197     3     0     0    16    34  -6.174  -1.687  -0.566                         
    IL   197   197 3   197     3     1     1    20    38  -1.442  -0.798  -4.142                          0.000  0.000  0.000  0.000 
                                             [ MATL   47 ]     43      - U - - -
    ML   198   197 3   200     3     1     1    15    33  -7.973  -0.020  -6.627                         -1.171 -0.994 -1.904  1.479 
     D   199   197 3   200     3     0     0    15    33  -6.174  -1.687  -0.566                         
    IL   200   200 3   200     3     1     1    19    37  -1.442  -0.798  -4.142                          0.000  0.000  0.000  0.000 
                                             [ MATL   48 ]     44      - A - - -
    ML   201   200 3   203     3     1     1    13    31  -7.973  -0.020  -6.627                          1.458 -1.737 -0.917 -1.240 
     D   202   200 3   203     3     0     0    13    32  -6.174  -1.687  -0.566                         
    IL   203   203 3   203     3     1     1    18    36  -1.442  -0.798  -4.142                          0.000  0.000  0.000  0.000 
                                             [ MATL   49 ]     45      - C - - -
    ML   204   203 3   206     2     1     1     1     1       *   0.000                                 -1.178  1.429 -2.071 -0.672 
     D   205   203 3   206     2     0     0     0     0       *   0.000                                 
    IL   206   206 3   206     2     1     1    13    28  -1.823  -0.479                                  0.000  0.000  0.000  0.000 
                                             [ END    50 ]      -      - - - - -
     E   207   206 3    -1     0     0     0     0     0                                                 
//
HMMER3/f [3.1b3 | July 2016]
NAME  at_nt_ldr_rdl_round5_0001
LENG  68
MAXL  152
ALPH  RNA
RF    no
MM    no
CONS  yes
CS    yes
MAP   yes
DATE  Wed Dec 18 18:36:25 2019
COM   [1] cmbuild /home/co78wid/projects/master/results/ta_systems/ldr_rdl/2_structure_analysis/infernal_search/at_nt_ldr_rdl_cmbuild.txt /home/co78wid/projects/master/results/ta_systems/ldr_rdl/1_sequence_analysis/fold/at_nt_ldr_rdl_round5.stk
NSEQ  60
EFFN  2.706299
CKSUM 2972748833
STATS LOCAL MSV       -8.3304  0.71914
STATS LOCAL VITERBI   -8.9504  0.71914
STATS LOCAL FORWARD   -3.7768  0.71914
HMM          A        C        G        U   
            m->m     m->i     m->d     i->m     i->i     d->m     d->d
  COMPO   1.63726  1.38047  1.27421  1.29325
          1.38629  1.38629  1.38629  1.38629
          0.93464  1.21629  1.16814  0.73742  0.65075  0.00000        *
      1   1.66144  0.86510  1.90610  1.42516      3 c - - :
          1.38629  1.38629  1.38629  1.38629
          0.05423  3.63457  3.63457  1.46634  0.26236  2.92559  0.05513
      2   1.78462  1.95024  2.11094  0.56427      4 U - - :
          1.38629  1.38629  1.38629  1.38629
          0.05423  3.63457  3.63457  1.46634  0.26236  0.55213  0.85737
      3   0.67766  2.28061  1.48045  1.81746      5 A - - :
          1.38629  1.38629  1.38629  1.38629
          0.04291  3.86325  3.86325  1.46634  0.26236  0.33738  1.25051
      4   2.85077  3.74839  0.12488  3.32308      6 G - - :
          1.38629  1.38629  1.38629  1.38629
          0.03848  3.96990  3.96990  1.46634  0.26236  1.26742  0.33067
      5   0.92603  2.53284  0.90200  2.13126      7 g - - :
          1.38629  1.38629  1.38629  1.38629
          0.03848  3.96990  3.96990  1.46634  0.26236  1.26742  0.33067
      6   1.91098  2.16544  2.23720  0.46107      8 U - - :
          1.38629  1.38629  1.38629  1.38629
          0.03848  3.96990  3.96990  1.46634  0.26236  0.82809  0.57427
      7   1.71392  2.08278  1.43978  0.78028      9 u - - :
          1.38629  1.38629  1.38629  1.38629
          0.03808  3.98026  3.98026  1.46634  0.26236  1.09861  0.40547
      8   3.05091  0.16448  3.62629  2.55441     10 C - - :
          1.38629  1.38629  1.38629  1.38629
          0.03808  3.98026  3.98026  1.46634  0.26236  1.09861  0.40547
      9   0.12917  3.40815  3.11596  3.12959     11 A - - :
          1.38629  1.38629  1.38629  1.38629
          0.03808  3.98026  3.98026  1.46634  0.26236  1.09861  0.40547
     10   0.35093  2.87871  1.75348  2.70923     12 A - - <
          1.38629  1.38629  1.38629  1.38629
          0.03808  3.98026  3.98026  1.46634  0.26236  1.09861  0.40547
     11   2.46585  3.23704  0.18444  3.11877     13 G - - <
          1.38629  1.38629  1.38629  1.38629
          0.03808  3.98026  3.98026  1.46634  0.26236  1.09861  0.40547
     12   0.33872  3.05010  1.69498  2.87602     14 A - - <
          1.38629  1.38629  1.38629  1.38629
          0.06665  3.98026  3.08345  1.46634  0.26236  1.09861  0.40547
     13   0.91915  2.06228  2.19494  1.01441     15 a - - -
          1.38629  1.38629  1.38629  1.38629
          0.03916  3.95276  3.95276  1.46634  0.26236  0.59649  0.80015
     14   2.57564  2.43200  3.09241  0.23491     16 U - - -
          1.38629  1.38629  1.38629  1.38629
          0.03808  3.98026  3.98026  1.46634  0.26236  1.09861  0.40547
     15   1.06112  2.37682  0.79379  2.21676     17 g - - <
          1.38629  1.38629  1.38629  1.38629
          0.03808  3.98026  3.98026  1.46634  0.26236  1.09861  0.40547
     16   2.87190  3.77214  0.12194  3.34660     18 G - - -
          1.38629  1.38629  1.38629  1.38629
          0.03808  3.98026  3.98026  1.46634  0.26236  1.09861  0.40547
     17   3.34885  0.20367  3.15465  2.23967     19 C - - <
          1.38629  1.38629  1.38629  1.38629
          0.03808  3.98026  3.98026  1.46634  0.26236  1.09861  0.40547
     18   3.24863  0.24198  3.04355  2.05231     20 C - - <
          1.38629  1.38629  1.38629  1.38629
          0.03808  3.98026  3.98026  1.46634  0.26236  1.09861  0.40547
     19   3.24529  0.24404  3.03783  2.04291     21 C - - <
          1.38629  1.38629  1.38629  1.38629
          0.03808  3.98026  3.98026  1.46634  0.26236  1.09861  0.40547
     20   3.32859  0.20756  3.13840  2.22343     22 C - - <
          1.38629  1.38629  1.38629  1.38629
          0.05259  3.98026  3.42483  1.46634  0.26236  1.09861  0.40547
     21   3.01662  0.17012  3.59242  2.52655     23 C - - -
          1.38629  1.38629  1.38629  1.38629
          0.03862  3.96629  3.96629  1.46634  0.26236  0.76438  0.62666
     22   2.61182  3.39390  0.15552  3.29535     24 G - - <
          1.38629  1.38629  1.38629  1.38629
          0.03808  3.98026  3.98026  1.46634  0.26236  1.09861  0.40547
     23   3.05738  1.62292  2.86280  0.35874     25 U - - <
          1.38629  1.38629  1.38629  1.38629
          0.03808  3.98026  3.98026  1.46634  0.26236  1.09861  0.40547
     24   1.94437  2.40735  0.49116  1.86465     26 G - - -
          1.38629  1.38629  1.38629  1.38629
          0.03808  3.98026  3.98026  1.46634  0.26236  1.09861  0.40547
     25   0.92111  2.27795  0.94645  2.19542     27 a - - <
          1.38629  1.38629  1.38629  1.38629
          0.03808  3.98026  3.98026  1.46634  0.26236  1.09861  0.40547
     26   3.08663  1.63280  2.89421  0.35152     28 U - - <
          1.38629  1.38629  1.38629  1.38629
          0.03808  3.98026  3.98026  1.46634  0.26236  1.09861  0.40547
     27   2.02303  2.83439  0.29928  2.69359     29 G - - <
          1.38629  1.38629  1.38629  1.38629
          0.03808  3.98026  3.98026  1.46634  0.26236  1.09861  0.40547
     28   3.16458  2.05066  2.93615  0.25354     30 U - - <
          1.38629  1.38629  1.38629  1.38629
          0.03808  3.98026  3.98026  1.46634  0.26236  1.09861  0.40547
     29   3.15144  1.98179  2.92340  0.26705     31 U - - <
          1.38629  1.38629  1.38629  1.38629
          0.03808  3.98026  3.98026  1.46634  0.26236  1.09861  0.40547
     30   2.69272  3.40786  0.14626  3.34501     32 G - - <
          1.38629  1.38629  1.38629  1.38629
          0.03808  3.98026  3.98026  1.46634  0.26236  1.09861  0.40547
     31   2.85125  1.58153  2.64302  0.40734     33 U - - <
          1.38629  1.38629  1.38629  1.38629
          0.05355  3.39750  3.98026  0.89111  0.52797  1.09861  0.40547
     32   3.05091  0.16448  3.62629  2.55441     35 C - - -
          1.38629  1.38629  1.38629  1.38629
          0.03808  3.98026  3.98026  1.46634  0.26236  1.09861  0.40547
     33   0.27836  2.98325  1.98289  2.90631     36 A - - <
          1.38629  1.38629  1.38629  1.38629
          0.03808  3.98026  3.98026  1.46634  0.26236  1.09861  0.40547
     34   2.46414  3.28154  0.17982  3.17178     37 G - - <
          1.38629  1.38629  1.38629  1.38629
          0.03808  3.98026  3.98026  1.46634  0.26236  1.09861  0.40547
     35   2.18372  3.27919  0.23119  2.88005     38 G - - _
          1.38629  1.38629  1.38629  1.38629
          0.03808  3.98026  3.98026  1.46634  0.26236  1.09861  0.40547
     36   2.57671  2.43363  3.09350  0.23456     39 U - - _
          1.38629  1.38629  1.38629  1.38629
          0.03808  3.98026  3.98026  1.46634  0.26236  1.09861  0.40547
     37   1.62041  2.27766  0.65268  1.72032     40 G - - _
          1.38629  1.38629  1.38629  1.38629
          0.03808  3.98026  3.98026  1.46634  0.26236  1.09861  0.40547
     38   1.68600  0.78743  2.45274  1.29583     41 c - - _
          1.38629  1.38629  1.38629  1.38629
          0.03808  3.98026  3.98026  1.46634  0.26236  1.09861  0.40547
     39   0.12917  3.40815  3.11596  3.12959     42 A - - _
          1.38629  1.38629  1.38629  1.38629
          0.03808  3.98026  3.98026  1.46634  0.26236  1.09861  0.40547
     40   2.44760  2.22345  2.96248  0.28293     43 U - - _
          1.38629  1.38629  1.38629  1.38629
          0.03808  3.98026  3.98026  1.46634  0.26236  1.09861  0.40547
     41   0.30812  2.80866  2.10258  2.49195     44 A - - _
          1.38629  1.38629  1.38629  1.38629
          0.03808  3.98026  3.98026  1.46634  0.26236  1.09861  0.40547
     42   2.48005  0.29325  3.13627  2.06371     45 C - - _
          1.38629  1.38629  1.38629  1.38629
          0.03808  3.98026  3.98026  1.46634  0.26236  1.09861  0.40547
     43   3.34998  0.20761  3.09869  2.23230     46 C - - >
          1.38629  1.38629  1.38629  1.38629
          0.13068  2.26513  3.98026  0.32771  1.27500  1.09861  0.40547
     44   3.11058  2.29388  2.78470  0.23218     48 U - - >
          1.38629  1.38629  1.38629  1.38629
          0.03808  3.98026  3.98026  1.46634  0.26236  1.09861  0.40547
     45   1.45181  2.80344  0.45873  2.61506     49 G - - >
          1.38629  1.38629  1.38629  1.38629
          0.03808  3.98026  3.98026  1.46634  0.26236  1.09861  0.40547
     46   3.53559  0.17415  3.24509  2.38900     50 C - - >
          1.38629  1.38629  1.38629  1.38629
          0.03808  3.98026  3.98026  1.46634  0.26236  1.09861  0.40547
     47   0.31227  3.09107  1.78254  2.90863     51 A - - >
          1.38629  1.38629  1.38629  1.38629
          0.03808  3.98026  3.98026  1.46634  0.26236  1.09861  0.40547
     48   0.28781  3.12165  1.88716  2.90931     52 A - - >
          1.38629  1.38629  1.38629  1.38629
          0.03808  3.98026  3.98026  1.46634  0.26236  1.09861  0.40547
     49   2.92632  0.36041  2.64776  1.72481     53 C - - >
          1.38629  1.38629  1.38629  1.38629
          0.03808  3.98026  3.98026  1.46634  0.26236  1.09861  0.40547
     50   2.02819  3.05423  0.27161  2.82823     54 G - - >
          1.38629  1.38629  1.38629  1.38629
          0.03808  3.98026  3.98026  1.46634  0.26236  1.09861  0.40547
     51   2.41285  1.56904  2.14552  0.53582     55 U - - >
          1.38629  1.38629  1.38629  1.38629
          0.03808  3.98026  3.98026  1.46634  0.26236  1.09861  0.40547
     52   1.92284  3.01786  0.29549  2.80121     56 G - - >
          1.38629  1.38629  1.38629  1.38629
          0.03808  3.98026  3.98026  1.46634  0.26236  1.09861  0.40547
     53   3.45123  0.19528  3.20887  2.25105     57 C - - >
          1.38629  1.38629  1.38629  1.38629
          0.04615  3.98026  3.63344  1.46634  0.26236  1.09861  0.40547
     54   2.50904  3.31361  0.17695  3.11347     58 G - - >
          1.38629  1.38629  1.38629  1.38629
          0.03838  3.97248  3.97248  1.46634  0.26236  0.88123  0.53490
     55   2.38330  3.20060  0.20101  3.01360     59 G - - >
          1.38629  1.38629  1.38629  1.38629
          0.03808  3.98026  3.98026  1.46634  0.26236  1.09861  0.40547
     56   2.39118  3.20982  0.19912  3.02276     60 G - - >
          1.38629  1.38629  1.38629  1.38629
          0.03808  3.98026  3.98026  1.46634  0.26236  1.09861  0.40547
     57   2.52592  3.33737  0.17310  3.13656     61 G - - >
          1.38629  1.38629  1.38629  1.38629
          0.06855  3.98026  3.04549  1.46634  0.26236  1.09861  0.40547
     58   2.39993  3.12578  0.24379  2.50441     62 G - - -
          1.38629  1.38629  1.38629  1.38629
          0.05577  3.95094  3.35216  1.46634  0.26236  0.57962  0.82124
     59   2.45824  1.58385  2.12577  0.52782     63 U - - >
          1.38629  1.38629  1.38629  1.38629
          0.03868  3.96482  3.96482  1.46634  0.26236  0.74145  0.64707
     60   2.76951  2.70660  3.29286  0.18225     64 U - - -
          1.38629  1.38629  1.38629  1.38629
          0.03808  3.98026  3.98026  1.46634  0.26236  1.09861  0.40547
     61   2.76951  2.70660  3.29286  0.18225     65 U - - -
          1.38629  1.38629  1.38629  1.38629
          0.03808  3.98026  3.98026  1.46634  0.26236  1.09861  0.40547
     62   3.09015  2.11025  2.85261  0.25411     66 U - - >
          1.38629  1.38629  1.38629  1.38629
          0.03808  3.98026  3.98026  1.46634  0.26236  1.09861  0.40547
     63   3.33924  0.24275  3.07048  2.01241     67 C - - >
          1.38629  1.38629  1.38629  1.38629
          0.03808  3.98026  3.98026  1.46634  0.26236  1.09861  0.40547
     64   2.94033  1.87727  2.68912  0.31993     68 U - - >
          1.38629  1.38629  1.38629  1.38629
          0.03808  3.98026  3.98026  1.46634  0.26236  1.09861  0.40547
     65   2.61693  0.29759  3.20474  1.93936     69 C - - :
          1.38629  1.38629  1.38629  1.38629
          0.03808  3.98026  3.98026  1.46634  0.26236  1.09861  0.40547
     66   2.42566  2.18437  2.94053  0.29277     70 U - - :
          1.38629  1.38629  1.38629  1.38629
          0.20475  3.98026  1.79297  1.46634  0.26236  1.09861  0.40547
     67   2.33334  0.38681  2.90691  1.77689     71 C - - :
          1.38629  1.38629  1.38629  1.38629
          0.04483  3.82034  3.82034  1.46634  0.26236  2.38977  0.09613
     68   2.16571  1.98349  2.67492  0.38738     72 U - - :
          1.38629  1.38629  1.38629  1.38629
          0.04164  3.19940        *  0.87903  0.53646  0.00000        *
//
