INFERNAL1/a [1.1.2 | July 2016]
NAME     t_nt_ldr_rdl_round5_0001
STATES   338
NODES    95
CLEN     108
W        126
ALPH     RNA
RF       no
CONS     yes
MAP      yes
DATE     Wed Dec 18 18:50:20 2019
COM      [1] cmbuild /home/co78wid/projects/master/results/ta_systems/ldr_rdl/2_structure_analysis/infernal_search/t_nt_ldr_rdl_cmbuild.txt /home/co78wid/projects/master/results/ta_systems/ldr_rdl/1_sequence_analysis/fold/t_nt_ldr_rdl_round5.stk
COM      [2] cmcalibrate --cpu 30 /home/co78wid/projects/master/results/ta_systems/ldr_rdl/2_structure_analysis/infernal_search/t_nt_ldr_rdl_cmbuild.txt
PBEGIN   0.05
PEND     0.05
WBETA    1e-07
QDBBETA1 1e-07
QDBBETA2 1e-15
N2OMEGA  1.52588e-05
N3OMEGA  1.52588e-05
ELSELF   -0.08926734
NSEQ     89
EFFN     1.181488
CKSUM    543832597
NULL     0.000  0.000  0.000  0.000 
EFP7GF   -5.8583 0.71842
ECMLC    0.65031    -8.08846     0.63426     1600000      348917  0.003439
ECMGC    0.39721   -16.13245    -6.05365     1600000       21914  0.018253
ECMLI    0.59085    -6.13799     2.86690     1600000      245400  0.004890
ECMGI    0.44087    -9.93992    -0.83521     1600000       22147  0.018061
CM
                                             [ ROOT    0 ]      -      - - - - -
     S     0    -1 0     1     4     0     1   126   147  -6.603  -6.810  -0.097  -4.454                 
    IL     1     1 2     1     4    20    57   129   151  -1.686  -2.369  -1.117  -4.855                  0.000  0.000  0.000  0.000 
    IR     2     2 3     2     3    20    57   128   150  -1.442  -0.798  -4.142                          0.000  0.000  0.000  0.000 
                                             [ MATL    1 ]      1      - A - - -
    ML     3     2 3     5     3    19    56   126   147  -7.622  -0.026  -6.276                          1.523 -1.700 -1.399 -1.184 
     D     4     2 3     5     3    15    52   124   145  -6.347  -1.860  -0.489                         
    IL     5     5 3     5     3    19    56   127   149  -1.442  -0.798  -4.142                          0.000  0.000  0.000  0.000 
                                             [ MATL    2 ]      2      - U - - -
    ML     6     5 3     8     3    19    55   125   146  -7.622  -0.026  -6.276                         -0.886 -0.996 -1.580  1.391 
     D     7     5 3     8     3    15    51   123   144  -6.347  -1.860  -0.489                         
    IL     8     8 3     8     3    18    55   126   148  -1.442  -0.798  -4.142                          0.000  0.000  0.000  0.000 
                                             [ MATL    3 ]      3      - G - - -
    ML     9     8 3    11     3    18    54   124   145  -7.622  -0.026  -6.276                         -0.860 -1.950  1.482 -1.335 
     D    10     8 3    11     3    15    51   122   143  -6.347  -1.860  -0.489                         
    IL    11    11 3    11     3    18    54   125   147  -1.442  -0.798  -4.142                          0.000  0.000  0.000  0.000 
                                             [ MATL    4 ]      4      - A - - -
    ML    12    11 3    14     3    17    53   123   144  -7.622  -0.026  -6.276                          1.489 -1.614 -1.321 -1.100 
     D    13    11 3    14     3    14    50   121   142  -6.347  -1.860  -0.489                         
    IL    14    14 3    14     3    17    53   124   146  -1.442  -0.798  -4.142                          0.000  0.000  0.000  0.000 
                                             [ MATL    5 ]      5      - C - - -
    ML    15    14 3    17     3    16    52   122   143  -8.038  -0.273  -2.567                         -0.959  1.320 -1.742 -0.537 
     D    16    14 3    17     3    14    50   121   141  -5.728  -0.799  -1.299                         
    IL    17    17 3    17     3    17    54   123   144  -1.925  -0.554  -4.164                          0.000  0.000  0.000  0.000 
                                             [ MATR    6 ]      -    108 - A - -
    MR    18    17 3    20     3    18    54   121   142  -7.799  -0.028  -6.116                          1.285 -1.225 -0.963 -0.682 
     D    19    17 3    20     3    12    48   119   140  -7.481  -2.342  -0.327                         
    IR    20    20 3    20     3    17    53   122   143  -1.925  -0.554  -4.164                          0.000  0.000  0.000  0.000 
                                             [ MATR    7 ]      -    107 - A - -
    MR    21    20 3    23     3    18    54   120   141  -7.820  -0.027  -6.137                          1.310 -1.266 -1.001 -0.724 
     D    22    20 3    23     3    12    47   117   138  -7.423  -2.601  -0.270                         
    IR    23    23 3    23     3    17    53   121   142  -1.925  -0.554  -4.164                          0.000  0.000  0.000  0.000 
                                             [ MATR    8 ]      -    106 - U - -
    MR    24    23 3    26     3    18    53   119   140  -7.820  -0.027  -6.137                         -0.507 -0.706 -1.162  1.161 
     D    25    23 3    26     3    12    47   116   137  -7.423  -2.601  -0.270                         
    IR    26    26 3    26     3    16    52   120   141  -1.925  -0.554  -4.164                          0.000  0.000  0.000  0.000 
                                             [ MATR    9 ]      -    105 - G - -
    MR    27    26 3    29     3    17    53   118   139  -7.820  -0.027  -6.137                         -0.262 -1.303  1.101 -0.700 
     D    28    26 3    29     3    12    46   115   136  -7.423  -2.601  -0.270                         
    IR    29    29 3    29     3    16    52   119   140  -1.925  -0.554  -4.164                          0.000  0.000  0.000  0.000 
                                             [ MATR   10 ]      -    104 - A - -
    MR    30    29 3    32     3    17    52   117   138  -7.820  -0.027  -6.137                          1.310 -1.266 -1.001 -0.724 
     D    31    29 3    32     3    11    46   114   135  -7.423  -2.601  -0.270                         
    IR    32    32 3    32     3    16    51   118   139  -1.925  -0.554  -4.164                          0.000  0.000  0.000  0.000 
                                             [ MATR   11 ]      -    103 - A - -
    MR    33    32 3    35     3    17    52   116   137  -7.820  -0.027  -6.137                          1.310 -1.266 -1.001 -0.724 
     D    34    32 3    35     3    11    45   113   134  -7.423  -2.601  -0.270                         
    IR    35    35 3    35     3    15    51   117   138  -1.925  -0.554  -4.164                          0.000  0.000  0.000  0.000 
                                             [ MATR   12 ]      -    102 - G - -
    MR    36    35 3    38     3    16    51   115   136  -7.820  -0.027  -6.137                         -0.401 -1.388  1.189 -0.786 
     D    37    35 3    38     3    11    45   112   133  -7.423  -2.601  -0.270                         
    IR    38    38 3    38     3    15    50   116   137  -1.925  -0.554  -4.164                          0.000  0.000  0.000  0.000 
                                             [ MATR   13 ]      -    101 - G - -
    MR    39    38 3    41     3    16    50   114   135  -7.820  -0.027  -6.137                         -0.263 -1.303  1.102 -0.700 
     D    40    38 3    41     3    10    45   111   132  -7.423  -2.601  -0.270                         
    IR    41    41 3    41     3    15    50   115   136  -1.925  -0.554  -4.164                          0.000  0.000  0.000  0.000 
                                             [ MATR   14 ]      -    100 - c - -
    MR    42    41 3    44     3    15    49   113   134  -7.820  -0.027  -6.137                         -0.498  0.992 -1.242 -0.184 
     D    43    41 3    44     3    10    44   110   131  -7.423  -2.601  -0.270                         
    IR    44    44 3    44     3    14    49   114   135  -1.925  -0.554  -4.164                          0.000  0.000  0.000  0.000 
                                             [ MATR   15 ]      -     99 - G - -
    MR    45    44 3    47     3    15    49   112   133  -7.820  -0.027  -6.137                         -0.196 -1.262  1.054 -0.659 
     D    46    44 3    47     3    10    44   109   130  -7.423  -2.601  -0.270                         
    IR    47    47 3    47     3    14    48   113   134  -1.925  -0.554  -4.164                          0.000  0.000  0.000  0.000 
                                             [ MATR   16 ]      -     98 - A - -
    MR    48    47 3    50     3    14    48   111   132  -7.820  -0.027  -6.137                          1.310 -1.266 -1.001 -0.724 
     D    49    47 3    50     3    10    44   108   129  -7.423  -2.601  -0.270                         
    IR    50    50 3    50     3    13    48   112   133  -1.925  -0.554  -4.164                          0.000  0.000  0.000  0.000 
                                             [ MATR   17 ]      -     97 - A - -
    MR    51    50 3    53     3    13    47   110   131  -7.820  -0.027  -6.137                          1.310 -1.266 -1.001 -0.724 
     D    52    50 3    53     3     9    43   108   128  -7.423  -2.601  -0.270                         
    IR    53    53 3    53     3    13    47   111   132  -1.925  -0.554  -4.164                          0.000  0.000  0.000  0.000 
                                             [ MATR   18 ]      -     96 - c - -
    MR    54    53 3    56     3    12    46   109   130  -7.820  -0.027  -6.137                         -0.313  0.576 -1.047  0.287 
     D    55    53 3    56     3     9    43   107   128  -7.423  -2.601  -0.270                         
    IR    56    56 3    56     3    12    46   110   131  -1.925  -0.554  -4.164                          0.000  0.000  0.000  0.000 
                                             [ MATR   19 ]      -     95 - A - -
    MR    57    56 3    59     3    11    45   108   129  -7.820  -0.027  -6.137                          1.310 -1.266 -1.001 -0.724 
     D    58    56 3    59     3     9    43   106   127  -7.423  -2.601  -0.270                         
    IR    59    59 3    59     3    11    45   109   130  -1.925  -0.554  -4.164                          0.000  0.000  0.000  0.000 
                                             [ MATR   20 ]      -     94 - A - -
    MR    60    59 3    62     3    10    44   107   128  -7.820  -0.027  -6.137                          1.310 -1.266 -1.001 -0.724 
     D    61    59 3    62     3     9    42   106   126  -7.423  -0.967  -1.051                         
    IR    62    62 3    62     3    10    44   108   129  -1.925  -0.554  -4.164                          0.000  0.000  0.000  0.000 
                                             [ MATR   21 ]      -     93 - G - -
    MR    63    62 3    65     2     9    43   106   127  -7.865  -0.006                                 -0.750 -1.817  1.426 -1.203 
     D    64    62 3    65     2     8    42   105   126  -4.867  -0.050                                 
    IR    65    65 3    65     2    10    43   107   128  -1.823  -0.479                                  0.000  0.000  0.000  0.000 
                                             [ BIF    22 ]      -      - - - - -
     B    66    65 3   244    67     8    42   105   126                                                 
                                             [ BEGR   52 ]      -      - - - - -
     S    67    66 1    68     3     0    18    75    95  -7.647  -0.045  -5.271                         
    IL    68    68 2    68     3     1    18    77    98  -1.442  -0.798  -4.142                          0.000  0.000  0.000  0.000 
                                             [ MATL   53 ]     35      - A - - -
    ML    69    68 2    71     3     1    18    75    95  -7.628  -0.026  -6.282                          1.527 -1.711 -1.409 -1.196 
     D    70    68 2    71     3     0    12    73    93  -6.309  -1.822  -0.505                         
    IL    71    71 3    71     3     1    17    76    97  -1.442  -0.798  -4.142                          0.000  0.000  0.000  0.000 
                                             [ MATL   54 ]     36      - u - - -
    ML    72    71 3    74     3     1    17    74    94  -7.628  -0.026  -6.282                         -0.450  0.253 -1.190  0.712 
     D    73    71 3    74     3     0    12    72    92  -6.309  -1.822  -0.505                         
    IL    74    74 3    74     3     1    17    75    96  -1.442  -0.798  -4.142                          0.000  0.000  0.000  0.000 
                                             [ MATL   55 ]     37      - G - - -
    ML    75    74 3    77     3     1    17    73    93  -7.628  -0.026  -6.282                         -0.872 -1.964  1.488 -1.349 
     D    76    74 3    77     3     0    11    71    91  -6.309  -1.822  -0.505                         
    IL    77    77 3    77     3     1    16    74    95  -1.442  -0.798  -4.142                          0.000  0.000  0.000  0.000 
                                             [ MATL   56 ]     38      - A - - -
    ML    78    77 3    80     3     1    16    72    92  -7.628  -0.026  -6.282                          1.527 -1.711 -1.409 -1.196 
     D    79    77 3    80     3     0    11    70    90  -6.309  -1.822  -0.505                         
    IL    80    80 3    80     3     1    15    73    94  -1.442  -0.798  -4.142                          0.000  0.000  0.000  0.000 
                                             [ MATL   57 ]     39      - U - - -
    ML    81    80 3    83     3     1    15    70    90  -7.628  -0.026  -6.282                         -0.896 -1.003 -1.590  1.396 
     D    82    80 3    83     3     0    10    69    89  -6.309  -1.822  -0.505                         
    IL    83    83 3    83     3     1    14    72    93  -1.442  -0.798  -4.142                          0.000  0.000  0.000  0.000 
                                             [ MATL   58 ]     40      - U - - -
    ML    84    83 3    86     3     1    15    69    89  -7.628  -0.026  -6.282                         -0.896 -1.003 -1.590  1.396 
     D    85    83 3    86     3     0     9    68    88  -6.309  -1.426  -0.701                         
    IL    86    86 3    86     3     1    14    71    92  -1.442  -0.798  -4.142                          0.000  0.000  0.000  0.000 
                                             [ MATL   59 ]     41      - U - - -
    ML    87    86 3    89     5     1    14    68    88  -6.821  -0.060  -5.746  -6.849  -7.740         -0.928 -1.028 -1.625  1.411 
     D    88    86 3    89     5     0     8    67    87  -4.959  -0.803  -4.221  -2.596  -2.508         
    IL    89    89 3    89     5     1    12    69    89  -2.408  -0.496  -4.087  -5.920  -5.193          0.000  0.000  0.000  0.000 
                                             [ MATP   60 ]     42     92 a u - -
    MP    90    89 3    94     6     2    14    67    87  -8.980  -8.920  -0.023  -7.696  -7.976  -8.371 -3.315 -2.479 -3.360  2.889 -3.464 -4.498  0.811 -3.425 -3.278  1.604 -3.801 -0.046  0.388 -3.763 -1.135 -2.228 
    ML    91    89 3    94     6     1     9    66    86  -6.313  -6.659  -1.373  -0.944  -6.509  -4.038  0.533 -0.499 -0.209 -0.029 
    MR    92    89 3    94     6     1    10    66    86  -6.988  -5.717  -1.625  -5.695  -0.829  -3.908  0.368 -0.385 -0.191  0.094 
     D    93    89 3    94     6     0     5    63    83  -9.049  -7.747  -3.544  -4.226  -4.244  -0.319 
    IL    94    94 5    94     6     1    11    67    87  -2.579  -2.842  -0.760  -4.497  -5.274  -4.934  0.000  0.000  0.000  0.000 
    IR    95    95 6    95     5     1    11    67    87  -2.408  -0.496  -5.920  -4.087  -5.193          0.000  0.000  0.000  0.000 
                                             [ MATP   61 ]     43     91 G C - -
    MP    96    95 6   100     6     2    12    65    85  -8.980  -8.920  -0.023  -7.696  -7.976  -8.371 -4.020 -2.733 -4.091  0.683 -4.379 -4.413  0.115 -4.318 -3.834  3.413 -4.232 -0.301 -0.242 -3.980 -1.889 -2.982 
    ML    97    95 6   100     6     1     8    64    84  -6.313  -6.659  -1.222  -1.068  -6.509  -4.038  0.372 -0.523  0.079 -0.068 
    MR    98    95 6   100     6     1     9    64    84  -6.988  -5.717  -1.625  -5.695  -0.829  -3.908  0.368 -0.385 -0.191  0.094 
     D    99    95 6   100     6     0     5    62    82  -9.049  -7.747  -3.544  -4.226  -4.244  -0.319 
    IL   100   100 5   100     6     1    10    65    85  -2.579  -2.842  -0.760  -4.497  -5.274  -4.934  0.000  0.000  0.000  0.000 
    IR   101   101 6   101     5     1    10    65    85  -2.408  -0.496  -5.920  -4.087  -5.193          0.000  0.000  0.000  0.000 
                                             [ MATP   62 ]     44     90 C G - -
    MP   102   101 6   106     4     2    10    63    83  -6.551  -7.797  -0.101  -4.250                 -3.889 -3.761 -3.682 -0.060 -2.551 -4.168  3.276 -3.300 -3.721  0.282 -4.044 -1.732  1.022 -3.988 -0.162 -2.584 
    ML   103   101 6   106     4     1     7    63    83  -2.408  -4.532  -1.293  -1.473                  0.368 -0.385 -0.191  0.094 
    MR   104   101 6   106     4     1     8    62    82  -4.102 -12.528  -0.390  -2.485                  0.368 -0.385 -0.191  0.094 
     D   105   101 6   106     4     0     5    61    81 -12.737 -14.007  -2.036  -0.404                 
    IL   106   106 5   106     4     1     8    63    83  -2.817  -4.319  -0.613  -2.698                  0.000  0.000  0.000  0.000 
    IR   107   107 6   107     3     1     9    63    83  -1.925  -0.554  -4.164                          0.000  0.000  0.000  0.000 
                                             [ MATR   63 ]      -     89 - G - -
    MR   108   107 6   110     5     1     9    61    81  -6.821  -0.047  -6.636  -6.849  -7.740         -0.690 -1.648  1.377 -1.109 
     D   109   107 6   110     5     0     4    60    80  -5.352  -0.707  -2.978  -4.409  -2.404         
    IR   110   110 3   110     5     1     7    62    82  -2.408  -0.496  -5.920  -4.087  -5.193          0.000  0.000  0.000  0.000 
                                             [ MATP   64 ]     45     88 g u - -
    MP   111   110 3   115     6     2     9    60    80  -8.986  -8.925  -0.023  -7.701  -7.981  -8.376 -3.193 -2.158 -3.327  1.487 -3.774 -4.491  0.527 -3.437 -3.126  1.874 -3.635  2.439  0.200 -3.733 -1.402 -2.133 
    ML   112   110 3   115     6     1     5    59    80  -6.250  -6.596  -1.310  -1.005  -6.446  -3.975  0.368 -0.385 -0.191  0.094 
    MR   113   110 3   115     6     1     4    59    79  -6.988  -5.717  -1.625  -5.695  -0.829  -3.908  0.368 -0.385 -0.191  0.094 
     D   114   110 3   115     6     0     2    57    78  -9.049  -7.747  -3.544  -4.226  -4.244  -0.319 
    IL   115   115 5   115     6     1     6    60    80  -2.579  -2.842  -0.760  -4.497  -5.274  -4.934  0.000  0.000  0.000  0.000 
    IR   116   116 6   116     5     1     6    60    80  -2.408  -0.496  -5.920  -4.087  -5.193          0.000  0.000  0.000  0.000 
                                             [ MATP   65 ]     46     87 G C - -
    MP   117   116 6   121     4     2     7    58    78  -6.603  -6.810  -0.068  -5.225                 -3.932 -2.413 -3.998  0.739 -4.360 -4.359  0.119 -4.277 -3.796  3.390 -4.195 -0.276 -0.202 -3.884 -1.871 -2.910 
    ML   118   116 6   121     4     1     4    59    79  -3.758  -3.940  -0.507  -2.670                  0.368 -0.385 -0.191  0.094 
    MR   119   116 6   121     4     1     3    58    78  -4.809  -3.838  -1.706  -0.766                  0.368 -0.385 -0.191  0.094 
     D   120   116 6   121     4     0     1    57    77  -4.568  -4.250  -2.265  -0.520                 
    IL   121   121 5   121     4     1     6    60    80  -1.686  -2.369  -1.117  -4.855                  0.000  0.000  0.000  0.000 
    IR   122   122 6   122     3     1     5    59    79  -1.442  -0.798  -4.142                          0.000  0.000  0.000  0.000 
                                             [ MATL   66 ]     47      - C - - -
    ML   123   122 6   125     3     1     6    56    76  -8.061  -0.023  -6.379                         -0.893  1.254 -1.678 -0.390 
     D   124   122 6   125     3     0     1    55    74  -5.620  -0.734  -1.403                         
    IL   125   125 3   125     3     1     4    57    76  -1.925  -0.554  -4.164                          0.000  0.000  0.000  0.000 
                                             [ MATR   67 ]      -     86 - A - -
    MR   126   125 3   128     5     1     5    55    75  -6.821  -0.047  -6.636  -6.849  -7.740          1.147 -1.241 -0.430 -0.688 
     D   127   125 3   128     5     0     0    54    73  -5.352  -0.707  -2.978  -4.409  -2.404         
    IR   128   128 3   128     5     1     3    55    75  -2.408  -0.496  -5.920  -4.087  -5.193          0.000  0.000  0.000  0.000 
                                             [ MATP   68 ]     48     85 u a - -
    MP   129   128 3   133     6     2     5    54    74  -8.986  -8.925  -0.023  -7.701  -7.981  -8.376 -2.809 -3.090 -3.260  0.490 -2.604 -3.986  1.654 -3.167 -3.281  0.865 -3.752 -1.093  2.835 -3.446 -0.262 -2.196 
    ML   130   128 3   133     6     1     2    53    73  -6.250  -6.596  -1.310  -1.005  -6.446  -3.975  0.368 -0.385 -0.191  0.094 
    MR   131   128 3   133     6     1     2    53    73  -6.988  -5.717  -1.625  -5.695  -0.829  -3.908  0.368 -0.385 -0.191  0.094 
     D   132   128 3   133     6     0     0    51    71  -9.049  -7.747  -3.544  -4.226  -4.244  -0.319 
    IL   133   133 5   133     6     1     2    54    73  -2.579  -2.842  -0.760  -4.497  -5.274  -4.934  0.000  0.000  0.000  0.000 
    IR   134   134 6   134     5     1     2    53    73  -2.408  -0.496  -5.920  -4.087  -5.193          0.000  0.000  0.000  0.000 
                                             [ MATP   69 ]     49     84 C G - -
    MP   135   134 6   139     4     2     3    52    72  -6.603  -6.810  -0.068  -5.225                 -3.711 -3.575 -3.580  0.090 -2.573 -4.137  3.226 -2.668 -3.611  0.408 -3.975 -1.554  1.049 -3.851 -0.280 -2.496 
    ML   136   134 6   139     4     1     1    52    72  -3.758  -3.940  -0.507  -2.670                  0.368 -0.385 -0.191  0.094 
    MR   137   134 6   139     4     1     1    52    72  -4.809  -3.838  -1.706  -0.766                  0.368 -0.385 -0.191  0.094 
     D   138   134 6   139     4     0     0    51    71  -4.568  -4.250  -2.265  -0.520                 
    IL   139   139 5   139     4     1     2    54    73  -1.686  -2.369  -1.117  -4.855                  0.000  0.000  0.000  0.000 
    IR   140   140 6   140     3     1     2    53    72  -1.442  -0.798  -4.142                          0.000  0.000  0.000  0.000 
                                             [ MATL   70 ]     50      - C - - -
    ML   141   140 6   143     3     1     2    50    69  -8.061  -0.023  -6.379                         -0.961  1.310 -1.747 -0.498 
     D   142   140 6   143     3     0     0    48    68  -5.620  -0.734  -1.403                         
    IL   143   143 3   143     3     1     1    50    70  -1.925  -0.554  -4.164                          0.000  0.000  0.000  0.000 
                                             [ MATR   71 ]      -     83 - U - -
    MR   144   143 3   146     3     1     2    49    68  -8.061  -0.023  -6.379                         -0.928 -1.028 -1.625  1.411 
     D   145   143 3   146     3     0     0    47    66  -6.390  -1.568  -0.620                         
    IR   146   146 3   146     3     1     1    49    69  -1.925  -0.554  -4.164                          0.000  0.000  0.000  0.000 
                                             [ MATR   72 ]      -     82 - G - -
    MR   147   146 3   149     5     1     1    47    67  -6.821  -0.047  -6.636  -6.849  -7.740         -0.623 -1.681  1.365 -1.112 
     D   148   146 3   149     5     0     0    46    66  -5.352  -0.707  -2.978  -4.409  -2.404         
    IR   149   149 3   149     5     1     1    48    67  -2.408  -0.496  -5.920  -4.087  -5.193          0.000  0.000  0.000  0.000 
                                             [ MATP   73 ]     51     81 g c - -
    MP   150   149 3   154     6     2     2    46    66  -8.986  -8.925  -0.023  -7.701  -7.981  -8.376 -2.901 -1.600 -2.943  1.541 -3.171 -3.736  1.021 -2.916 -3.068  2.651 -3.520  0.098  0.731 -3.007 -0.866 -1.954 
    ML   151   149 3   154     6     1     1    45    65  -6.250  -6.596  -1.310  -1.005  -6.446  -3.975  0.368 -0.385 -0.191  0.094 
    MR   152   149 3   154     6     1     1    45    64  -6.988  -5.717  -1.625  -5.695  -0.829  -3.908  0.368 -0.385 -0.191  0.094 
     D   153   149 3   154     6     0     0    43    62  -9.049  -7.747  -3.544  -4.226  -4.244  -0.319 
    IL   154   154 5   154     6     1     1    46    66  -2.579  -2.842  -0.760  -4.497  -5.274  -4.934  0.000  0.000  0.000  0.000 
    IR   155   155 6   155     5     1     1    46    65  -2.408  -0.496  -5.920  -4.087  -5.193          0.000  0.000  0.000  0.000 
                                             [ MATP   74 ]     52     80 g u - -
    MP   156   155 6   160     6     2     2    44    64  -8.986  -8.925  -0.023  -7.701  -7.981  -8.376 -3.120 -2.151 -3.244  1.720 -3.672 -4.361  0.596 -3.399 -3.095  1.966 -3.605  2.161  0.299 -3.588 -1.321 -2.087 
    ML   157   155 6   160     6     1     1    43    63  -6.250  -6.596  -1.310  -1.005  -6.446  -3.975  0.368 -0.385 -0.191  0.094 
    MR   158   155 6   160     6     1     1    43    62  -6.988  -5.717  -1.625  -5.695  -0.829  -3.908  0.368 -0.385 -0.191  0.094 
     D   159   155 6   160     6     0     0    41    60  -9.049  -7.747  -3.544  -4.226  -4.244  -0.319 
    IL   160   160 5   160     6     1     1    44    64  -2.579  -2.842  -0.760  -4.497  -5.274  -4.934  0.000  0.000  0.000  0.000 
    IR   161   161 6   161     5     1     1    44    63  -2.408  -0.496  -5.920  -4.087  -5.193          0.000  0.000  0.000  0.000 
                                             [ MATP   75 ]     53     79 u a - -
    MP   162   161 6   166     6     2     2    42    62  -8.986  -8.925  -0.023  -7.701  -7.981  -8.376 -3.389 -3.254 -3.292  0.405 -2.354 -3.890  2.141 -3.024 -3.319  0.770 -3.718 -1.234  2.585 -3.537 -0.048 -2.207 
    ML   163   161 6   166     6     1     1    41    61  -6.250  -6.596  -1.310  -1.005  -6.446  -3.975  0.368 -0.385 -0.191  0.094 
    MR   164   161 6   166     6     1     1    41    61  -6.988  -5.717  -1.625  -5.695  -0.829  -3.908  0.368 -0.385 -0.191  0.094 
     D   165   161 6   166     6     0     0    39    58  -9.049  -7.747  -3.544  -4.226  -4.244  -0.319 
    IL   166   166 5   166     6     1     1    42    62  -2.579  -2.842  -0.760  -4.497  -5.274  -4.934  0.000  0.000  0.000  0.000 
    IR   167   167 6   167     5     1     1    42    61  -2.408  -0.496  -5.920  -4.087  -5.193          0.000  0.000  0.000  0.000 
                                             [ MATP   76 ]     54     78 C G - -
    MP   168   167 6   172     6     2     2    40    60  -8.986  -8.925  -0.023  -7.701  -7.981  -8.376 -3.498 -3.400 -3.403  0.247 -2.441 -3.983  3.072 -2.560 -3.431  0.564 -3.818 -1.421  1.208 -3.646  0.142 -2.326 
    ML   169   167 6   172     6     1     1    40    59  -6.250  -6.596  -1.310  -1.005  -6.446  -3.975  0.368 -0.385 -0.191  0.094 
    MR   170   167 6   172     6     1     1    39    59  -6.988  -5.717  -1.625  -5.695  -0.829  -3.908  0.368 -0.385 -0.191  0.094 
     D   171   167 6   172     6     0     0    38    57  -9.049  -7.747  -3.544  -4.226  -4.244  -0.319 
    IL   172   172 5   172     6     1     1    40    60  -2.579  -2.842  -0.760  -4.497  -5.274  -4.934  0.000  0.000  0.000  0.000 
    IR   173   173 6   173     5     1     1    40    59  -2.408  -0.496  -5.920  -4.087  -5.193          0.000  0.000  0.000  0.000 
                                             [ MATP   77 ]     55     77 a u - -
    MP   174   173 6   178     4     2     2    38    58  -6.603  -6.810  -0.068  -5.225                 -3.332 -2.491 -3.376  2.911 -3.489 -4.523  0.787 -3.441 -3.294  1.584 -3.817 -0.054  0.364 -3.785 -1.159 -2.243 
    ML   175   173 6   178     4     1     1    39    58  -3.758  -3.940  -0.507  -2.670                  0.368 -0.385 -0.191  0.094 
    MR   176   173 6   178     4     1     1    38    58  -4.809  -3.838  -1.706  -0.766                  0.368 -0.385 -0.191  0.094 
     D   177   173 6   178     4     0     0    37    57  -4.568  -4.250  -2.265  -0.520                 
    IL   178   178 5   178     4     1     1    40    60  -1.686  -2.369  -1.117  -4.855                  0.000  0.000  0.000  0.000 
    IR   179   179 6   179     3     1     1    39    59  -1.442  -0.798  -4.142                          0.000  0.000  0.000  0.000 
                                             [ MATL   78 ]     56      - U - - -
    ML   180   179 6   182     3     1     1    36    55  -7.647  -0.026  -6.302                         -0.928 -1.028 -1.625  1.411 
     D   181   179 6   182     3     0     0    35    54  -6.174  -1.687  -0.566                         
    IL   182   182 3   182     3     1     1    38    58  -1.442  -0.798  -4.142                          0.000  0.000  0.000  0.000 
                                             [ MATL   79 ]     57      - U - - -
    ML   183   182 3   185     3     1     1    35    54  -8.061  -0.023  -6.379                         -0.474 -0.261 -1.214  1.010 
     D   184   182 3   185     3     0     0    34    53  -5.620  -0.734  -1.403                         
    IL   185   185 3   185     3     1     1    36    55  -1.925  -0.554  -4.164                          0.000  0.000  0.000  0.000 
                                             [ MATR   80 ]      -     76 - a - -
    MR   186   185 3   188     5     1     1    34    53  -6.821  -0.047  -6.636  -6.849  -7.740          0.667 -0.238 -0.857  0.016 
     D   187   185 3   188     5     0     0    33    52  -5.352  -0.707  -2.978  -4.409  -2.404         
    IR   188   188 3   188     5     1     1    34    53  -2.408  -0.496  -5.920  -4.087  -5.193          0.000  0.000  0.000  0.000 
                                             [ MATP   81 ]     58     75 g c - -
    MP   189   188 3   193     6     2     2    33    52  -8.986  -8.925  -0.023  -7.701  -7.981  -8.376 -2.909 -2.171 -3.008  1.291 -3.215 -3.791  0.914 -3.277 -2.120  2.535 -3.473  1.243  0.624 -3.109 -0.956 -1.995 
    ML   190   188 3   193     6     1     1    32    51  -6.250  -6.596  -1.310  -1.005  -6.446  -3.975  0.368 -0.385 -0.191  0.094 
    MR   191   188 3   193     6     1     1    31    51  -6.988  -5.717  -1.625  -5.695  -0.829  -3.908  0.368 -0.385 -0.191  0.094 
     D   192   188 3   193     6     0     0    29    49  -9.049  -7.747  -3.544  -4.226  -4.244  -0.319 
    IL   193   193 5   193     6     1     1    33    52  -2.579  -2.842  -0.760  -4.497  -5.274  -4.934  0.000  0.000  0.000  0.000 
    IR   194   194 6   194     5     1     1    32    51  -2.408  -0.496  -5.920  -4.087  -5.193          0.000  0.000  0.000  0.000 
                                             [ MATP   82 ]     59     74 C G - -
    MP   195   194 6   199     6     2     2    31    50  -8.986  -8.925  -0.023  -7.701  -7.981  -8.376 -3.942 -3.782 -3.728 -0.081 -2.597 -4.217  3.305 -3.343 -3.764  0.273 -4.083 -1.724  0.969 -4.047 -0.296 -2.627 
    ML   196   194 6   199     6     1     1    30    49  -6.250  -6.596  -1.310  -1.005  -6.446  -3.975  0.368 -0.385 -0.191  0.094 
    MR   197   194 6   199     6     1     1    30    49  -6.988  -5.717  -1.625  -5.695  -0.829  -3.908  0.368 -0.385 -0.191  0.094 
     D   198   194 6   199     6     0     0    28    48  -9.049  -7.747  -3.544  -4.226  -4.244  -0.319 
    IL   199   199 5   199     6     1     1    31    50  -2.579  -2.842  -0.760  -4.497  -5.274  -4.934  0.000  0.000  0.000  0.000 
    IR   200   200 6   200     5     1     1    30    50  -2.408  -0.496  -5.920  -4.087  -5.193          0.000  0.000  0.000  0.000 
                                             [ MATP   83 ]     60     73 u a - -
    MP   201   200 6   205     4     2     2    29    48  -6.603  -6.810  -0.068  -5.225                 -2.964 -2.864 -2.993  0.675 -2.348 -3.711  1.988 -2.916 -3.021  1.038 -2.651 -0.928  2.454 -3.174 -0.098 -1.971 
    ML   202   200 6   205     4     1     1    29    49  -3.758  -3.940  -0.507  -2.670                  0.368 -0.385 -0.191  0.094 
    MR   203   200 6   205     4     1     1    29    48  -4.809  -3.838  -1.706  -0.766                  0.368 -0.385 -0.191  0.094 
     D   204   200 6   205     4     0     0    28    47  -4.568  -4.250  -2.265  -0.520                 
    IL   205   205 5   205     4     1     1    31    50  -1.686  -2.369  -1.117  -4.855                  0.000  0.000  0.000  0.000 
    IR   206   206 6   206     3     1     1    30    49  -1.442  -0.798  -4.142                          0.000  0.000  0.000  0.000 
                                             [ MATL   84 ]     61      - G - - -
    ML   207   206 6   209     3     1     1    26    45  -8.061  -0.023  -6.379                         -0.911 -2.011  1.506 -1.396 
     D   208   206 6   209     3     0     0    25    44  -5.620  -0.734  -1.403                         
    IL   209   209 3   209     3     1     1    27    46  -1.925  -0.554  -4.164                          0.000  0.000  0.000  0.000 
                                             [ MATR   85 ]      -     72 - c - -
    MR   210   209 3   212     5     1     1    25    44  -6.821  -0.047  -6.636  -6.849  -7.740         -0.366  0.834 -0.839 -0.179 
     D   211   209 3   212     5     0     0    24    43  -5.352  -0.707  -2.978  -4.409  -2.404         
    IR   212   212 3   212     5     1     1    26    44  -2.408  -0.496  -5.920  -4.087  -5.193          0.000  0.000  0.000  0.000 
                                             [ MATP   86 ]     62     71 G C - -
    MP   213   212 3   217     6     2     2    24    43  -8.986  -8.925  -0.023  -7.701  -7.981  -8.376 -4.131 -2.808 -4.193  0.590 -4.373 -4.439  0.119 -4.377 -3.900  3.448 -4.285 -0.493 -0.287 -4.060 -1.890 -3.080 
    ML   214   212 3   217     6     1     1    24    43  -6.250  -6.596  -1.310  -1.005  -6.446  -3.975  0.368 -0.385 -0.191  0.094 
    MR   215   212 3   217     6     1     1    23    42  -6.988  -5.717  -1.625  -5.695  -0.829  -3.908  0.368 -0.385 -0.191  0.094 
     D   216   212 3   217     6     0     0    22    41  -9.049  -7.747  -3.544  -4.226  -4.244  -0.319 
    IL   217   217 5   217     6     1     1    24    43  -2.579  -2.842  -0.760  -4.497  -5.274  -4.934  0.000  0.000  0.000  0.000 
    IR   218   218 6   218     5     1     1    24    43  -2.408  -0.496  -5.920  -4.087  -5.193          0.000  0.000  0.000  0.000 
                                             [ MATP   87 ]     63     70 c g - -
    MP   219   218 6   223     4     2     2    22    41  -6.603  -6.810  -0.068  -5.225                 -3.471 -3.389 -3.342  0.271 -2.317 -3.892  2.910 -3.025 -3.372  0.581 -3.746 -1.417  1.305 -3.601  0.845 -2.258 
    ML   220   218 6   223     4     1     1    23    42  -3.758  -3.940  -0.507  -2.670                  0.368 -0.385 -0.191  0.094 
    MR   221   218 6   223     4     1     1    22    41  -4.809  -3.838  -1.706  -0.766                  0.368 -0.385 -0.191  0.094 
     D   222   218 6   223     4     0     0    21    40  -4.568  -4.250  -2.265  -0.520                 
    IL   223   223 5   223     4     1     1    24    43  -1.686  -2.369  -1.117  -4.855                  0.000  0.000  0.000  0.000 
    IR   224   224 6   224     3     1     1    23    42  -1.442  -0.798  -4.142                          0.000  0.000  0.000  0.000 
                                             [ MATL   88 ]     64      - A - - -
    ML   225   224 6   227     3     1     1    19    38  -7.647  -0.026  -6.302                          1.541 -1.748 -1.442 -1.235 
     D   226   224 6   227     3     0     0    18    37  -6.174  -1.687  -0.566                         
    IL   227   227 3   227     3     1     1    22    41  -1.442  -0.798  -4.142                          0.000  0.000  0.000  0.000 
                                             [ MATL   89 ]     65      - U - - -
    ML   228   227 3   230     3     1     1    18    36  -7.647  -0.026  -6.302                         -0.760 -0.752 -1.468  1.295 
     D   229   227 3   230     3     0     0    17    36  -6.174  -1.687  -0.566                         
    IL   230   230 3   230     3     1     1    21    40  -1.442  -0.798  -4.142                          0.000  0.000  0.000  0.000 
                                             [ MATL   90 ]     66      - U - - -
    ML   231   230 3   233     3     1     1    16    35  -7.647  -0.026  -6.302                         -0.439 -0.377 -1.197  1.040 
     D   232   230 3   233     3     0     0    16    34  -6.174  -1.687  -0.566                         
    IL   233   233 3   233     3     1     1    20    38  -1.442  -0.798  -4.142                          0.000  0.000  0.000  0.000 
                                             [ MATL   91 ]     67      - c - - -
    ML   234   233 3   236     3     1     1    15    34  -7.647  -0.026  -6.302                          0.222  0.511 -1.011 -0.131 
     D   235   233 3   236     3     0     0    15    33  -6.174  -1.687  -0.566                         
    IL   236   236 3   236     3     1     1    19    37  -1.442  -0.798  -4.142                          0.000  0.000  0.000  0.000 
                                             [ MATL   92 ]     68      - U - - -
    ML   237   236 3   239     3     1     1    13    32  -7.647  -0.026  -6.302                         -0.928 -1.028 -1.625  1.411 
     D   238   236 3   239     3     0     0    13    32  -6.174  -1.687  -0.566                         
    IL   239   239 3   239     3     1     1    18    36  -1.442  -0.798  -4.142                          0.000  0.000  0.000  0.000 
                                             [ MATL   93 ]     69      - U - - -
    ML   240   239 3   242     2     1     1     1     1       *   0.000                                 -0.619 -0.445 -1.334  1.149 
     D   241   239 3   242     2     0     0     0     0       *   0.000                                 
    IL   242   242 3   242     2     1     1    13    28  -1.823  -0.479                                  0.000  0.000  0.000  0.000 
                                             [ END    94 ]      -      - - - - -
     E   243   242 3    -1     0     0     0     0     0                                                 
                                             [ BEGL   23 ]      -      - - - - -
     S   244    66 1   245     1     0     0    45    64   0.000                                         
                                             [ BIF    24 ]      -      - - - - -
     B   245   244 1   246   296     0     0    45    64                                                 
                                             [ BEGL   25 ]      -      - - - - -
     S   246   245 1   247     4     0     0    31    50  -0.063  -6.670  -5.899  -5.969                 
                                             [ MATP   26 ]      6     21 G C - -
    MP   247   246 1   251     6     2     2    31    50  -8.977  -8.916  -0.023  -7.692  -7.972  -8.367 -4.020 -2.736 -4.090  0.679 -4.354 -4.409  0.135 -4.308 -3.830  3.413 -4.228 -0.331 -0.229 -3.981 -1.869 -2.980 
    ML   248   246 1   251     6     1     1    29    48  -6.250  -6.596  -1.310  -1.005  -6.446  -3.975  0.368 -0.385 -0.191  0.094 
    MR   249   246 1   251     6     1     1    29    48  -7.009  -5.738  -1.581  -5.716  -0.850  -3.930  0.334 -0.280 -0.264  0.116 
     D   250   246 1   251     6     0     0    27    46  -9.152  -7.850  -3.647  -4.329  -4.347  -0.295 
    IL   251   251 5   251     6     1     1    30    49  -2.579  -2.842  -0.760  -4.497  -5.274  -4.934  0.000  0.000  0.000  0.000 
    IR   252   252 6   252     5     1     1    30    49  -2.408  -0.496  -5.920  -4.087  -5.193          0.000  0.000  0.000  0.000 
                                             [ MATP   27 ]      7     20 C G - -
    MP   253   252 6   257     6     2     2    29    48  -8.979  -8.918  -0.023  -7.694  -7.974  -8.369 -3.470 -3.409 -3.360  0.248 -2.025 -3.926  3.007 -3.065 -3.390  0.537 -3.773 -1.451  1.272 -3.611  0.458 -2.283 
    ML   254   252 6   257     6     1     1    28    47  -6.250  -6.596  -1.310  -1.005  -6.446  -3.975  0.368 -0.385 -0.191  0.094 
    MR   255   252 6   257     6     1     1    28    47  -6.988  -5.717  -1.625  -5.695  -0.829  -3.908  0.368 -0.385 -0.191  0.094 
     D   256   252 6   257     6     0     0    26    45  -9.152  -7.850  -3.647  -4.329  -4.347  -0.295 
    IL   257   257 5   257     6     1     1    28    48  -2.579  -2.842  -0.760  -4.497  -5.274  -4.934  0.000  0.000  0.000  0.000 
    IR   258   258 6   258     5     1     1    28    47  -2.408  -0.496  -5.920  -4.087  -5.193          0.000  0.000  0.000  0.000 
                                             [ MATP   28 ]      8     19 u g - -
    MP   259   258 6   263     4     2     2    27    46  -6.582  -6.789  -0.069  -5.203                 -3.430 -3.333 -3.281  0.262 -2.269 -3.817  1.995 -2.971 -3.319  0.576 -3.682 -1.372  1.317 -3.568  2.398 -2.225 
    ML   260   258 6   263     4     1     1    27    46  -3.758  -3.940  -0.507  -2.670                  0.368 -0.385 -0.191  0.094 
    MR   261   258 6   263     4     1     1    27    46  -4.809  -3.838  -1.706  -0.766                  0.368 -0.385 -0.191  0.094 
     D   262   258 6   263     4     0     0    26    45  -4.665  -4.346  -2.362  -0.480                 
    IL   263   263 5   263     4     1     1    28    48  -1.686  -2.369  -1.117  -4.855                  0.000  0.000  0.000  0.000 
    IR   264   264 6   264     3     1     1    27    47  -1.442  -0.798  -4.142                          0.000  0.000  0.000  0.000 
                                             [ MATL   29 ]      9      - c - - -
    ML   265   264 6   267     3     1     1    24    43  -7.628  -0.026  -6.282                         -0.450  0.902 -0.905 -0.210 
     D   266   264 6   267     3     0     0    23    42  -6.309  -1.822  -0.505                         
    IL   267   267 3   267     3     1     1    26    45  -1.442  -0.798  -4.142                          0.000  0.000  0.000  0.000 
                                             [ MATL   30 ]     10      - G - - -
    ML   268   267 3   270     3     1     1    23    41  -7.628  -0.026  -6.282                         -0.208 -1.506  1.166 -0.895 
     D   269   267 3   270     3     0     0    21    40  -6.309  -1.822  -0.505                         
    IL   270   270 3   270     3     1     1    25    44  -1.442  -0.798  -4.142                          0.000  0.000  0.000  0.000 
                                             [ MATL   31 ]     11      - C - - -
    ML   271   270 3   273     3     1     1    21    40  -7.628  -0.026  -6.282                         -0.812  1.189 -1.593 -0.288 
     D   272   270 3   273     3     0     0    20    39  -6.309  -1.822  -0.505                         
    IL   273   273 3   273     3     1     1    24    43  -1.442  -0.798  -4.142                          0.000  0.000  0.000  0.000 
                                             [ MATL   32 ]     12      - a - - -
    ML   274   273 3   276     3     1     1    20    39  -7.628  -0.026  -6.282                          0.957 -0.949 -0.526 -0.240 
     D   275   273 3   276     3     0     0    19    38  -6.309  -1.822  -0.505                         
    IL   276   276 3   276     3     1     1    23    42  -1.442  -0.798  -4.142                          0.000  0.000  0.000  0.000 
                                             [ MATL   33 ]     13      - g - - -
    ML   277   276 3   279     3     1     1    19    38  -7.628  -0.031  -5.943                         -0.153 -0.113  0.379 -0.191 
     D   278   276 3   279     3     0     0    18    37  -6.309  -1.822  -0.505                         
    IL   279   279 3   279     3     1     1    22    41  -1.442  -0.798  -4.142                          0.000  0.000  0.000  0.000 
                                             [ MATL   34 ]     14      - A - - -
    ML   280   279 3   282     3     1     1    18    36  -7.623  -0.026  -6.277                          1.523 -1.702 -1.401 -1.186 
     D   281   279 3   282     3     0     0    17    36  -6.341  -1.743  -0.538                         
    IL   282   282 3   282     3     1     1    21    40  -1.442  -0.798  -4.142                          0.000  0.000  0.000  0.000 
                                             [ MATL   35 ]     15      - g - - -
    ML   283   282 3   285     3     1     1    16    35  -7.628  -0.026  -6.282                          0.345 -1.057  0.617 -0.483 
     D   284   282 3   285     3     0     0    16    34  -6.309  -1.822  -0.505                         
    IL   285   285 3   285     3     1     1    20    38  -1.442  -0.798  -4.142                          0.000  0.000  0.000  0.000 
                                             [ MATL   36 ]     16      - u - - -
    ML   286   285 3   288     3     1     1    15    34  -7.628  -0.026  -6.282                         -0.291  0.398 -1.097  0.483 
     D   287   285 3   288     3     0     0    15    33  -6.309  -1.822  -0.505                         
    IL   288   288 3   288     3     1     1    19    37  -1.442  -0.798  -4.142                          0.000  0.000  0.000  0.000 
                                             [ MATL   37 ]     17      - U - - -
    ML   289   288 3   291     3     1     1    13    32  -7.628  -0.031  -5.945                         -0.831 -0.901 -1.531  1.354 
     D   290   288 3   291     3     0     0    13    32  -6.309  -1.822  -0.505                         
    IL   291   291 3   291     3     1     1    18    36  -1.442  -0.798  -4.142                          0.000  0.000  0.000  0.000 
                                             [ MATL   38 ]     18      - g - - -
    ML   292   291 3   294     2     1     1     1     1       *   0.000                                  0.479 -1.156  0.562 -0.554 
     D   293   291 3   294     2     0     0     0     0       *   0.000                                 
    IL   294   294 3   294     2     1     1    13    28  -1.823  -0.479                                  0.000  0.000  0.000  0.000 
                                             [ END    39 ]      -      - - - - -
     E   295   294 3    -1     0     0     0     0     0                                                 
                                             [ BEGR   40 ]      -      - - - - -
     S   296   245 1   297     3     0     0    27    46  -7.647  -0.045  -5.271                         
    IL   297   297 2   297     3     1     1    31    50  -1.442  -0.798  -4.142                          0.000  0.000  0.000  0.000 
                                             [ MATL   41 ]     22      - A - - -
    ML   298   297 2   300     3     1     1    27    46  -7.628  -0.026  -6.282                          1.135 -1.223 -0.422 -0.668 
     D   299   297 2   300     3     0     0    26    45  -6.309  -1.822  -0.505                         
    IL   300   300 3   300     3     1     1    30    49  -1.442  -0.798  -4.142                          0.000  0.000  0.000  0.000 
                                             [ MATL   42 ]     23      - U - - -
    ML   301   300 3   303     3     1     1    26    45  -7.628  -0.026  -6.282                         -0.896 -1.003 -1.590  1.396 
     D   302   300 3   303     3     0     0    25    44  -6.309  -1.822  -0.505                         
    IL   303   303 3   303     3     1     1    28    48  -1.442  -0.798  -4.142                          0.000  0.000  0.000  0.000 
                                             [ MATL   43 ]     24      - G - - -
    ML   304   303 3   306     5     1     1    25    44  -6.805  -0.048  -6.620  -6.832  -7.724         -0.586 -1.516  1.262 -0.770 
     D   305   303 3   306     5     0     0    24    42  -5.037  -0.881  -4.298  -2.673  -2.192         
    IL   306   306 3   306     5     1     1    25    44  -2.408  -0.496  -4.087  -5.920  -5.193          0.000  0.000  0.000  0.000 
                                             [ MATP   44 ]     25     34 G C - -
    MP   307   306 3   311     6     2     2    24    43  -8.979  -8.918  -0.023  -7.694  -7.974  -8.369 -3.891 -2.395 -3.957  0.764 -4.307 -4.340  0.163 -4.232 -3.765  3.372 -4.167 -0.249 -0.159 -3.855 -1.826 -2.869 
    ML   308   306 3   311     6     1     1    23    41  -6.250  -6.596  -1.310  -1.005  -6.446  -3.975  0.368 -0.385 -0.191  0.094 
    MR   309   306 3   311     6     1     1    23    41  -6.988  -5.717  -1.625  -5.695  -0.829  -3.908  0.368 -0.385 -0.191  0.094 
     D   310   306 3   311     6     0     0    20    39  -9.152  -7.850  -3.647  -4.329  -4.347  -0.295 
    IL   311   311 5   311     6     1     1    24    42  -2.579  -2.842  -0.760  -4.497  -5.274  -4.934  0.000  0.000  0.000  0.000 
    IR   312   312 6   312     5     1     1    23    42  -2.408  -0.496  -5.920  -4.087  -5.193          0.000  0.000  0.000  0.000 
                                             [ MATP   45 ]     26     33 C G - -
    MP   313   312 6   317     6     2     2    22    41  -8.979  -8.918  -0.025  -7.694  -7.596  -8.369 -3.909 -3.745 -3.700 -0.048 -2.579 -4.192  3.287 -3.320 -3.735  0.315 -4.057 -1.685  0.990 -4.015 -0.277 -2.599 
    ML   314   312 6   317     6     1     1    21    40  -6.250  -6.596  -1.310  -1.005  -6.446  -3.975  0.368 -0.385 -0.191  0.094 
    MR   315   312 6   317     6     1     1    21    40  -6.988  -5.717  -1.625  -5.695  -0.829  -3.908  0.368 -0.385 -0.191  0.094 
     D   316   312 6   317     6     0     0    19    38  -9.152  -7.850  -3.647  -4.329  -4.347  -0.295 
    IL   317   317 5   317     6     1     1    22    41  -2.579  -2.842  -0.760  -4.497  -5.274  -4.934  0.000  0.000  0.000  0.000 
    IR   318   318 6   318     5     1     1    21    40  -2.408  -0.496  -5.920  -4.087  -5.193          0.000  0.000  0.000  0.000 
                                             [ MATP   46 ]     27     32 c g - -
    MP   319   318 6   323     4     2     2    20    39  -6.577  -6.784  -0.069  -5.198                 -3.380 -3.286 -3.298  0.349 -2.361 -3.891  2.953 -2.579 -3.324  0.666 -3.722 -1.317  1.294 -3.534  0.420 -2.225 
    ML   320   318 6   323     4     1     1    21    39  -3.758  -3.940  -0.507  -2.670                  0.368 -0.385 -0.191  0.094 
    MR   321   318 6   323     4     1     1    20    39  -4.830  -3.859  -1.660  -0.787                  0.399 -0.466 -0.049 -0.013 
     D   322   318 6   323     4     0     0    19    38  -4.665  -4.346  -2.362  -0.480                 
    IL   323   323 5   323     4     1     1    22    41  -1.686  -2.369  -1.117  -4.855                  0.000  0.000  0.000  0.000 
    IR   324   324 6   324     3     1     1    21    40  -1.442  -0.798  -4.142                          0.000  0.000  0.000  0.000 
                                             [ MATL   47 ]     28      - U - - -
    ML   325   324 6   327     3     1     1    16    35  -7.628  -0.026  -6.282                         -0.896 -1.003 -1.590  1.396 
     D   326   324 6   327     3     0     0    16    34  -6.309  -1.822  -0.505                         
    IL   327   327 3   327     3     1     1    20    38  -1.442  -0.798  -4.142                          0.000  0.000  0.000  0.000 
                                             [ MATL   48 ]     29      - U - - -
    ML   328   327 3   330     3     1     1    15    34  -7.628  -0.026  -6.282                         -0.896 -1.003 -1.590  1.396 
     D   329   327 3   330     3     0     0    15    33  -6.309  -1.822  -0.505                         
    IL   330   330 3   330     3     1     1    19    37  -1.442  -0.798  -4.142                          0.000  0.000  0.000  0.000 
                                             [ MATL   49 ]     30      - C - - -
    ML   331   330 3   333     3     1     1    13    32  -7.628  -0.026  -6.282                         -0.971  1.327 -1.755 -0.547 
     D   332   330 3   333     3     0     0    13    32  -6.309  -1.822  -0.505                         
    IL   333   333 3   333     3     1     1    18    36  -1.442  -0.798  -4.142                          0.000  0.000  0.000  0.000 
                                             [ MATL   50 ]     31      - U - - -
    ML   334   333 3   336     2     1     1     1     1       *   0.000                                 -0.896 -1.003 -1.590  1.396 
     D   335   333 3   336     2     0     0     0     0       *   0.000                                 
    IL   336   336 3   336     2     1     1    13    28  -1.823  -0.479                                  0.000  0.000  0.000  0.000 
                                             [ END    51 ]      -      - - - - -
     E   337   336 3    -1     0     0     0     0     0                                                 
//
HMMER3/f [3.1b3 | July 2016]
NAME  t_nt_ldr_rdl_round5_0001
LENG  108
MAXL  209
ALPH  RNA
RF    no
MM    no
CONS  yes
CS    yes
MAP   yes
DATE  Wed Dec 18 18:50:20 2019
COM   [1] cmbuild /home/co78wid/projects/master/results/ta_systems/ldr_rdl/2_structure_analysis/infernal_search/t_nt_ldr_rdl_cmbuild.txt /home/co78wid/projects/master/results/ta_systems/ldr_rdl/1_sequence_analysis/fold/t_nt_ldr_rdl_round5.stk
NSEQ  89
EFFN  1.561737
CKSUM 543832597
STATS LOCAL MSV       -9.3932  0.71842
STATS LOCAL VITERBI  -10.7118  0.71842
STATS LOCAL FORWARD   -3.3746  0.71842
HMM          A        C        G        U   
            m->m     m->i     m->d     i->m     i->i     d->m     d->d
  COMPO   1.44918  1.45820  1.30456  1.34212
          1.38629  1.38629  1.38629  1.38629
          0.05488  3.72046  3.53435  1.46634  0.26236  0.00000        *
      1   0.25617  2.78582  2.55526  2.44598      1 A - - :
          1.38629  1.38629  1.38629  1.38629
          0.04991  3.71549  3.71549  1.46634  0.26236  1.16457  0.37405
      2   2.19545  2.23285  2.69097  0.33736      2 U - - :
          1.38629  1.38629  1.38629  1.38629
          0.04991  3.71549  3.71549  1.46634  0.26236  1.16457  0.37405
      3   2.22056  3.02226  0.26374  2.59578      3 G - - :
          1.38629  1.38629  1.38629  1.38629
          0.04991  3.71549  3.71549  1.46634  0.26236  1.16457  0.37405
      4   0.28161  2.70003  2.47673  2.36224      4 A - - :
          1.38629  1.38629  1.38629  1.38629
          0.04991  3.71549  3.71549  1.46634  0.26236  1.16457  0.37405
      5   2.30303  0.35446  2.86160  1.95675      5 C - - :
          1.38629  1.38629  1.38629  1.38629
          0.04991  3.71549  3.71549  1.46634  0.26236  1.16457  0.37405
      6   2.25382  2.78062  0.26647  2.70420      6 G - - <
          1.38629  1.38629  1.38629  1.38629
          0.04991  3.71549  3.71549  1.46634  0.26236  0.97847  0.47142
      7   2.45648  0.58667  2.20102  1.39676      7 C - - <
          1.38629  1.38629  1.38629  1.38629
          0.04966  3.72046  3.72046  1.46634  0.26236  1.09861  0.40547
      8   2.52692  1.36987  2.26031  0.57690      8 U - - <
          1.38629  1.38629  1.38629  1.38629
          0.04966  3.72046  3.72046  1.46634  0.26236  1.09861  0.40547
      9   1.82879  0.64936  2.10461  1.63414      9 C - - _
          1.38629  1.38629  1.38629  1.38629
          0.04966  3.72046  3.72046  1.46634  0.26236  1.09861  0.40547
     10   1.61544  2.59223  0.49015  2.17326     10 G - - _
          1.38629  1.38629  1.38629  1.38629
          0.04966  3.72046  3.72046  1.46634  0.26236  1.09861  0.40547
     11   2.14378  0.45378  2.70122  1.71235     11 C - - _
          1.38629  1.38629  1.38629  1.38629
          0.04966  3.72046  3.72046  1.46634  0.26236  1.09861  0.40547
     12   0.68242  2.10347  1.77651  1.59283     12 A - - _
          1.38629  1.38629  1.38629  1.38629
          0.04966  3.72046  3.72046  1.46634  0.26236  1.09861  0.40547
     13   1.55654  1.44547  1.05305  1.58657     13 g - - _
          1.38629  1.38629  1.38629  1.38629
          0.05407  3.72046  3.56112  1.46634  0.26236  1.09861  0.40547
     14   0.25575  2.78728  2.55657  2.44757     14 A - - _
          1.38629  1.38629  1.38629  1.38629
          0.04987  3.71627  3.71627  1.46634  0.26236  0.99525  0.46145
     15   1.15015  2.19334  0.89860  1.80345     15 g - - _
          1.38629  1.38629  1.38629  1.38629
          0.04966  3.72046  3.72046  1.46634  0.26236  1.09861  0.40547
     16   1.64985  1.05534  2.22918  1.04347     16 u - - _
          1.38629  1.38629  1.38629  1.38629
          0.04966  3.72046  3.72046  1.46634  0.26236  1.09861  0.40547
     17   2.13579  2.13978  2.63351  0.36767     17 U - - _
          1.38629  1.38629  1.38629  1.38629
          0.05405  3.72046  3.56175  1.46634  0.26236  1.09861  0.40547
     18   1.04348  2.28186  0.93886  1.86687     18 g - - _
          1.38629  1.38629  1.38629  1.38629
          0.04987  3.71628  3.71628  1.46634  0.26236  0.99565  0.46122
     19   1.79150  2.42308  0.44254  2.28046     19 G - - >
          1.38629  1.38629  1.38629  1.38629
          0.04966  3.72046  3.72046  1.46634  0.26236  1.09861  0.40547
     20   1.77126  2.35877  0.46735  2.21931     20 G - - >
          1.38629  1.38629  1.38629  1.38629
          0.04966  3.72046  3.72046  1.46634  0.26236  1.09861  0.40547
     21   2.89151  0.32215  2.59523  1.92904     21 C - - >
          1.38629  1.38629  1.38629  1.38629
          0.04966  3.72046  3.72046  1.46634  0.26236  1.09861  0.40547
     22   0.54394  2.33951  1.69997  1.96269     22 A - - ,
          1.38629  1.38629  1.38629  1.38629
          0.04966  3.72046  3.72046  1.46634  0.26236  1.09861  0.40547
     23   2.20379  2.23963  2.69987  0.33421     23 U - - ,
          1.38629  1.38629  1.38629  1.38629
          0.04966  3.72046  3.72046  1.46634  0.26236  1.09861  0.40547
     24   1.94954  2.61478  0.41854  2.06774     24 G - - ,
          1.38629  1.38629  1.38629  1.38629
          0.04966  3.72046  3.72046  1.46634  0.26236  1.09861  0.40547
     25   2.15082  2.72091  0.29456  2.61815     25 G - - <
          1.38629  1.38629  1.38629  1.38629
          0.04966  3.72046  3.72046  1.46634  0.26236  1.09861  0.40547
     26   2.76406  0.37663  2.47620  1.79136     26 C - - <
          1.38629  1.38629  1.38629  1.38629
          0.05400  3.72046  3.56334  1.46634  0.26236  1.09861  0.40547
     27   2.37661  0.62453  2.10535  1.38701     27 C - - <
          1.38629  1.38629  1.38629  1.38629
          0.04987  3.71633  3.71633  1.46634  0.26236  0.99665  0.46063
     28   2.20379  2.23963  2.69987  0.33421     28 U - - _
          1.38629  1.38629  1.38629  1.38629
          0.04966  3.72046  3.72046  1.46634  0.26236  1.09861  0.40547
     29   2.20379  2.23963  2.69987  0.33421     29 U - - _
          1.38629  1.38629  1.38629  1.38629
          0.04966  3.72046  3.72046  1.46634  0.26236  1.09861  0.40547
     30   2.31397  0.35026  2.87312  1.96539     30 C - - _
          1.38629  1.38629  1.38629  1.38629
          0.04966  3.72046  3.72046  1.46634  0.26236  1.09861  0.40547
     31   2.20379  2.23963  2.69987  0.33421     31 U - - _
          1.38629  1.38629  1.38629  1.38629
          0.04966  3.72046  3.72046  1.46634  0.26236  1.09861  0.40547
     32   1.76772  2.26791  0.50208  2.11628     32 G - - >
          1.38629  1.38629  1.38629  1.38629
          0.04966  3.72046  3.72046  1.46634  0.26236  1.09861  0.40547
     33   2.06257  2.63976  0.32738  2.51720     33 G - - >
          1.38629  1.38629  1.38629  1.38629
          0.04966  3.72046  3.72046  1.46634  0.26236  1.09861  0.40547
     34   2.82950  0.34856  2.54023  1.85530     34 C - - >
          1.38629  1.38629  1.38629  1.38629
          0.04966  3.72046  3.72046  1.46634  0.26236  1.09861  0.40547
     35   0.25346  2.79518  2.56369  2.45616     35 A - - -
          1.38629  1.38629  1.38629  1.38629
          0.04966  3.72046  3.72046  1.46634  0.26236  1.09861  0.40547
     36   1.78380  1.16968  2.30824  0.86251     36 u - - -
          1.38629  1.38629  1.38629  1.38629
          0.04966  3.72046  3.72046  1.46634  0.26236  1.09861  0.40547
     37   2.23066  3.03418  0.26042  2.60774     37 G - - -
          1.38629  1.38629  1.38629  1.38629
          0.04966  3.72046  3.72046  1.46634  0.26236  1.09861  0.40547
     38   0.25346  2.79518  2.56369  2.45616     38 A - - -
          1.38629  1.38629  1.38629  1.38629
          0.04966  3.72046  3.72046  1.46634  0.26236  1.09861  0.40547
     39   2.20379  2.23963  2.69987  0.33421     39 U - - -
          1.38629  1.38629  1.38629  1.38629
          0.04966  3.72046  3.72046  1.46634  0.26236  1.09861  0.40547
     40   2.20379  2.23963  2.69987  0.33421     40 U - - -
          1.38629  1.38629  1.38629  1.38629
          0.04966  3.72046  3.72046  1.46634  0.26236  1.09861  0.40547
     41   2.23139  2.26210  2.72928  0.32404     41 U - - -
          1.38629  1.38629  1.38629  1.38629
          0.04883  3.73679  3.73679  1.46634  0.26236  1.09861  0.40547
     42   0.57200  2.28194  1.48845  2.22751     42 A - - <
          1.38629  1.38629  1.38629  1.38629
          0.04883  3.73679  3.73679  1.46634  0.26236  1.09861  0.40547
     43   2.23583  2.78166  0.26958  2.69624     43 G - - <
          1.38629  1.38629  1.38629  1.38629
          0.04883  3.73679  3.73679  1.46634  0.26236  1.09861  0.40547
     44   2.75235  0.39028  2.48211  1.73847     44 C - - <
          1.38629  1.38629  1.38629  1.38629
          0.04883  3.73679  3.73679  1.46634  0.26236  1.09861  0.40547
     45   1.61984  2.47554  0.47467  2.34483     45 G - - <
          1.38629  1.38629  1.38629  1.38629
          0.04883  3.73679  3.73679  1.46634  0.26236  1.09861  0.40547
     46   2.16666  2.74981  0.28709  2.64432     46 G - - <
          1.38629  1.38629  1.38629  1.38629
          0.04883  3.73679  3.73679  1.46634  0.26236  1.09861  0.40547
     47   2.22249  0.40702  2.78257  1.80695     47 C - - -
          1.38629  1.38629  1.38629  1.38629
          0.04883  3.73679  3.73679  1.46634  0.26236  1.09861  0.40547
     48   2.32586  1.65208  2.05064  0.54129     48 U - - <
          1.38629  1.38629  1.38629  1.38629
          0.04883  3.73679  3.73679  1.46634  0.26236  1.09861  0.40547
     49   2.63855  0.41533  2.36574  1.74562     49 C - - <
          1.38629  1.38629  1.38629  1.38629
          0.04883  3.73679  3.73679  1.46634  0.26236  1.09861  0.40547
     50   2.29438  0.36532  2.85509  1.91291     50 C - - -
          1.38629  1.38629  1.38629  1.38629
          0.04883  3.73679  3.73679  1.46634  0.26236  1.09861  0.40547
     51   1.50241  2.00275  0.70973  1.89267     51 g - - <
          1.38629  1.38629  1.38629  1.38629
          0.04883  3.73679  3.73679  1.46634  0.26236  1.09861  0.40547
     52   1.43399  2.40665  0.56591  2.26637     52 G - - <
          1.38629  1.38629  1.38629  1.38629
          0.04883  3.73679  3.73679  1.46634  0.26236  1.09861  0.40547
     53   2.37302  1.22594  2.07534  0.71784     53 u - - <
          1.38629  1.38629  1.38629  1.38629
          0.04883  3.73679  3.73679  1.46634  0.26236  1.09861  0.40547
     54   2.47023  0.53504  2.19937  1.51907     54 C - - <
          1.38629  1.38629  1.38629  1.38629
          0.04883  3.73679  3.73679  1.46634  0.26236  1.09861  0.40547
     55   0.55460  2.31080  1.50420  2.26029     55 A - - <
          1.38629  1.38629  1.38629  1.38629
          0.04883  3.73679  3.73679  1.46634  0.26236  1.09861  0.40547
     56   2.23139  2.26210  2.72928  0.32404     56 U - - -
          1.38629  1.38629  1.38629  1.38629
          0.04883  3.73679  3.73679  1.46634  0.26236  1.09861  0.40547
     57   1.80566  1.58415  2.33032  0.62877     57 U - - -
          1.38629  1.38629  1.38629  1.38629
          0.04883  3.73679  3.73679  1.46634  0.26236  1.09861  0.40547
     58   1.71500  2.08993  0.58672  1.96475     58 G - - <
          1.38629  1.38629  1.38629  1.38629
          0.04883  3.73679  3.73679  1.46634  0.26236  1.09861  0.40547
     59   2.79100  0.36551  2.50920  1.81116     59 C - - <
          1.38629  1.38629  1.38629  1.38629
          0.04883  3.73679  3.73679  1.46634  0.26236  1.09861  0.40547
     60   2.12899  1.31531  1.80640  0.80206     60 u - - <
          1.38629  1.38629  1.38629  1.38629
          0.04883  3.73679  3.73679  1.46634  0.26236  1.09861  0.40547
     61   2.26392  3.07338  0.24983  2.64709     61 G - - -
          1.38629  1.38629  1.38629  1.38629
          0.04883  3.73679  3.73679  1.46634  0.26236  1.09861  0.40547
     62   2.32201  2.80094  0.25209  2.74898     62 G - - <
          1.38629  1.38629  1.38629  1.38629
          0.04883  3.73679  3.73679  1.46634  0.26236  1.09861  0.40547
     63   2.45559  0.65542  2.19082  1.26181     63 C - - <
          1.38629  1.38629  1.38629  1.38629
          0.04883  3.73679  3.73679  1.46634  0.26236  1.09861  0.40547
     64   0.24473  2.82607  2.59148  2.48979     64 A - - _
          1.38629  1.38629  1.38629  1.38629
          0.04883  3.73679  3.73679  1.46634  0.26236  1.09861  0.40547
     65   2.06446  2.00321  2.56506  0.41355     65 U - - _
          1.38629  1.38629  1.38629  1.38629
          0.04883  3.73679  3.73679  1.46634  0.26236  1.09861  0.40547
     66   1.77897  1.67931  2.31969  0.60444     66 U - - _
          1.38629  1.38629  1.38629  1.38629
          0.04883  3.73679  3.73679  1.46634  0.26236  1.09861  0.40547
     67   1.24259  0.95839  2.17565  1.54028     67 c - - _
          1.38629  1.38629  1.38629  1.38629
          0.04883  3.73679  3.73679  1.46634  0.26236  1.09861  0.40547
     68   2.23139  2.26210  2.72928  0.32404     68 U - - _
          1.38629  1.38629  1.38629  1.38629
          0.04883  3.73679  3.73679  1.46634  0.26236  1.09861  0.40547
     69   1.93519  1.73920  2.43994  0.52294     69 U - - _
          1.38629  1.38629  1.38629  1.38629
          0.04883  3.73679  3.73679  1.46634  0.26236  1.09861  0.40547
     70   1.78061  2.35318  0.46502  2.22310     70 G - - >
          1.38629  1.38629  1.38629  1.38629
          0.04883  3.73679  3.73679  1.46634  0.26236  1.09861  0.40547
     71   2.97981  0.29226  2.63584  2.03284     71 C - - >
          1.38629  1.38629  1.38629  1.38629
          0.04883  3.73679  3.73679  1.46634  0.26236  1.09861  0.40547
     72   1.74839  0.70492  2.04240  1.59910     72 c - - -
          1.38629  1.38629  1.38629  1.38629
          0.04883  3.73679  3.73679  1.46634  0.26236  1.09861  0.40547
     73   0.92023  2.00302  1.14411  1.90961     73 a - - >
          1.38629  1.38629  1.38629  1.38629
          0.04883  3.73679  3.73679  1.46634  0.26236  1.09861  0.40547
     74   2.08628  2.67740  0.31593  2.55107     74 G - - >
          1.38629  1.38629  1.38629  1.38629
          0.04883  3.73679  3.73679  1.46634  0.26236  1.09861  0.40547
     75   2.12745  0.93265  1.90303  1.08402     75 c - - >
          1.38629  1.38629  1.38629  1.38629
          0.04883  3.73679  3.73679  1.46634  0.26236  1.09861  0.40547
     76   0.89000  1.54122  2.03922  1.40611     76 a - - -
          1.38629  1.38629  1.38629  1.38629
          0.04883  3.73679  3.73679  1.46634  0.26236  1.09861  0.40547
     77   2.49238  1.75300  2.12715  0.47023     77 U - - >
          1.38629  1.38629  1.38629  1.38629
          0.04883  3.73679  3.73679  1.46634  0.26236  1.09861  0.40547
     78   1.84975  2.36253  0.44966  2.20099     78 G - - >
          1.38629  1.38629  1.38629  1.38629
          0.04883  3.73679  3.73679  1.46634  0.26236  1.09861  0.40547
     79   0.82707  2.23884  1.08421  2.13773     79 a - - >
          1.38629  1.38629  1.38629  1.38629
          0.04883  3.73679  3.73679  1.46634  0.26236  1.09861  0.40547
     80   2.48849  1.44077  2.21405  0.56043     80 U - - >
          1.38629  1.38629  1.38629  1.38629
          0.04883  3.73679  3.73679  1.46634  0.26236  1.09861  0.40547
     81   2.13640  0.80297  1.83211  1.29518     81 c - - >
          1.38629  1.38629  1.38629  1.38629
          0.04883  3.73679  3.73679  1.46634  0.26236  1.09861  0.40547
     82   1.98290  2.74975  0.34955  2.37110     82 G - - -
          1.38629  1.38629  1.38629  1.38629
          0.04883  3.73679  3.73679  1.46634  0.26236  1.09861  0.40547
     83   2.23139  2.26210  2.72928  0.32404     83 U - - -
          1.38629  1.38629  1.38629  1.38629
          0.04883  3.73679  3.73679  1.46634  0.26236  1.09861  0.40547
     84   2.00919  2.53407  0.36749  2.36344     84 G - - >
          1.38629  1.38629  1.38629  1.38629
          0.04883  3.73679  3.73679  1.46634  0.26236  1.09861  0.40547
     85   0.60981  2.21894  1.47314  2.13187     85 A - - >
          1.38629  1.38629  1.38629  1.38629
          0.04883  3.73679  3.73679  1.46634  0.26236  1.09861  0.40547
     86   0.53540  2.35538  1.70576  1.97998     86 A - - -
          1.38629  1.38629  1.38629  1.38629
          0.04883  3.73679  3.73679  1.46634  0.26236  1.09861  0.40547
     87   2.87146  0.33561  2.57893  1.87977     87 C - - >
          1.38629  1.38629  1.38629  1.38629
          0.04883  3.73679  3.73679  1.46634  0.26236  1.09861  0.40547
     88   2.57219  1.54202  2.28855  0.49714     88 U - - >
          1.38629  1.38629  1.38629  1.38629
          0.04883  3.73679  3.73679  1.46634  0.26236  1.09861  0.40547
     89   2.04867  2.72395  0.33896  2.37547     89 G - - -
          1.38629  1.38629  1.38629  1.38629
          0.04883  3.73679  3.73679  1.46634  0.26236  1.09861  0.40547
     90   2.03331  2.64569  0.33179  2.51946     90 G - - >
          1.38629  1.38629  1.38629  1.38629
          0.06196  3.73679  3.31722  1.46634  0.26236  1.09861  0.40547
     91   2.91557  0.31998  2.61136  1.92259     91 C - - >
          1.38629  1.38629  1.38629  1.38629
          0.04946  3.72429  3.72429  1.46634  0.26236  1.25883  0.33406
     92   2.46253  1.73382  2.10173  0.48463     92 U - - >
          1.38629  1.38629  1.38629  1.38629
          0.09170  3.70775  2.76325  1.46634  0.26236  1.25883  0.33406
     93   2.12572  2.90978  0.29749  2.48309     93 G - - :
          1.38629  1.38629  1.38629  1.38629
          0.22324  3.66843  1.74549  1.46634  0.26236  1.62784  0.21860
     94   0.39888  2.40942  2.21468  2.04120     94 A - - :
          1.38629  1.38629  1.38629  1.38629
          0.06184  3.50704  3.50704  1.46634  0.26236  2.39187  0.09591
     95   0.39888  2.40942  2.21468  2.04120     95 A - - :
          1.38629  1.38629  1.38629  1.38629
          0.06184  3.50704  3.50704  1.46634  0.26236  2.39187  0.09591
     96   1.67925  0.91292  2.19839  1.20013     96 c - - :
          1.38629  1.38629  1.38629  1.38629
          0.06184  3.50704  3.50704  1.46634  0.26236  2.39187  0.09591
     97   0.39888  2.40942  2.21468  2.04120     97 A - - :
          1.38629  1.38629  1.38629  1.38629
          0.06184  3.50704  3.50704  1.46634  0.26236  2.39187  0.09591
     98   0.39888  2.40942  2.21468  2.04120     98 A - - :
          1.38629  1.38629  1.38629  1.38629
          0.06184  3.50704  3.50704  1.46634  0.26236  2.39187  0.09591
     99   1.61981  2.40519  0.55508  1.98203     99 G - - :
          1.38629  1.38629  1.38629  1.38629
          0.06184  3.50704  3.50704  1.46634  0.26236  2.39187  0.09591
    100   1.88225  0.57682  2.41145  1.62768    100 C - - :
          1.38629  1.38629  1.38629  1.38629
          0.06184  3.50704  3.50704  1.46634  0.26236  2.39187  0.09591
    101   1.68235  2.44688  0.51861  2.02378    101 G - - :
          1.38629  1.38629  1.38629  1.38629
          0.06184  3.50704  3.50704  1.46634  0.26236  2.39187  0.09591
    102   1.81638  2.53601  0.45053  2.11270    102 G - - :
          1.38629  1.38629  1.38629  1.38629
          0.06184  3.50704  3.50704  1.46634  0.26236  2.39187  0.09591
    103   0.39888  2.40942  2.21468  2.04120    103 A - - :
          1.38629  1.38629  1.38629  1.38629
          0.06184  3.50704  3.50704  1.46634  0.26236  2.39187  0.09591
    104   0.39888  2.40942  2.21468  2.04120    104 A - - :
          1.38629  1.38629  1.38629  1.38629
          0.06184  3.50704  3.50704  1.46634  0.26236  2.39187  0.09591
    105   1.68150  2.44632  0.51909  2.02322    105 G - - :
          1.38629  1.38629  1.38629  1.38629
          0.06184  3.50704  3.50704  1.46634  0.26236  2.39187  0.09591
    106   1.86512  1.97079  2.33317  0.49629    106 U - - :
          1.38629  1.38629  1.38629  1.38629
          0.06184  3.50704  3.50704  1.46634  0.26236  2.39187  0.09591
    107   0.39888  2.40942  2.21468  2.04120    107 A - - :
          1.38629  1.38629  1.38629  1.38629
          0.08379  3.50704  2.98791  1.46634  0.26236  2.39187  0.09591
    108   0.41656  2.37411  2.18235  2.00387    108 A - - :
          1.38629  1.38629  1.38629  1.38629
          0.03209  3.45533        *  1.46634  0.26236  0.00000        *
//
