INFERNAL1/a [1.1.2 | July 2016]
NAME     t_pro_ldr_rdl_round5_0001
STATES   319
NODES    107
CLEN     105
W        197
ALPH     RNA
RF       no
CONS     yes
MAP      yes
DATE     Wed Dec 18 19:12:54 2019
COM      [1] cmbuild /home/co78wid/projects/master/results/ta_systems/ldr_rdl/2_structure_analysis/infernal_search/t_pro_ldr_rdl_cmbuild.txt /home/co78wid/projects/master/results/ta_systems/ldr_rdl/1_sequence_analysis/fold/t_pro_ldr_rdl_round5.stk
COM      [2] cmcalibrate --cpu 30 /home/co78wid/projects/master/results/ta_systems/ldr_rdl/2_structure_analysis/infernal_search/t_pro_ldr_rdl_cmbuild.txt
PBEGIN   0.05
PEND     0.05
WBETA    1e-07
QDBBETA1 1e-07
QDBBETA2 1e-15
N2OMEGA  1.52588e-05
N3OMEGA  1.52588e-05
ELSELF   -0.08926734
NSEQ     215
EFFN     3.113327
CKSUM    4274198447
NULL     0.000  0.000  0.000  0.000 
EFP7GF   -7.4250 0.71824
ECMLC    0.71006   -10.64452    -1.71192     1600000      681980  0.001760
ECMGC    0.33536   -20.54984    -8.32791     1600000       24106  0.016593
ECMLI    0.54221   -10.68355     0.18779     1600000      435640  0.002755
ECMGI    0.44365    -8.16009     0.96174     1600000       22887  0.017477
CM
                                             [ ROOT    0 ]      -      - - - - -
     S     0    -1 0     1     4     1     1   197   285  -7.366  -7.573  -0.070  -4.799                 
    IL     1     1 2     1     4    15    54   199   287  -1.686  -2.369  -1.117  -4.855                  0.000  0.000  0.000  0.000 
    IR     2     2 3     2     3    14    53   198   287  -1.442  -0.798  -4.142                          0.000  0.000  0.000  0.000 
                                             [ MATL    1 ]      1      - A - - -
    ML     3     2 3     5     3    15    53   197   285  -5.706  -0.056  -5.706                          1.771 -2.525 -2.260 -2.290 
     D     4     2 3     5     3    10    48   193   281 -11.947  -1.981  -0.422                         
    IL     5     5 3     5     3    16    55   203   292  -0.384  -2.121  -8.028                          0.000  0.000  0.000  0.000 
                                             [ MATL    2 ]      2      - U - - -
    ML     6     5 3     8     3    14    52   196   284  -5.706  -0.056  -5.706                         -1.930 -1.557 -2.101  1.662 
     D     7     5 3     8     3     9    47   192   280 -11.947  -1.981  -0.422                         
    IL     8     8 3     8     3    16    54   202   291  -0.384  -2.121  -8.028                          0.000  0.000  0.000  0.000 
                                             [ MATL    3 ]      3      - G - - -
    ML     9     8 3    11     3    14    52   194   282  -5.706  -0.056  -5.706                         -1.731 -2.657  1.743 -2.370 
     D    10     8 3    11     3     9    47   191   279 -11.947  -1.981  -0.422                         
    IL    11    11 3    11     3    15    53   200   289  -0.384  -2.121  -8.028                          0.000  0.000  0.000  0.000 
                                             [ MATL    4 ]      4      - A - - -
    ML    12    11 3    14     3    13    51   193   281  -5.706  -0.056  -5.706                          1.746 -2.369 -2.152 -2.138 
     D    13    11 3    14     3     8    46   190   277 -11.947  -1.981  -0.422                         
    IL    14    14 3    14     3    15    53   199   288  -0.384  -2.121  -8.028                          0.000  0.000  0.000  0.000 
                                             [ MATL    5 ]      5      - C - - -
    ML    15    14 3    17     3    13    50   192   280  -5.706  -0.056  -5.706                         -1.978  1.671 -2.320 -1.464 
     D    16    14 3    17     3     8    45   189   276 -11.947  -1.981  -0.422                         
    IL    17    17 3    17     3    14    52   198   287  -0.384  -2.121  -8.028                          0.000  0.000  0.000  0.000 
                                             [ MATL    6 ]      6      - G - - -
    ML    18    17 3    20     3    12    49   191   278  -5.706  -0.056  -5.706                         -1.537 -2.229  1.647 -1.687 
     D    19    17 3    20     3     7    45   188   275 -11.947  -1.396  -0.690                         
    IL    20    20 3    20     3    14    51   197   285  -0.384  -2.121  -8.028                          0.000  0.000  0.000  0.000 
                                             [ MATL    7 ]      7      - C - - -
    ML    21    20 3    23     3    11    48   190   277  -5.719  -0.056  -5.719                         -1.637  1.518 -1.999 -0.824 
     D    22    20 3    23     3     7    44   186   274 -11.752  -1.786  -0.495                         
    IL    23    23 3    23     3    13    50   195   284  -0.384  -2.121  -8.028                          0.000  0.000  0.000  0.000 
                                             [ MATL    8 ]      8      - U - - -
    ML    24    23 3    26     3    11    48   188   276  -5.719  -0.056  -5.719                         -1.957 -1.580 -2.130  1.669 
     D    25    23 3    26     3     6    43   185   272 -11.752  -1.786  -0.495                         
    IL    26    26 3    26     3    12    49   194   283  -0.384  -2.121  -8.028                          0.000  0.000  0.000  0.000 
                                             [ MATL    9 ]      9      - C - - -
    ML    27    26 3    29     3    10    47   187   274  -5.719  -0.056  -5.719                         -1.042  1.221 -1.348 -0.338 
     D    28    26 3    29     3     6    42   184   271 -11.752  -1.786  -0.495                         
    IL    29    29 3    29     3    12    49   193   281  -0.384  -2.121  -8.028                          0.000  0.000  0.000  0.000 
                                             [ MATL   10 ]     10      - G - - -
    ML    30    29 3    32     3    10    46   186   273  -5.719  -0.056  -5.719                         -0.132 -1.779  1.278 -1.429 
     D    31    29 3    32     3     5    42   183   270 -11.752  -1.786  -0.495                         
    IL    32    32 3    32     3    11    48   192   280  -0.384  -2.121  -8.028                          0.000  0.000  0.000  0.000 
                                             [ MATL   11 ]     11      - C - - -
    ML    33    32 3    35     3     9    45   185   272  -5.719  -0.056  -5.719                         -1.719  1.485 -1.761 -0.732 
     D    34    32 3    35     3     5    41   182   269 -11.752  -1.551  -0.603                         
    IL    35    35 3    35     3    11    47   191   278  -0.384  -2.121  -8.028                          0.000  0.000  0.000  0.000 
                                             [ MATL   12 ]     12      - g - - -
    ML    36    35 3    38     3     9    44   183   270  -5.724  -0.056  -5.724                          0.308 -1.003  0.554 -0.331 
     D    37    35 3    38     3     4    40   180   267 -11.676  -1.365  -0.710                         
    IL    38    38 3    38     3    10    46   189   277  -0.384  -2.121  -8.028                          0.000  0.000  0.000  0.000 
                                             [ MATL   13 ]     13      - c - - -
    ML    39    38 3    41     3     8    44   182   269  -5.732  -0.055  -5.732                         -0.676  0.701  0.147 -0.641 
     D    40    38 3    41     3     4    39   179   266 -11.551  -1.585  -0.585                         
    IL    41    41 3    41     3    10    45   188   276  -0.384  -2.121  -8.028                          0.000  0.000  0.000  0.000 
                                             [ MATL   14 ]     14      - A - - -
    ML    42    41 3    44     3     8    43   181   268  -5.732  -0.055  -5.732                          1.742 -2.428 -2.003 -2.179 
     D    43    41 3    44     3     3    38   178   264 -11.551  -1.585  -0.585                         
    IL    44    44 3    44     3     9    45   187   274  -0.384  -2.121  -8.028                          0.000  0.000  0.000  0.000 
                                             [ MATL   15 ]     15      - G - - -
    ML    45    44 3    47     3     7    42   180   266  -5.732  -0.055  -5.732                         -0.438 -1.672  1.353 -1.343 
     D    46    44 3    47     3     3    37   176   263 -11.551  -1.585  -0.585                         
    IL    47    47 3    47     3     8    44   186   273  -0.384  -2.121  -8.028                          0.000  0.000  0.000  0.000 
                                             [ MATL   16 ]     16      - U - - -
    ML    48    47 3    50     3     7    41   178   265  -5.732  -0.055  -5.732                         -1.142 -0.071 -1.185  1.108 
     D    49    47 3    50     3     2    37   175   262 -11.551  -1.585  -0.585                         
    IL    50    50 3    50     3     8    43   184   272  -0.384  -2.121  -8.028                          0.000  0.000  0.000  0.000 
                                             [ MATL   17 ]     17      - U - - -
    ML    51    50 3    53     3     6    40   177   263  -5.732  -0.055  -5.732                         -1.252 -1.093 -0.890  1.363 
     D    52    50 3    53     3     2    36   174   260 -11.551  -1.585  -0.585                         
    IL    53    53 3    53     3     7    42   183   270  -0.384  -2.121  -8.028                          0.000  0.000  0.000  0.000 
                                             [ MATL   18 ]     18      - g - - -
    ML    54    53 3    56     3     6    40   176   262  -5.732  -0.055  -5.732                         -0.252 -0.844  0.499  0.251 
     D    55    53 3    56     3     1    35   173   259 -11.551  -1.585  -0.585                         
    IL    56    56 3    56     3     7    41   182   269  -0.384  -2.121  -8.028                          0.000  0.000  0.000  0.000 
                                             [ MATL   19 ]     19      - G - - -
    ML    57    56 3    59     3     5    39   174   261  -5.732  -0.058  -5.608                         -0.643 -1.759  1.403 -1.250 
     D    58    56 3    59     3     1    34   171   257 -11.551  -1.585  -0.585                         
    IL    59    59 3    59     3     6    41   181   268  -0.384  -2.121  -8.028                          0.000  0.000  0.000  0.000 
                                             [ MATL   20 ]     20      - g - - -
    ML    60    59 3    62     3     5    38   173   259  -5.729  -0.055  -5.729                         -0.842 -0.079  0.885 -0.626 
     D    61    59 3    62     3     1    33   170   256 -11.594  -1.504  -0.628                         
    IL    62    62 3    62     3     6    40   179   266  -0.384  -2.121  -8.028                          0.000  0.000  0.000  0.000 
                                             [ MATL   21 ]     21      - C - - -
    ML    63    62 3    65     3     4    37   172   258  -5.732  -0.055  -5.732                         -1.256  1.351 -1.704 -0.465 
     D    64    62 3    65     3     0    33   169   255 -11.551  -1.585  -0.585                         
    IL    65    65 3    65     3     5    39   178   265  -0.384  -2.121  -8.028                          0.000  0.000  0.000  0.000 
                                             [ MATL   22 ]     22      - a - - -
    ML    66    65 3    68     3     4    36   171   257  -5.732  -0.055  -5.732                          0.694 -0.455 -0.163 -0.397 
     D    67    65 3    68     3     0    32   168   253 -11.551  -1.585  -0.585                         
    IL    68    68 3    68     3     5    38   177   264  -0.384  -2.121  -8.028                          0.000  0.000  0.000  0.000 
                                             [ MATL   23 ]     23      - U - - -
    ML    69    68 3    71     3     3    36   169   255  -5.732  -0.055  -5.732                         -1.982 -1.600 -2.155  1.675 
     D    70    68 3    71     3     0    31   166   252 -11.551  -1.585  -0.585                         
    IL    71    71 3    71     3     5    37   176   262  -0.384  -2.121  -8.028                          0.000  0.000  0.000  0.000 
                                             [ MATL   24 ]     24      - G - - -
    ML    72    71 3    74     3     3    35   168   254  -5.732  -0.055  -5.732                         -0.909 -1.110  1.175 -0.424 
     D    73    71 3    74     3     0    30   165   251 -11.551  -1.585  -0.585                         
    IL    74    74 3    74     3     4    37   174   261  -0.384  -2.121  -8.028                          0.000  0.000  0.000  0.000 
                                             [ MATL   25 ]     25      - g - - -
    ML    75    74 3    77     3     3    34   167   252  -5.732  -0.055  -5.732                          0.342 -0.804  0.582 -0.593 
     D    76    74 3    77     3     0    29   164   249 -11.551  -1.585  -0.585                         
    IL    77    77 3    77     3     4    36   173   259  -0.384  -2.121  -8.028                          0.000  0.000  0.000  0.000 
                                             [ MATL   26 ]     26      - c - - -
    ML    78    77 3    80     3     2    33   166   251  -5.732  -0.058  -5.611                         -1.332  0.875 -1.517  0.506 
     D    79    77 3    80     3     0    29   163   248 -11.551  -1.585  -0.585                         
    IL    80    80 3    80     3     3    35   172   258  -0.384  -2.121  -8.028                          0.000  0.000  0.000  0.000 
                                             [ MATL   27 ]     27      - u - - -
    ML    81    80 3    83     3     2    32   164   250  -5.729  -0.055  -5.729                         -0.718  0.258 -0.404  0.527 
     D    82    80 3    83     3     0    28   161   246 -11.593  -1.506  -0.627                         
    IL    83    83 3    83     3     3    34   171   257  -0.384  -2.121  -8.028                          0.000  0.000  0.000  0.000 
                                             [ MATL   28 ]     28      - U - - -
    ML    84    83 3    86     3     2    32   163   248  -5.732  -0.055  -5.732                         -0.669 -0.542 -1.199  1.169 
     D    85    83 3    86     3     0    27   160   245 -11.551  -1.585  -0.585                         
    IL    86    86 3    86     3     3    33   169   255  -0.384  -2.121  -8.028                          0.000  0.000  0.000  0.000 
                                             [ MATL   29 ]     29      - U - - -
    ML    87    86 3    89     3     1    31   162   247  -5.732  -0.055  -5.732                         -1.826 -1.315 -2.010  1.617 
     D    88    86 3    89     3     0    26   159   244 -11.551  -1.585  -0.585                         
    IL    89    89 3    89     3     2    33   168   254  -0.384  -2.121  -8.028                          0.000  0.000  0.000  0.000 
                                             [ MATL   30 ]     30      - C - - -
    ML    90    89 3    92     3     1    30   161   245  -5.732  -0.055  -5.732                         -0.877  1.139 -0.714 -0.637 
     D    91    89 3    92     3     0    25   157   242 -11.551  -1.585  -0.585                         
    IL    92    92 3    92     3     2    32   167   252  -0.384  -2.121  -8.028                          0.000  0.000  0.000  0.000 
                                             [ MATL   31 ]     31      - U - - -
    ML    93    92 3    95     3     1    29   159   244  -5.732  -0.055  -5.732                         -1.982 -1.600 -2.155  1.675 
     D    94    92 3    95     3     0    25   156   241 -11.551  -1.585  -0.585                         
    IL    95    95 3    95     3     2    31   166   251  -0.384  -2.121  -8.028                          0.000  0.000  0.000  0.000 
                                             [ MATL   32 ]     32      - G - - -
    ML    96    95 3    98     3     1    28   158   243  -5.732  -0.055  -5.732                         -1.775 -2.557  1.728 -2.153 
     D    97    95 3    98     3     0    24   155   239 -11.551  -1.585  -0.585                         
    IL    98    98 3    98     3     2    30   164   250  -0.384  -2.121  -8.028                          0.000  0.000  0.000  0.000 
                                             [ MATL   33 ]     33      - G - - -
    ML    99    98 3   101     3     1    28   157   241  -5.732  -0.055  -5.732                         -1.979 -2.830  1.780 -2.551 
     D   100    98 3   101     3     0    23   154   238 -11.551  -1.585  -0.585                         
    IL   101   101 3   101     3     1    29   163   248  -0.384  -2.121  -8.028                          0.000  0.000  0.000  0.000 
                                             [ MATL   34 ]     34      - C - - -
    ML   102   101 3   104     3     1    27   155   240  -5.732  -0.055  -5.732                         -1.268  1.221 -0.541 -0.819 
     D   103   101 3   104     3     0    22   152   236 -11.551  -1.585  -0.585                         
    IL   104   104 3   104     3     1    29   162   247  -0.384  -2.121  -8.028                          0.000  0.000  0.000  0.000 
                                             [ MATL   35 ]     35      - A - - -
    ML   105   104 3   107     3     1    26   154   238  -5.732  -0.055  -5.732                          1.746 -2.446 -2.037 -2.199 
     D   106   104 3   107     3     0    22   151   235 -11.551  -1.585  -0.585                         
    IL   107   107 3   107     3     1    28   160   246  -0.384  -2.121  -8.028                          0.000  0.000  0.000  0.000 
                                             [ MATL   36 ]     36      - C - - -
    ML   108   107 3   110     3     1    25   153   237  -5.732  -0.055  -5.732                         -1.394  1.154 -1.499  0.056 
     D   109   107 3   110     3     0    21   150   234 -11.551  -1.585  -0.585                         
    IL   110   110 3   110     3     1    27   159   244  -0.384  -2.121  -8.028                          0.000  0.000  0.000  0.000 
                                             [ MATL   37 ]     37      - G - - -
    ML   111   110 3   113     3     1    25   152   236  -5.732  -0.055  -5.732                         -1.703 -2.676  1.742 -2.388 
     D   112   110 3   113     3     0    20   148   232 -11.551  -1.585  -0.585                         
    IL   113   113 3   113     3     1    26   158   243  -0.384  -2.121  -8.028                          0.000  0.000  0.000  0.000 
                                             [ MATL   38 ]     38      - A - - -
    ML   114   113 3   116     3     1    24   150   234  -5.732  -0.055  -5.732                          1.782 -2.592 -2.325 -2.359 
     D   115   113 3   116     3     0    19   147   231 -11.551  -1.585  -0.585                         
    IL   116   116 3   116     3     1    26   157   241  -0.384  -2.121  -8.028                          0.000  0.000  0.000  0.000 
                                             [ MATL   39 ]     39      - U - - -
    ML   117   116 3   119     3     1    23   149   233  -5.732  -0.055  -5.732                         -1.278  0.226 -1.460  1.039 
     D   118   116 3   119     3     0    18   146   229 -11.551  -1.585  -0.585                         
    IL   119   119 3   119     3     1    25   155   240  -0.384  -2.121  -8.028                          0.000  0.000  0.000  0.000 
                                             [ MATL   40 ]     40      - c - - -
    ML   120   119 3   122     3     1    22   148   231  -5.732  -0.055  -5.732                         -0.798  0.814 -1.227  0.311 
     D   121   119 3   122     3     0    18   145   228 -11.551  -1.585  -0.585                         
    IL   122   122 3   122     3     1    24   154   239  -0.384  -2.121  -8.028                          0.000  0.000  0.000  0.000 
                                             [ MATL   41 ]     41      - U - - -
    ML   123   122 3   125     3     1    22   146   230  -5.732  -0.055  -5.732                         -1.758 -1.187 -1.945  1.587 
     D   124   122 3   125     3     0    17   143   226 -11.551  -1.585  -0.585                         
    IL   125   125 3   125     3     1    23   153   237  -0.384  -2.121  -8.028                          0.000  0.000  0.000  0.000 
                                             [ MATL   42 ]     42      - G - - -
    ML   126   125 3   128     3     1    21   145   228  -5.732  -0.055  -5.732                          0.022 -1.332  1.014 -0.817 
     D   127   125 3   128     3     0    16   142   225 -11.551  -1.585  -0.585                         
    IL   128   128 3   128     3     1    23   151   236  -0.384  -2.121  -8.028                          0.000  0.000  0.000  0.000 
                                             [ MATL   43 ]     43      - G - - -
    ML   129   128 3   131     3     1    20   144   227  -5.732  -0.055  -5.732                         -1.769 -2.713  1.752 -2.427 
     D   130   128 3   131     3     0    15   141   224 -11.551  -1.585  -0.585                         
    IL   131   131 3   131     3     1    22   150   234  -0.384  -2.121  -8.028                          0.000  0.000  0.000  0.000 
                                             [ MATL   44 ]     44      - C - - -
    ML   132   131 3   134     3     1    19   142   226  -5.732  -0.055  -5.732                         -1.829  1.560 -1.633 -1.160 
     D   133   131 3   134     3     0    15   139   222 -11.551  -1.585  -0.585                         
    IL   134   134 3   134     3     1    21   149   233  -0.384  -2.121  -8.028                          0.000  0.000  0.000  0.000 
                                             [ MATL   45 ]     45      - g - - -
    ML   135   134 3   137     3     1    19   141   224  -5.732  -0.055  -5.732                         -0.031 -0.978  0.983 -0.898 
     D   136   134 3   137     3     0    14   138   221 -11.551  -1.585  -0.585                         
    IL   137   137 3   137     3     1    20   148   231  -0.384  -2.121  -8.028                          0.000  0.000  0.000  0.000 
                                             [ MATL   46 ]     46      - G - - -
    ML   138   137 3   140     3     1    18   140   223  -5.732  -0.055  -5.732                         -1.703 -2.676  1.742 -2.388 
     D   139   137 3   140     3     0    13   137   219 -11.551  -1.585  -0.585                         
    IL   140   140 3   140     3     1    20   146   230  -0.384  -2.121  -8.028                          0.000  0.000  0.000  0.000 
                                             [ MATL   47 ]     47      - C - - -
    ML   141   140 3   143     3     1    17   139   221  -5.732  -0.055  -5.732                         -2.088  1.649 -2.316 -1.223 
     D   142   140 3   143     3     0    13   135   218 -11.551  -1.585  -0.585                         
    IL   143   143 3   143     3     1    19   145   229  -0.384  -2.121  -8.028                          0.000  0.000  0.000  0.000 
                                             [ MATL   48 ]     48      - u - - -
    ML   144   143 3   146     3     1    17   137   220  -5.732  -0.055  -5.732                          0.308 -0.746 -0.286  0.428 
     D   145   143 3   146     3     0    12   134   216 -11.551  -1.585  -0.585                         
    IL   146   146 3   146     3     1    18   144   227  -0.384  -2.121  -8.028                          0.000  0.000  0.000  0.000 
                                             [ MATL   49 ]     49      - C - - -
    ML   147   146 3   149     3     1    16   136   218  -5.732  -0.055  -5.732                         -2.149  1.674 -2.375 -1.358 
     D   148   146 3   149     3     0    11   133   215 -11.551  -1.585  -0.585                         
    IL   149   149 3   149     3     1    17   142   226  -0.384  -2.121  -8.028                          0.000  0.000  0.000  0.000 
                                             [ MATL   50 ]     50      - C - - -
    ML   150   149 3   152     3     1    15   135   217  -5.732  -0.055  -5.732                         -2.102  1.655 -2.330 -1.254 
     D   151   149 3   152     3     0    10   131   213 -11.551  -1.585  -0.585                         
    IL   152   152 3   152     3     1    17   141   224  -0.384  -2.121  -8.028                          0.000  0.000  0.000  0.000 
                                             [ MATL   51 ]     51      - G - - -
    ML   153   152 3   155     3     1    14   133   215  -5.732  -0.055  -5.732                         -0.484 -1.547  1.325 -1.192 
     D   154   152 3   155     3     0    10   130   212 -11.551  -1.585  -0.585                         
    IL   155   155 3   155     3     1    16   140   223  -0.384  -2.121  -8.028                          0.000  0.000  0.000  0.000 
                                             [ MATL   52 ]     52      - a - - -
    ML   156   155 3   158     3     1    14   132   214  -5.732  -0.055  -5.732                          0.656 -0.882  0.331 -0.682 
     D   157   155 3   158     3     0     9   129   210 -11.551  -1.585  -0.585                         
    IL   158   158 3   158     3     1    15   139   221  -0.384  -2.121  -8.028                          0.000  0.000  0.000  0.000 
                                             [ MATL   53 ]     53      - U - - -
    ML   159   158 3   161     3     1    13   131   212  -5.732  -0.055  -5.732                         -1.309 -0.305 -1.430  1.273 
     D   160   158 3   161     3     0     8   127   209 -11.551  -1.585  -0.585                         
    IL   161   161 3   161     3     1    15   137   220  -0.384  -2.121  -8.028                          0.000  0.000  0.000  0.000 
                                             [ MATL   54 ]     54      - c - - -
    ML   162   161 3   164     3     1    12   129   211  -5.732  -0.055  -5.732                         -0.666  0.899 -0.344 -0.478 
     D   163   161 3   164     3     0     8   126   207 -11.551  -1.585  -0.585                         
    IL   164   164 3   164     3     1    14   136   218  -0.384  -2.121  -8.028                          0.000  0.000  0.000  0.000 
                                             [ MATL   55 ]     55      - a - - -
    ML   165   164 3   167     3     1    12   128   209  -5.732  -0.055  -5.732                          0.536  0.334 -0.736 -0.537 
     D   166   164 3   167     3     0     7   125   206 -11.551  -1.585  -0.585                         
    IL   167   167 3   167     3     1    13   135   217  -0.384  -2.121  -8.028                          0.000  0.000  0.000  0.000 
                                             [ MATL   56 ]     56      - U - - -
    ML   168   167 3   170     3     1    11   127   208  -5.732  -0.055  -5.732                         -1.758 -1.187 -1.945  1.587 
     D   169   167 3   170     3     0     6   123   204 -11.551  -1.585  -0.585                         
    IL   170   170 3   170     3     1    13   133   216  -0.384  -2.121  -8.028                          0.000  0.000  0.000  0.000 
                                             [ MATL   57 ]     57      - u - - -
    ML   171   170 3   173     3     1    10   125   206  -5.732  -0.055  -5.732                         -0.632 -0.359  0.244  0.476 
     D   172   170 3   173     3     0     6   122   203 -11.551  -1.585  -0.585                         
    IL   173   173 3   173     3     1    12   132   214  -0.384  -2.121  -8.028                          0.000  0.000  0.000  0.000 
                                             [ MATL   58 ]     58      - G - - -
    ML   174   173 3   176     3     1    10   124   205  -5.732  -0.055  -5.732                         -1.491 -2.559  1.708 -2.262 
     D   175   173 3   176     3     0     5   121   201 -11.551  -1.585  -0.585                         
    IL   176   176 3   176     3     1    11   131   213  -0.384  -2.121  -8.028                          0.000  0.000  0.000  0.000 
                                             [ MATL   59 ]     59      - C - - -
    ML   177   176 3   179     3     1     9   123   203  -5.732  -0.055  -5.732                         -1.630  1.346 -1.836 -0.225 
     D   178   176 3   179     3     0     4   119   200 -11.551  -1.585  -0.585                         
    IL   179   179 3   179     3     1    11   129   211  -0.384  -2.121  -8.028                          0.000  0.000  0.000  0.000 
                                             [ MATL   60 ]     60      - u - - -
    ML   180   179 3   182     3     1     8   121   202  -5.732  -0.055  -5.732                         -0.698 -0.351  0.197  0.539 
     D   181   179 3   182     3     0     4   118   198 -11.551  -1.585  -0.585                         
    IL   182   182 3   182     3     1    10   128   210  -0.384  -2.121  -8.028                          0.000  0.000  0.000  0.000 
                                             [ MATL   61 ]     61      - G - - -
    ML   183   182 3   185     3     1     8   120   200  -5.732  -0.055  -5.732                         -1.183 -2.389  1.647 -2.078 
     D   184   182 3   185     3     0     3   117   197 -11.551  -1.585  -0.585                         
    IL   185   185 3   185     3     1     9   127   208  -0.384  -2.121  -8.028                          0.000  0.000  0.000  0.000 
                                             [ MATL   62 ]     62      - G - - -
    ML   186   185 3   188     3     1     7   119   199  -5.732  -0.055  -5.732                         -1.252 -1.654  1.563 -1.702 
     D   187   185 3   188     3     0     2   115   195 -11.551  -1.585  -0.585                         
    IL   188   188 3   188     3     1     9   125   207  -0.384  -2.121  -8.028                          0.000  0.000  0.000  0.000 
                                             [ MATL   63 ]     63      - c - - -
    ML   189   188 3   191     3     1     7   117   197  -5.732  -0.055  -5.732                         -0.022  0.347 -0.237 -0.161 
     D   190   188 3   191     3     0     2   114   194 -11.551  -1.585  -0.585                         
    IL   191   191 3   191     3     1     8   124   205  -0.384  -2.121  -8.028                          0.000  0.000  0.000  0.000 
                                             [ MATL   64 ]     64      - A - - -
    ML   192   191 3   194     3     1     6   116   196  -5.732  -0.055  -5.732                          1.635 -2.106 -1.395 -1.823 
     D   193   191 3   194     3     0     1   113   192 -11.551  -1.585  -0.585                         
    IL   194   194 3   194     3     1     7   123   204  -0.384  -2.121  -8.028                          0.000  0.000  0.000  0.000 
                                             [ MATL   65 ]     65      - U - - -
    ML   195   194 3   197     3     1     5   114   194  -5.732  -0.055  -5.732                         -1.703 -1.080 -1.892  1.561 
     D   196   194 3   197     3     0     1   111   191 -11.551  -1.585  -0.585                         
    IL   197   197 3   197     3     1     7   121   202  -0.384  -2.121  -8.028                          0.000  0.000  0.000  0.000 
                                             [ MATL   66 ]     66      - U - - -
    ML   198   197 3   200     3     1     5   113   193  -5.732  -0.055  -5.732                         -1.180 -0.504 -1.138  1.262 
     D   199   197 3   200     3     0     0   110   189 -11.551  -1.585  -0.585                         
    IL   200   200 3   200     3     1     6   120   201  -0.384  -2.121  -8.028                          0.000  0.000  0.000  0.000 
                                             [ MATL   67 ]     67      - a - - -
    ML   201   200 3   203     3     1     4   112   191  -5.732  -0.055  -5.732                          0.429  0.144 -0.265 -0.481 
     D   202   200 3   203     3     0     0   108   188 -11.551  -1.585  -0.585                         
    IL   203   203 3   203     3     1     6   119   199  -0.384  -2.121  -8.028                          0.000  0.000  0.000  0.000 
                                             [ MATL   68 ]     68      - U - - -
    ML   204   203 3   206     3     1     4   110   190  -5.732  -0.055  -5.732                         -1.439 -0.454 -1.627  1.366 
     D   205   203 3   206     3     0     0   107   186 -11.551  -1.585  -0.585                         
    IL   206   206 3   206     3     1     5   117   198  -0.384  -2.121  -8.028                          0.000  0.000  0.000  0.000 
                                             [ MATL   69 ]     69      - u - - -
    ML   207   206 3   209     3     1     3   109   188  -5.732  -0.055  -5.732                         -0.590 -0.226 -0.174  0.673 
     D   208   206 3   209     3     0     0   106   185 -11.551  -1.585  -0.585                         
    IL   209   209 3   209     3     1     5   116   196  -0.384  -2.121  -8.028                          0.000  0.000  0.000  0.000 
                                             [ MATL   70 ]     70      - g - - -
    ML   210   209 3   212     3     1     3   108   187  -5.732  -0.055  -5.732                          0.386 -1.522  0.926 -1.165 
     D   211   209 3   212     3     0     0   104   183 -11.551  -1.585  -0.585                         
    IL   212   212 3   212     3     1     4   115   194  -0.384  -2.121  -8.028                          0.000  0.000  0.000  0.000 
                                             [ MATL   71 ]     71      - C - - -
    ML   213   212 3   215     3     1     3   106   185  -5.732  -0.055  -5.732                         -1.669  1.382 -1.878 -0.309 
     D   214   212 3   215     3     0     0   103   181 -11.551  -1.585  -0.585                         
    IL   215   215 3   215     3     1     4   113   193  -0.384  -2.121  -8.028                          0.000  0.000  0.000  0.000 
                                             [ MATL   72 ]     72      - C - - -
    ML   216   215 3   218     3     1     2   105   183  -5.732  -0.055  -5.732                         -0.810  1.331 -1.601 -0.776 
     D   217   215 3   218     3     0     0   101   180 -11.551  -1.585  -0.585                         
    IL   218   218 3   218     3     1     3   112   191  -0.384  -2.121  -8.028                          0.000  0.000  0.000  0.000 
                                             [ MATL   73 ]     73      - g - - -
    ML   219   218 3   221     3     1     2   103   182  -5.732  -0.055  -5.732                          0.650 -1.428  0.662 -1.070 
     D   220   218 3   221     3     0     0   100   178 -11.551  -1.585  -0.585                         
    IL   221   221 3   221     3     1     3   110   190  -0.384  -2.121  -8.028                          0.000  0.000  0.000  0.000 
                                             [ MATL   74 ]     74      - g - - -
    ML   222   221 3   224     3     1     2   102   180  -5.732  -0.055  -5.732                         -0.993 -0.012  0.968 -0.862 
     D   223   221 3   224     3     0     0    99   176 -11.551  -1.585  -0.585                         
    IL   224   224 3   224     3     1     3   109   188  -0.384  -2.121  -8.028                          0.000  0.000  0.000  0.000 
                                             [ MATL   75 ]     75      - u - - -
    ML   225   224 3   227     3     1     1   100   179  -5.732  -0.055  -5.732                          0.126  0.006 -0.852  0.433 
     D   226   224 3   227     3     0     0    97   175 -11.551  -1.585  -0.585                         
    IL   227   227 3   227     3     1     2   108   187  -0.384  -2.121  -8.028                          0.000  0.000  0.000  0.000 
                                             [ MATL   76 ]     76      - g - - -
    ML   228   227 3   230     3     1     1    99   177  -5.732  -0.055  -5.732                          0.091 -0.086  0.234 -0.292 
     D   229   227 3   230     3     0     0    96   173 -11.551  -1.585  -0.585                         
    IL   230   230 3   230     3     1     2   106   185  -0.384  -2.121  -8.028                          0.000  0.000  0.000  0.000 
                                             [ MATL   77 ]     77      - U - - -
    ML   231   230 3   233     3     1     1    98   175  -5.732  -0.055  -5.732                         -1.184  0.186 -1.404  1.031 
     D   232   230 3   233     3     0     0    94   172 -11.551  -1.585  -0.585                         
    IL   233   233 3   233     3     1     2   105   184  -0.384  -2.121  -8.028                          0.000  0.000  0.000  0.000 
                                             [ MATL   78 ]     78      - G - - -
    ML   234   233 3   236     3     1     1    96   174  -5.732  -0.055  -5.732                         -0.944 -1.178  1.306 -0.823 
     D   235   233 3   236     3     0     0    93   170 -11.551  -1.585  -0.585                         
    IL   236   236 3   236     3     1     1   104   182  -0.384  -2.121  -8.028                          0.000  0.000  0.000  0.000 
                                             [ MATL   79 ]     79      - A - - -
    ML   237   236 3   239     3     1     1    95   172  -5.732  -0.055  -5.732                          1.279 -1.261 -1.293 -0.418 
     D   238   236 3   239     3     0     0    91   168 -11.551  -1.585  -0.585                         
    IL   239   239 3   239     3     1     1   102   180  -0.384  -2.121  -8.028                          0.000  0.000  0.000  0.000 
                                             [ MATL   80 ]     80      - U - - -
    ML   240   239 3   242     3     1     1    93   170  -5.732  -0.055  -5.732                         -1.982 -1.600 -2.155  1.675 
     D   241   239 3   242     3     0     0    90   166 -11.551  -1.585  -0.585                         
    IL   242   242 3   242     3     1     1   101   179  -0.384  -2.121  -8.028                          0.000  0.000  0.000  0.000 
                                             [ MATL   81 ]     81      - u - - -
    ML   243   242 3   245     3     1     1    92   169  -5.732  -0.055  -5.732                         -1.276  0.614 -1.458  0.760 
     D   244   242 3   245     3     0     0    88   165 -11.551  -1.585  -0.585                         
    IL   245   245 3   245     3     1     1    99   177  -0.384  -2.121  -8.028                          0.000  0.000  0.000  0.000 
                                             [ MATL   82 ]     82      - G - - -
    ML   246   245 3   248     3     1     1    90   167  -5.732  -0.055  -5.732                         -0.997 -1.459  1.307 -0.596 
     D   247   245 3   248     3     0     0    87   163 -11.551  -1.585  -0.585                         
    IL   248   248 3   248     3     1     1    98   175  -0.384  -2.121  -8.028                          0.000  0.000  0.000  0.000 
                                             [ MATL   83 ]     83      - U - - -
    ML   249   248 3   251     3     1     1    89   165  -5.732  -0.055  -5.732                         -1.982 -1.600 -2.155  1.675 
     D   250   248 3   251     3     0     0    85   161 -11.551  -1.585  -0.585                         
    IL   251   251 3   251     3     1     1    96   174  -0.384  -2.121  -8.028                          0.000  0.000  0.000  0.000 
                                             [ MATL   84 ]     84      - g - - -
    ML   252   251 3   254     3     1     1    87   163  -5.732  -0.055  -5.732                         -0.330  0.155  0.406 -0.386 
     D   253   251 3   254     3     0     0    84   160 -11.551  -1.585  -0.585                         
    IL   254   254 3   254     3     1     1    95   172  -0.384  -2.121  -8.028                          0.000  0.000  0.000  0.000 
                                             [ MATL   85 ]     85      - a - - -
    ML   255   254 3   257     3     1     1    86   162  -5.732  -0.055  -5.732                          0.765 -1.406  0.527 -1.050 
     D   256   254 3   257     3     0     0    82   158 -11.551  -1.585  -0.585                         
    IL   257   257 3   257     3     1     1    94   170  -0.384  -2.121  -8.028                          0.000  0.000  0.000  0.000 
                                             [ MATL   86 ]     86      - G - - -
    ML   258   257 3   260     3     1     1    84   160  -5.732  -0.055  -5.732                         -0.017 -1.730  1.218 -1.378 
     D   259   257 3   260     3     0     0    81   156 -11.551  -1.585  -0.585                         
    IL   260   260 3   260     3     1     1    92   169  -0.384  -2.121  -8.028                          0.000  0.000  0.000  0.000 
                                             [ MATL   87 ]     87      - C - - -
    ML   261   260 3   263     3     1     1    83   158  -5.732  -0.055  -5.732                         -1.991  1.602 -2.219 -1.006 
     D   262   260 3   263     3     0     0    79   154 -11.551  -1.585  -0.585                         
    IL   263   263 3   263     3     1     1    91   167  -0.384  -2.121  -8.028                          0.000  0.000  0.000  0.000 
                                             [ MATL   88 ]     88      - U - - -
    ML   264   263 3   266     3     1     1    81   156  -5.732  -0.055  -5.732                         -1.439 -0.869 -1.704  1.473 
     D   265   263 3   266     3     0     0    77   152 -11.551  -1.585  -0.585                         
    IL   266   266 3   266     3     1     1    89   165  -0.384  -2.121  -8.028                          0.000  0.000  0.000  0.000 
                                             [ MATL   89 ]     89      - G - - -
    ML   267   266 3   269     3     1     1    79   154  -5.732  -0.055  -5.732                         -1.577 -2.165  1.670 -1.949 
     D   268   266 3   269     3     0     0    76   150 -11.551  -1.585  -0.585                         
    IL   269   269 3   269     3     1     1    88   163  -0.384  -2.121  -8.028                          0.000  0.000  0.000  0.000 
                                             [ MATL   90 ]     90      - G - - -
    ML   270   269 3   272     3     1     1    78   153  -5.732  -0.055  -5.732                         -1.979 -2.830  1.780 -2.551 
     D   271   269 3   272     3     0     0    74   148 -11.551  -1.585  -0.585                         
    IL   272   272 3   272     3     1     1    86   162  -0.384  -2.121  -8.028                          0.000  0.000  0.000  0.000 
                                             [ MATL   91 ]     91      - u - - -
    ML   273   272 3   275     3     1     1    76   151  -5.732  -0.055  -5.732                         -0.336  0.307 -0.964  0.544 
     D   274   272 3   275     3     0     0    73   146 -11.551  -1.585  -0.585                         
    IL   275   275 3   275     3     1     1    85   160  -0.384  -2.121  -8.028                          0.000  0.000  0.000  0.000 
                                             [ MATL   92 ]     92      - u - - -
    ML   276   275 3   278     3     1     1    75   149  -5.732  -0.055  -5.732                         -0.896 -1.050  0.503  0.644 
     D   277   275 3   278     3     0     0    71   144 -11.551  -1.585  -0.585                         
    IL   278   278 3   278     3     1     1    83   158  -0.384  -2.121  -8.028                          0.000  0.000  0.000  0.000 
                                             [ MATL   93 ]     93      - G - - -
    ML   279   278 3   281     3     1     1    73   147  -5.732  -0.055  -5.732                         -0.792 -1.527  1.438 -1.451 
     D   280   278 3   281     3     0     0    69   142 -11.551  -1.585  -0.585                         
    IL   281   281 3   281     3     1     1    81   156  -0.384  -2.121  -8.028                          0.000  0.000  0.000  0.000 
                                             [ MATL   94 ]     94      - c - - -
    ML   282   281 3   284     3     1     1    71   145  -5.732  -0.055  -5.732                         -0.014  0.582 -0.349 -0.459 
     D   283   281 3   284     3     0     0    67   140 -11.551  -1.585  -0.585                         
    IL   284   284 3   284     3     1     1    80   154  -0.384  -2.121  -8.028                          0.000  0.000  0.000  0.000 
                                             [ MATL   95 ]     95      - g - - -
    ML   285   284 3   287     3     1     1    69   143  -5.732  -0.055  -5.732                          0.560 -1.454  0.759 -1.096 
     D   286   284 3   287     3     0     0    65   138 -11.551  -1.585  -0.585                         
    IL   287   287 3   287     3     1     1    78   152  -0.384  -2.121  -8.028                          0.000  0.000  0.000  0.000 
                                             [ MATL   96 ]     96      - U - - -
    ML   288   287 3   290     3     1     1    68   141  -5.732  -0.055  -5.732                         -0.906 -0.249 -1.278  1.146 
     D   289   287 3   290     3     0     0    64   136 -11.551  -1.585  -0.585                         
    IL   290   290 3   290     3     1     1    77   150  -0.384  -2.121  -8.028                          0.000  0.000  0.000  0.000 
                                             [ MATL   97 ]     97      - A - - -
    ML   291   290 3   293     3     1     1    66   138  -5.732  -0.055  -5.732                          1.039 -0.571 -0.632 -0.676 
     D   292   290 3   293     3     0     0    62   134 -11.551  -1.585  -0.585                         
    IL   293   293 3   293     3     1     1    75   148  -0.384  -2.121  -8.028                          0.000  0.000  0.000  0.000 
                                             [ MATL   98 ]     98      - A - - -
    ML   294   293 3   296     3     1     1    64   136  -5.732  -0.055  -5.732                          1.321 -1.600 -0.403 -1.267 
     D   295   293 3   296     3     0     0    60   131 -11.551  -1.585  -0.585                         
    IL   296   296 3   296     3     1     1    73   146  -0.384  -2.121  -8.028                          0.000  0.000  0.000  0.000 
                                             [ MATL   99 ]     99      - c - - -
    ML   297   296 3   299     3     1     1    62   134  -5.732  -0.055  -5.732                         -0.737  0.794 -0.104 -0.444 
     D   298   296 3   299     3     0     0    57   128 -11.551  -1.585  -0.585                         
    IL   299   299 3   299     3     1     1    72   144  -0.384  -2.121  -8.028                          0.000  0.000  0.000  0.000 
                                             [ MATL  100 ]    100      - C - - -
    ML   300   299 3   302     3     1     1    60   131  -5.732  -0.055  -5.732                         -0.150  1.131 -1.414 -0.905 
     D   301   299 3   302     3     0     0    55   126 -11.551  -1.585  -0.585                         
    IL   302   302 3   302     3     1     1    70   142  -0.384  -2.121  -8.028                          0.000  0.000  0.000  0.000 
                                             [ MATL  101 ]    101      - G - - -
    ML   303   302 3   305     3     1     1    58   128  -5.732  -0.055  -5.732                         -1.216 -2.407  1.654 -2.098 
     D   304   302 3   305     3     0     0    52   122 -11.551  -1.585  -0.585                         
    IL   305   305 3   305     3     1     1    68   140  -0.384  -2.121  -8.028                          0.000  0.000  0.000  0.000 
                                             [ MATL  102 ]    102      - G - - -
    ML   306   305 3   308     3     1     1    55   125  -5.732  -0.055  -5.732                         -0.982 -1.364  1.454 -1.451 
     D   307   305 3   308     3     0     0    49   119 -11.551  -1.585  -0.585                         
    IL   308   308 3   308     3     1     1    66   137  -0.384  -2.121  -8.028                          0.000  0.000  0.000  0.000 
                                             [ MATL  103 ]    103      - A - - -
    ML   309   308 3   311     3     1     1    52   122  -5.732  -0.055  -5.732                          1.782 -2.592 -2.325 -2.359 
     D   310   308 3   311     3     0     0    44   114 -11.551  -1.585  -0.585                         
    IL   311   311 3   311     3     1     1    64   134  -0.384  -2.121  -8.028                          0.000  0.000  0.000  0.000 
                                             [ MATL  104 ]    104      - A - - -
    ML   312   311 3   314     3     1     1    48   117  -5.732  -0.055  -5.732                          1.582 -1.985 -1.171 -1.691 
     D   313   311 3   314     3     0     0    32   101 -11.551  -1.585  -0.585                         
    IL   314   314 3   314     3     1     1    62   131  -0.384  -2.121  -8.028                          0.000  0.000  0.000  0.000 
                                             [ MATL  105 ]    105      - G - - -
    ML   315   314 3   317     2     1     1     1     1       *   0.000                                 -1.062 -2.322  1.619 -2.006 
     D   316   314 3   317     2     0     0     0     0       *   0.000                                 
    IL   317   317 3   317     2     1     1    13    28  -1.823  -0.479                                  0.000  0.000  0.000  0.000 
                                             [ END   106 ]      -      - - - - -
     E   318   317 3    -1     0     0     0     0     0                                                 
//
HMMER3/f [3.1b3 | July 2016]
NAME  t_pro_ldr_rdl_round5_0001
LENG  105
MAXL  197
ALPH  RNA
RF    no
MM    no
CONS  yes
CS    yes
MAP   no
DATE  Wed Dec 18 19:12:54 2019
COM   [1] cmbuild /home/co78wid/projects/master/results/ta_systems/ldr_rdl/2_structure_analysis/infernal_search/t_pro_ldr_rdl_cmbuild.txt /home/co78wid/projects/master/results/ta_systems/ldr_rdl/1_sequence_analysis/fold/t_pro_ldr_rdl_round5.stk
COM   [2] cmbuild /home/co78wid/projects/master/results/ta_systems/ldr_rdl/2_structure_analysis/infernal_search/t_pro_ldr_rdl_cmbuild.txt /home/co78wid/projects/master/results/ta_systems/ldr_rdl/1_sequence_analysis/fold/t_pro_ldr_rdl_round5.stk
NSEQ  215
EFFN  3.113327
STATS LOCAL MSV       -9.2148  0.71824
STATS LOCAL VITERBI  -10.3666  0.71824
STATS LOCAL FORWARD   -3.5179  0.71824
HMM          A        C        G        U   
            m->m     m->i     m->d     i->m     i->i     d->m     d->d
  COMPO   1.52321  1.44604  1.23215  1.36719
          1.38629  1.38629  1.38629  1.38629
          0.04337  5.10579  3.31367  0.39730  1.11515  0.00000        *
      1   0.15871  3.13638  2.95292  2.97348      - A - - :
          1.38629  1.38629  1.38629  1.38629
          0.03908  3.95480  3.95480  1.46634  0.26236  1.37319  0.29209
      2   2.72372  2.46549  2.84231  0.23432      - U - - :
          1.38629  1.38629  1.38629  1.38629
          0.03908  3.95480  3.95480  1.46634  0.26236  1.37319  0.29209
      3   2.58594  3.22798  0.17830  3.02931      - G - - :
          1.38629  1.38629  1.38629  1.38629
          0.03908  3.95480  3.95480  1.46634  0.26236  1.37319  0.29209
      4   0.17606  3.02832  2.87827  2.86822      - A - - :
          1.38629  1.38629  1.38629  1.38629
          0.03908  3.95480  3.95480  1.46634  0.26236  1.37319  0.29209
      5   2.75727  0.22837  2.99440  2.40085      - C - - :
          1.38629  1.38629  1.38629  1.38629
          0.03908  3.95480  3.95480  1.46634  0.26236  1.37319  0.29209
      6   2.45195  2.93155  0.24474  2.55557      - G - - :
          1.38629  1.38629  1.38629  1.38629
          0.03908  3.95480  3.95480  1.46634  0.26236  0.96713  0.47831
      7   2.52069  0.33434  2.77216  1.95715      - C - - :
          1.38629  1.38629  1.38629  1.38629
          0.03870  3.96435  3.96435  1.46634  0.26236  1.23751  0.34264
      8   2.74304  2.48142  2.86235  0.22958      - U - - :
          1.38629  1.38629  1.38629  1.38629
          0.03870  3.96435  3.96435  1.46634  0.26236  1.23751  0.34264
      9   2.10882  0.54016  2.32044  1.62083      - C - - :
          1.38629  1.38629  1.38629  1.38629
          0.03870  3.96435  3.96435  1.46634  0.26236  1.23751  0.34264
     10   1.47800  2.61948  0.50052  2.37677      - G - - :
          1.38629  1.38629  1.38629  1.38629
          0.03870  3.96435  3.96435  1.46634  0.26236  1.23751  0.34264
     11   2.57757  0.35701  2.60707  1.89362      - C - - :
          1.38629  1.38629  1.38629  1.38629
          0.03870  3.96435  3.96435  1.46634  0.26236  1.07467  0.41765
     12   1.17302  2.08149  1.00234  1.61544      - g - - :
          1.38629  1.38629  1.38629  1.38629
          0.03857  3.96771  3.96771  1.46634  0.26236  0.94569  0.49170
     13   1.85453  0.90058  1.28437  1.83062      - c - - :
          1.38629  1.38629  1.38629  1.38629
          0.03837  3.97280  3.97280  1.46634  0.26236  1.09861  0.40547
     14   0.17914  3.06934  2.77483  2.89684      - A - - :
          1.38629  1.38629  1.38629  1.38629
          0.03837  3.97280  3.97280  1.46634  0.26236  1.09861  0.40547
     15   1.69021  2.54495  0.44865  2.31714      - G - - :
          1.38629  1.38629  1.38629  1.38629
          0.03837  3.97280  3.97280  1.46634  0.26236  1.09861  0.40547
     16   2.17789  1.43568  2.20751  0.61842      - U - - :
          1.38629  1.38629  1.38629  1.38629
          0.03837  3.97280  3.97280  1.46634  0.26236  1.09861  0.40547
     17   2.25403  2.14403  2.00293  0.44176      - U - - :
          1.38629  1.38629  1.38629  1.38629
          0.03837  3.97280  3.97280  1.46634  0.26236  1.09861  0.40547
     18   1.56123  1.97156  1.04023  1.21230      - g - - :
          1.38629  1.38629  1.38629  1.38629
          0.03837  3.97280  3.97280  1.46634  0.26236  1.09861  0.40547
     19   1.83231  2.60535  0.41404  2.25280      - G - - :
          1.38629  1.38629  1.38629  1.38629
          0.04012  3.97280  3.88709  1.46634  0.26236  1.09861  0.40547
     20   1.96980  1.44124  0.77254  1.81990      - g - - :
          1.38629  1.38629  1.38629  1.38629
          0.03843  3.97112  3.97112  1.46634  0.26236  1.04229  0.43486
     21   2.25718  0.45015  2.56735  1.70879      - C - - :
          1.38629  1.38629  1.38629  1.38629
          0.03837  3.97280  3.97280  1.46634  0.26236  1.09861  0.40547
     22   0.90492  1.70169  1.49944  1.66180      - a - - :
          1.38629  1.38629  1.38629  1.38629
          0.03837  3.97280  3.97280  1.46634  0.26236  1.09861  0.40547
     23   2.76019  2.49557  2.88014  0.22547      - U - - :
          1.38629  1.38629  1.38629  1.38629
          0.03837  3.97280  3.97280  1.46634  0.26236  1.09861  0.40547
     24   2.01665  2.15555  0.57151  1.67991      - G - - :
          1.38629  1.38629  1.38629  1.38629
          0.03837  3.97280  3.97280  1.46634  0.26236  1.09861  0.40547
     25   1.14910  1.94377  0.98315  1.79708      - g - - :
          1.38629  1.38629  1.38629  1.38629
          0.03837  3.97280  3.97280  1.46634  0.26236  1.09861  0.40547
     26   2.30924  0.78005  2.43804  1.03578      - c - - :
          1.38629  1.38629  1.38629  1.38629
          0.04008  3.97280  3.88905  1.46634  0.26236  1.09861  0.40547
     27   1.88398  1.20755  1.66628  1.02126      - u - - :
          1.38629  1.38629  1.38629  1.38629
          0.03843  3.97116  3.97116  1.46634  0.26236  1.04356  0.43417
     28   1.85020  1.76205  2.21760  0.57584      - U - - :
          1.38629  1.38629  1.38629  1.38629
          0.03837  3.97280  3.97280  1.46634  0.26236  1.09861  0.40547
     29   2.65210  2.29785  2.77972  0.26531      - U - - :
          1.38629  1.38629  1.38629  1.38629
          0.03837  3.97280  3.97280  1.46634  0.26236  1.09861  0.40547
     30   1.99423  0.59657  1.88123  1.82771      - C - - :
          1.38629  1.38629  1.38629  1.38629
          0.03837  3.97280  3.97280  1.46634  0.26236  1.09861  0.40547
     31   2.76019  2.49557  2.88014  0.22547      - U - - :
          1.38629  1.38629  1.38629  1.38629
          0.03837  3.97280  3.97280  1.46634  0.26236  1.09861  0.40547
     32   2.61642  3.15900  0.18844  2.87858      - G - - :
          1.38629  1.38629  1.38629  1.38629
          0.03837  3.97280  3.97280  1.46634  0.26236  1.09861  0.40547
     33   2.75815  3.34795  0.15225  3.15441      - G - - :
          1.38629  1.38629  1.38629  1.38629
          0.03837  3.97280  3.97280  1.46634  0.26236  1.09861  0.40547
     34   2.26515  0.54013  1.76149  1.95388      - C - - :
          1.38629  1.38629  1.38629  1.38629
          0.03837  3.97280  3.97280  1.46634  0.26236  1.09861  0.40547
     35   0.17585  3.08153  2.79844  2.91027      - A - - :
          1.38629  1.38629  1.38629  1.38629
          0.03837  3.97280  3.97280  1.46634  0.26236  1.09861  0.40547
     36   2.35280  0.58611  2.42545  1.34717      - C - - :
          1.38629  1.38629  1.38629  1.38629
          0.03837  3.97280  3.97280  1.46634  0.26236  1.09861  0.40547
     37   2.56652  3.24124  0.17875  3.04144      - G - - :
          1.38629  1.38629  1.38629  1.38629
          0.03837  3.97280  3.97280  1.46634  0.26236  1.09861  0.40547
     38   0.15091  3.18292  2.99795  3.02160      - A - - :
          1.38629  1.38629  1.38629  1.38629
          0.03837  3.97280  3.97280  1.46634  0.26236  1.09861  0.40547
     39   2.27230  1.22931  2.39797  0.66645      - U - - :
          1.38629  1.38629  1.38629  1.38629
          0.03837  3.97280  3.97280  1.46634  0.26236  1.09861  0.40547
     40   1.93933  0.82238  2.23710  1.17103      - c - - :
          1.38629  1.38629  1.38629  1.38629
          0.03837  3.97280  3.97280  1.46634  0.26236  1.09861  0.40547
     41   2.60455  2.20877  2.73454  0.28594      - U - - :
          1.38629  1.38629  1.38629  1.38629
          0.03837  3.97280  3.97280  1.46634  0.26236  1.09861  0.40547
     42   1.37122  2.30987  0.68321  1.95236      - G - - :
          1.38629  1.38629  1.38629  1.38629
          0.03837  3.97280  3.97280  1.46634  0.26236  1.09861  0.40547
     43   2.61259  3.26684  0.17192  3.06872      - G - - :
          1.38629  1.38629  1.38629  1.38629
          0.03837  3.97280  3.97280  1.46634  0.26236  1.09861  0.40547
     44   2.65374  0.30504  2.51819  2.19004      - C - - :
          1.38629  1.38629  1.38629  1.38629
          0.03837  3.97280  3.97280  1.46634  0.26236  1.09861  0.40547
     45   1.40770  2.06396  0.70489  2.00857      - g - - :
          1.38629  1.38629  1.38629  1.38629
          0.03837  3.97280  3.97280  1.46634  0.26236  1.09861  0.40547
     46   2.56656  3.24126  0.17874  3.04147      - G - - :
          1.38629  1.38629  1.38629  1.38629
          0.03837  3.97280  3.97280  1.46634  0.26236  1.09861  0.40547
     47   2.83364  0.24346  2.99196  2.23401      - C - - :
          1.38629  1.38629  1.38629  1.38629
          0.03837  3.97280  3.97280  1.46634  0.26236  1.09861  0.40547
     48   1.17260  1.90361  1.58486  1.08936      - u - - :
          1.38629  1.38629  1.38629  1.38629
          0.03837  3.97280  3.97280  1.46634  0.26236  1.09861  0.40547
     49   2.87595  0.22577  3.03240  2.32756      - C - - :
          1.38629  1.38629  1.38629  1.38629
          0.03837  3.97280  3.97280  1.46634  0.26236  1.09861  0.40547
     50   2.84332  0.23925  3.00134  2.25544      - C - - :
          1.38629  1.38629  1.38629  1.38629
          0.03837  3.97280  3.97280  1.46634  0.26236  1.09861  0.40547
     51   1.72198  2.45838  0.46795  2.21250      - G - - :
          1.38629  1.38629  1.38629  1.38629
          0.03837  3.97280  3.97280  1.46634  0.26236  1.09861  0.40547
     52   0.93134  1.99755  1.15672  1.85923      - a - - :
          1.38629  1.38629  1.38629  1.38629
          0.03837  3.97280  3.97280  1.46634  0.26236  1.09861  0.40547
     53   2.29368  1.59766  2.37767  0.50423      - U - - :
          1.38629  1.38629  1.38629  1.38629
          0.03837  3.97280  3.97280  1.46634  0.26236  1.09861  0.40547
     54   1.84821  0.76335  1.62492  1.71786      - c - - :
          1.38629  1.38629  1.38629  1.38629
          0.03837  3.97280  3.97280  1.46634  0.26236  1.09861  0.40547
     55   1.01492  1.15457  1.89640  1.75869      - a - - :
          1.38629  1.38629  1.38629  1.38629
          0.03837  3.97280  3.97280  1.46634  0.26236  1.09861  0.40547
     56   2.60455  2.20877  2.73454  0.28594      - U - - :
          1.38629  1.38629  1.38629  1.38629
          0.03837  3.97280  3.97280  1.46634  0.26236  1.09861  0.40547
     57   1.82419  1.63521  1.21717  1.05648      - u - - :
          1.38629  1.38629  1.38629  1.38629
          0.03837  3.97280  3.97280  1.46634  0.26236  1.09861  0.40547
     58   2.41984  3.16001  0.20270  2.95426      - G - - :
          1.38629  1.38629  1.38629  1.38629
          0.03837  3.97280  3.97280  1.46634  0.26236  1.09861  0.40547
     59   2.51616  0.45352  2.65910  1.54256      - C - - :
          1.38629  1.38629  1.38629  1.38629
          0.03837  3.97280  3.97280  1.46634  0.26236  1.09861  0.40547
     60   1.87015  1.62941  1.24992  1.01245      - u - - :
          1.38629  1.38629  1.38629  1.38629
          0.03837  3.97280  3.97280  1.46634  0.26236  1.09861  0.40547
     61   2.20611  3.04222  0.24471  2.82665      - G - - :
          1.38629  1.38629  1.38629  1.38629
          0.03837  3.97280  3.97280  1.46634  0.26236  1.09861  0.40547
     62   2.25429  2.53304  0.30272  2.56612      - G - - :
          1.38629  1.38629  1.38629  1.38629
          0.03837  3.97280  3.97280  1.46634  0.26236  1.09861  0.40547
     63   1.40133  1.14567  1.55034  1.49814      - c - - :
          1.38629  1.38629  1.38629  1.38629
          0.03837  3.97280  3.97280  1.46634  0.26236  1.09861  0.40547
     64   0.25333  2.84603  2.35306  2.65023      - A - - :
          1.38629  1.38629  1.38629  1.38629
          0.03837  3.97280  3.97280  1.46634  0.26236  1.09861  0.40547
     65   2.56670  2.13494  2.69799  0.30433      - U - - :
          1.38629  1.38629  1.38629  1.38629
          0.03837  3.97280  3.97280  1.46634  0.26236  1.09861  0.40547
     66   2.20390  1.73559  2.17534  0.51122      - U - - :
          1.38629  1.38629  1.38629  1.38629
          0.03837  3.97280  3.97280  1.46634  0.26236  1.09861  0.40547
     67   1.08906  1.28630  1.57014  1.71946      - a - - :
          1.38629  1.38629  1.38629  1.38629
          0.03837  3.97280  3.97280  1.46634  0.26236  1.09861  0.40547
     68   2.38403  1.70091  2.51379  0.43952      - U - - :
          1.38629  1.38629  1.38629  1.38629
          0.03837  3.97280  3.97280  1.46634  0.26236  1.09861  0.40547
     69   1.79491  1.54288  1.50686  0.92008      - u - - :
          1.38629  1.38629  1.38629  1.38629
          0.03837  3.97280  3.97280  1.46634  0.26236  1.09861  0.40547
     70   1.11903  2.44148  0.74470  2.19376      - g - - :
          1.38629  1.38629  1.38629  1.38629
          0.03837  3.97280  3.97280  1.46634  0.26236  1.09861  0.40547
     71   2.54320  0.42838  2.68808  1.60042      - C - - :
          1.38629  1.38629  1.38629  1.38629
          0.03837  3.97280  3.97280  1.46634  0.26236  1.09861  0.40547
     72   1.94788  0.46364  2.49621  1.92390      - C - - :
          1.38629  1.38629  1.38629  1.38629
          0.03837  3.97280  3.97280  1.46634  0.26236  1.09861  0.40547
     73   0.93562  2.37605  0.92710  2.12826      - g - - :
          1.38629  1.38629  1.38629  1.38629
          0.03837  3.97280  3.97280  1.46634  0.26236  1.09861  0.40547
     74   2.07425  1.39489  0.71542  1.98411      - g - - :
          1.38629  1.38629  1.38629  1.38629
          0.03837  3.97280  3.97280  1.46634  0.26236  1.09861  0.40547
     75   1.29872  1.38244  1.97660  1.08585      - u - - :
          1.38629  1.38629  1.38629  1.38629
          0.03837  3.97280  3.97280  1.46634  0.26236  1.09861  0.40547
     76   1.32328  1.44568  1.22431  1.58869      - g - - :
          1.38629  1.38629  1.38629  1.38629
          0.03837  3.97280  3.97280  1.46634  0.26236  1.09861  0.40547
     77   2.20678  1.25711  2.35919  0.67144      - U - - :
          1.38629  1.38629  1.38629  1.38629
          0.03837  3.97280  3.97280  1.46634  0.26236  1.09861  0.40547
     78   2.04056  2.20286  0.48081  1.95705      - G - - :
          1.38629  1.38629  1.38629  1.38629
          0.03837  3.97280  3.97280  1.46634  0.26236  1.09861  0.40547
     79   0.49981  2.26062  2.28265  1.67635      - A - - :
          1.38629  1.38629  1.38629  1.38629
          0.03837  3.97280  3.97280  1.46634  0.26236  1.09861  0.40547
     80   2.76019  2.49557  2.88014  0.22547      - U - - :
          1.38629  1.38629  1.38629  1.38629
          0.03837  3.97280  3.97280  1.46634  0.26236  1.09861  0.40547
     81   2.27060  0.96099  2.39681  0.85985      - u - - :
          1.38629  1.38629  1.38629  1.38629
          0.03837  3.97280  3.97280  1.46634  0.26236  1.09861  0.40547
     82   2.07722  2.39773  0.48068  1.79917      - G - - :
          1.38629  1.38629  1.38629  1.38629
          0.03837  3.97280  3.97280  1.46634  0.26236  1.09861  0.40547
     83   2.76019  2.49557  2.88014  0.22547      - U - - :
          1.38629  1.38629  1.38629  1.38629
          0.03837  3.97280  3.97280  1.46634  0.26236  1.09861  0.40547
     84   1.61493  1.27855  1.10457  1.65391      - g - - :
          1.38629  1.38629  1.38629  1.38629
          0.03837  3.97280  3.97280  1.46634  0.26236  1.09861  0.40547
     85   0.85628  2.36093  1.02123  2.11384      - a - - :
          1.38629  1.38629  1.38629  1.38629
          0.03837  3.97280  3.97280  1.46634  0.26236  1.09861  0.40547
     86   1.39806  2.58565  0.54236  2.34133      - G - - :
          1.38629  1.38629  1.38629  1.38629
          0.03837  3.97280  3.97280  1.46634  0.26236  1.09861  0.40547
     87   2.76600  0.27587  2.92419  2.08368      - C - - :
          1.38629  1.38629  1.38629  1.38629
          0.03837  3.97280  3.97280  1.46634  0.26236  1.09861  0.40547
     88   2.38380  1.98835  2.56763  0.36505      - U - - :
          1.38629  1.38629  1.38629  1.38629
          0.03837  3.97280  3.97280  1.46634  0.26236  1.09861  0.40547
     89   2.47912  2.88667  0.22857  2.73723      - G - - :
          1.38629  1.38629  1.38629  1.38629
          0.03837  3.97280  3.97280  1.46634  0.26236  1.09861  0.40547
     90   2.75815  3.34795  0.15225  3.15441      - G - - :
          1.38629  1.38629  1.38629  1.38629
          0.03837  3.97280  3.97280  1.46634  0.26236  1.09861  0.40547
     91   1.61911  1.17328  2.05425  1.00954      - u - - :
          1.38629  1.38629  1.38629  1.38629
          0.03837  3.97280  3.97280  1.46634  0.26236  1.09861  0.40547
     92   2.00738  2.11380  1.03785  0.93990      - u - - :
          1.38629  1.38629  1.38629  1.38629
          0.03837  3.97280  3.97280  1.46634  0.26236  1.09861  0.40547
     93   1.93517  2.44489  0.38942  2.39237      - G - - :
          1.38629  1.38629  1.38629  1.38629
          0.03837  3.97280  3.97280  1.46634  0.26236  1.09861  0.40547
     94   1.39582  0.98315  1.62803  1.70417      - c - - :
          1.38629  1.38629  1.38629  1.38629
          0.03837  3.97280  3.97280  1.46634  0.26236  1.09861  0.40547
     95   0.99789  2.39419  0.85999  2.14618      - g - - :
          1.38629  1.38629  1.38629  1.38629
          0.03837  3.97280  3.97280  1.46634  0.26236  1.09861  0.40547
     96   2.01445  1.55903  2.27244  0.59202      - U - - :
          1.38629  1.38629  1.38629  1.38629
          0.03837  3.97280  3.97280  1.46634  0.26236  1.09861  0.40547
     97   0.66581  1.78184  1.82428  1.85483      - A - - :
          1.38629  1.38629  1.38629  1.38629
          0.03837  3.97280  3.97280  1.46634  0.26236  1.09861  0.40547
     98   0.47076  2.49506  1.66544  2.26460      - A - - :
          1.38629  1.38629  1.38629  1.38629
          0.03837  3.97280  3.97280  1.46634  0.26236  1.09861  0.40547
     99   1.89708  0.83564  1.45826  1.69414      - c - - :
          1.38629  1.38629  1.38629  1.38629
          0.03837  3.97280  3.97280  1.46634  0.26236  1.09861  0.40547
    100   1.49045  0.60257  2.36673  2.01337      - C - - :
          1.38629  1.38629  1.38629  1.38629
          0.03837  3.97280  3.97280  1.46634  0.26236  1.09861  0.40547
    101   2.22925  3.05497  0.23969  2.84049      - G - - :
          1.38629  1.38629  1.38629  1.38629
          0.03837  3.97280  3.97280  1.46634  0.26236  1.09861  0.40547
    102   2.06729  2.33179  0.37844  2.39230      - G - - :
          1.38629  1.38629  1.38629  1.38629
          0.03837  3.97280  3.97280  1.46634  0.26236  1.09861  0.40547
    103   0.15091  3.18292  2.99795  3.02160      - A - - :
          1.38629  1.38629  1.38629  1.38629
          0.03837  3.97280  3.97280  1.46634  0.26236  1.09861  0.40547
    104   0.28984  2.76250  2.19795  2.55808      - A - - :
          1.38629  1.38629  1.38629  1.38629
          0.03837  3.97280  3.97280  1.46634  0.26236  1.09861  0.40547
    105   2.12238  2.99609  0.26394  2.77656      - G - - :
          1.38629  1.38629  1.38629  1.38629
                *  0.00000        *  0.45905  0.99936  0.00000        *
//
