INFERNAL1/a [1.1.2 | July 2016]
NAME     t_pro_hok_sok_tadb_round5_0001
STATES   463
NODES    155
CLEN     153
W        268
ALPH     RNA
RF       no
CONS     yes
MAP      yes
DATE     Tue Dec 17 15:20:41 2019
COM      [1] cmbuild /home/co78wid/projects/master/results/ta_systems/hok_sok_tadb/2_structure_analysis/infernal_search/t_pro_hok_sok_tadb_cmbuild.txt /home/co78wid/projects/master/results/ta_systems/hok_sok_tadb/1_sequence_analysis/fold/t_pro_hok_sok_tadb_round5.stk
COM      [2] cmcalibrate --cpu 30 /home/co78wid/projects/master/results/ta_systems/hok_sok_tadb/2_structure_analysis/infernal_search/t_pro_hok_sok_tadb_cmbuild.txt
PBEGIN   0.05
PEND     0.05
WBETA    1e-07
QDBBETA1 1e-07
QDBBETA2 1e-15
N2OMEGA  1.52588e-05
N3OMEGA  1.52588e-05
ELSELF   -0.08926734
NSEQ     1079
EFFN     6.935558
CKSUM    1949802935
NULL     0.000  0.000  0.000  0.000 
EFP7GF   -9.0318 0.71775
ECMLC    0.66885   -11.68357    -2.51377     1600000      553084  0.002170
ECMGC    0.36901   -19.29767    -9.82374     1600000       13193  0.030319
ECMLI    0.55982   -10.09858    -0.07127     1600000      328904  0.003648
ECMGI    0.42696    -8.76431    -0.60503     1600000       13032  0.030694
CM
                                             [ ROOT    0 ]      -      - - - - -
     S     0    -1 0     1     4     1     1   268   422  -8.224  -8.431  -0.327  -2.345                 
    IL     1     1 2     1     4    41    90   270   424  -1.686  -2.369  -1.117  -4.855                  0.000  0.000  0.000  0.000 
    IR     2     2 3     2     3    41    90   270   424  -1.442  -0.798  -4.142                          0.000  0.000  0.000  0.000 
                                             [ MATL    1 ]     60      - a - - -
    ML     3     2 3     5     3    42    90   268   422  -4.308  -0.095  -6.235                          0.921 -1.787  0.544 -1.479 
     D     4     2 3     5     3    34    83   264   418 -14.217  -3.562  -0.128                         
    IL     5     5 3     5     3    42    91   268   422  -3.938  -0.098 -11.581                          0.000  0.000  0.000  0.000 
                                             [ MATL    2 ]     62      - a - - -
    ML     6     5 3     8     3    41    90   267   421  -6.247  -0.040  -6.141                          0.526 -0.606 -0.338  0.153 
     D     7     5 3     8     3    34    83   263   417 -14.170  -3.288  -0.156                         
    IL     8     8 3     8     3    43    92   272   426  -0.384  -2.121  -8.028                          0.000  0.000  0.000  0.000 
                                             [ MATL    3 ]     63      - a - - -
    ML     9     8 3    11     3    40    89   266   420  -6.262  -0.038  -6.262                          0.308 -0.408  0.165 -0.173 
     D    10     8 3    11     3    34    82   263   417 -14.105  -1.415  -0.678                         
    IL    11    11 3    11     3    42    91   271   425  -0.384  -2.121  -8.028                          0.000  0.000  0.000  0.000 
                                             [ MATL    4 ]     64      - A - - -
    ML    12    11 3    14     3    40    88   265   419  -6.364  -0.035  -6.364                          1.007 -0.439 -0.563 -0.798 
     D    13    11 3    14     3    33    81   261   415 -13.552  -3.586  -0.126                         
    IL    14    14 3    14     3    42    90   270   424  -0.384  -2.121  -8.028                          0.000  0.000  0.000  0.000 
                                             [ MATL    5 ]     65      - U - - -
    ML    15    14 3    17     3    39    88   264   418  -6.364  -0.035  -6.364                          0.017 -1.237 -1.449  1.136 
     D    16    14 3    17     3    33    81   261   415 -13.552  -3.586  -0.126                         
    IL    17    17 3    17     3    41    90   269   423  -0.384  -2.121  -8.028                          0.000  0.000  0.000  0.000 
                                             [ MATL    6 ]     66      - G - - -
    ML    18    17 3    20     3    39    87   263   417  -3.991  -0.113  -6.325                         -0.671 -1.577  1.428 -1.530 
     D    19    17 3    20     3    33    81   260   414 -13.552  -0.857  -1.159                         
    IL    20    20 3    20     3    40    88   264   418  -1.432  -0.668 -12.717                          0.000  0.000  0.000  0.000 
                                             [ MATL    7 ]     70      - C - - -
    ML    21    20 3    23     3    38    86   262   416  -6.459  -0.035  -6.276                         -0.762  1.526 -2.426 -1.534 
     D    22    20 3    23     3    31    78   258   412 -12.645  -2.641  -0.252                         
    IL    23    23 3    23     3    40    88   266   420  -0.384  -2.121  -8.028                          0.000  0.000  0.000  0.000 
                                             [ MATL    8 ]     71      - c - - -
    ML    24    23 3    26     3    38    86   261   415  -4.349  -0.091  -6.391                         -0.049  0.568 -0.986  0.065 
     D    25    23 3    26     3    31    78   257   411 -12.670  -2.704  -0.241                         
    IL    26    26 3    26     3    38    86   261   415  -1.755  -0.507 -12.226                          0.000  0.000  0.000  0.000 
                                             [ MATL    9 ]     75      - G - - -
    ML    27    26 3    29     3    37    85   260   414  -4.183  -0.099  -6.456                         -0.037 -1.743  1.244 -1.483 
     D    28    26 3    29     3    30    78   256   410 -12.680  -1.932  -0.439                         
    IL    29    29 3    29     3    38    86   261   415  -0.915  -1.091 -13.018                          0.000  0.000  0.000  0.000 
                                             [ MATL   10 ]     79      - c - - -
    ML    30    29 3    32     3    36    84   259   413  -6.468  -0.037  -6.150                          0.120  0.629 -0.931 -0.247 
     D    31    29 3    32     3    30    77   255   409 -12.512  -2.364  -0.312                         
    IL    32    32 3    32     3    38    86   263   417  -0.384  -2.121  -8.028                          0.000  0.000  0.000  0.000 
                                             [ MATL   11 ]     80      - a - - -
    ML    33    32 3    35     3    36    83   258   412  -6.466  -0.036  -6.252                          0.559 -0.233 -0.215 -0.297 
     D    34    32 3    35     3    29    76   254   408 -12.540  -2.574  -0.266                         
    IL    35    35 3    35     3    38    85   262   416  -0.384  -2.121  -8.028                          0.000  0.000  0.000  0.000 
                                             [ MATL   12 ]     81      - a - - -
    ML    36    35 3    38     3    36    83   257   411  -6.463  -0.033  -6.463                          0.843 -0.701 -0.302 -0.358 
     D    37    35 3    38     3    29    76   253   407 -12.578  -1.878  -0.458                         
    IL    38    38 3    38     3    37    85   261   415  -0.384  -2.121  -8.028                          0.000  0.000  0.000  0.000 
                                             [ MATL   13 ]     82      - A - - -
    ML    39    38 3    41     3    35    82   256   410  -6.474  -0.033  -6.474                          1.330 -0.648 -1.449 -1.055 
     D    40    38 3    41     3    28    75   251   405 -12.412  -2.128  -0.375                         
    IL    41    41 3    41     3    37    84   260   414  -0.384  -2.121  -8.028                          0.000  0.000  0.000  0.000 
                                             [ MATL   14 ]     83      - A - - -
    ML    42    41 3    44     3    34    81   255   409  -6.478  -0.033  -6.478                          1.275 -1.583 -0.180 -1.461 
     D    43    41 3    44     3    27    74   250   404 -12.345  -2.124  -0.376                         
    IL    44    44 3    44     3    36    83   259   413  -0.384  -2.121  -8.028                          0.000  0.000  0.000  0.000 
                                             [ MATL   15 ]     84      - a - - -
    ML    45    44 3    47     3    34    81   254   408  -6.481  -0.033  -6.481                          0.596 -0.594  0.049 -0.338 
     D    46    44 3    47     3    27    73   248   402 -12.291  -2.291  -0.330                         
    IL    47    47 3    47     3    35    83   258   412  -0.384  -2.121  -8.028                          0.000  0.000  0.000  0.000 
                                             [ MATL   16 ]     85      - a - - -
    ML    48    47 3    50     3    33    80   253   407  -6.482  -0.033  -6.482                          0.232 -0.438 -0.096  0.204 
     D    49    47 3    50     3    26    73   247   401 -12.284  -2.318  -0.323                         
    IL    50    50 3    50     3    35    82   257   411  -0.384  -2.121  -8.028                          0.000  0.000  0.000  0.000 
                                             [ MATL   17 ]     86      - c - - -
    ML    51    50 3    53     3    33    79   252   406  -6.482  -0.034  -6.373                          0.220  0.701 -0.822 -0.635 
     D    52    50 3    53     3    26    72   245   399 -12.284  -2.318  -0.323                         
    IL    53    53 3    53     3    34    81   256   410  -0.384  -2.121  -8.028                          0.000  0.000  0.000  0.000 
                                             [ MATL   18 ]     87      - u - - -
    ML    54    53 3    56     3    32    79   251   405  -6.480  -0.033  -6.480                         -0.671 -0.205  0.071  0.540 
     D    55    53 3    56     3    26    72   243   397 -12.306  -2.341  -0.318                         
    IL    56    56 3    56     3    34    80   255   409  -0.384  -2.121  -8.028                          0.000  0.000  0.000  0.000 
                                             [ MATL   19 ]     88      - g - - -
    ML    57    56 3    59     3    32    78   250   404  -6.480  -0.033  -6.480                          0.028 -0.250  0.464 -0.395 
     D    58    56 3    59     3    25    71   240   394 -12.306  -2.341  -0.318                         
    IL    59    59 3    59     3    33    80   254   408  -0.384  -2.121  -8.028                          0.000  0.000  0.000  0.000 
                                             [ MATL   20 ]     89      - u - - -
    ML    60    59 3    62     3    31    77   249   403  -6.480  -0.033  -6.480                         -1.070  0.240 -0.965  0.872 
     D    61    59 3    62     3    25    71   234   388 -12.306  -2.341  -0.318                         
    IL    62    62 3    62     3    33    79   253   407  -0.384  -2.121  -8.028                          0.000  0.000  0.000  0.000 
                                             [ MATL   21 ]     90      - g - - -
    ML    63    62 3    65     3    30    76   248   402  -4.788  -0.070  -6.480                         -0.674 -0.111  0.518  0.022 
     D    64    62 3    65     3    24    70   217   357 -12.306  -2.172  -0.362                         
    IL    65    65 3    65     3    34    80   274   428  -0.172  -3.150 -14.313                          0.000  0.000  0.000  0.000 
                                             [ MATL   22 ]    100      - u - - -
    ML    66    65 3    68     3    30    75   218   315  -6.482  -0.033  -6.448                         -0.300  0.149 -0.452  0.431 
     D    67    65 3    68     3    24    69   215   312 -12.270  -2.305  -0.327                         
    IL    68    68 3    68     3    31    77   224   321  -0.384  -2.121  -8.028                          0.000  0.000  0.000  0.000 
                                             [ MATL   23 ]    101      - U - - -
    ML    69    68 3    71     3    29    75   217   314  -6.482  -0.067  -4.863                         -2.219 -1.690 -2.795  1.736 
     D    70    68 3    71     3    23    69   214   311 -12.277  -2.312  -0.325                         
    IL    71    71 3    71     3    31    77   223   320  -0.384  -2.121  -8.028                          0.000  0.000  0.000  0.000 
                                             [ MATL   24 ]    102      - a - - -
    ML    72    71 3    74     3    29    74   216   313  -6.448  -0.033  -6.448                          0.296 -0.239 -0.270  0.132 
     D    73    71 3    74     3    23    68   213   310 -12.781  -2.639  -0.253                         
    IL    74    74 3    74     3    31    76   222   319  -0.384  -2.121  -8.028                          0.000  0.000  0.000  0.000 
                                             [ MATL   25 ]    103      - g - - -
    ML    75    74 3    77     3    28    73   215   312  -6.091  -0.039  -6.402                         -0.035 -0.579  0.250  0.220 
     D    76    74 3    77     3    22    68   212   309 -12.754  -2.788  -0.226                         
    IL    77    77 3    77     3    29    74   216   313  -1.443  -0.666  -9.087                          0.000  0.000  0.000  0.000 
                                             [ MATL   26 ]    105      - u - - -
    ML    78    77 3    80     3    28    73   214   311  -6.450  -0.033  -6.450                         -0.694 -0.754  0.003  0.838 
     D    79    77 3    80     3    22    67   212   309 -12.761  -0.942  -1.061                         
    IL    80    80 3    80     3    29    74   220   317  -0.384  -2.121  -8.028                          0.000  0.000  0.000  0.000 
                                             [ MATL   27 ]    106      - g - - -
    ML    81    80 3    83     3    27    72   213   310  -6.492  -0.032  -6.492                         -0.457  0.097  0.468 -0.288 
     D    82    80 3    83     3    21    66   210   307 -12.080  -1.683  -0.539                         
    IL    83    83 3    83     3    28    74   219   316  -0.384  -2.121  -8.028                          0.000  0.000  0.000  0.000 
                                             [ MATL   28 ]    107      - g - - -
    ML    84    83 3    86     3    26    71   212   309  -6.498  -0.032  -6.498                         -0.042 -1.311  0.588  0.167 
     D    85    83 3    86     3    20    65   208   305 -11.959  -1.959  -0.430                         
    IL    86    86 3    86     3    28    73   218   315  -0.384  -2.121  -8.028                          0.000  0.000  0.000  0.000 
                                             [ MATL   29 ]    108      - g - - -
    ML    87    86 3    89     3    26    70   211   308  -6.498  -0.035  -6.307                         -0.688  0.296  0.400 -0.265 
     D    88    86 3    89     3    19    64   207   304 -11.950  -1.984  -0.421                         
    IL    89    89 3    89     3    27    72   217   313  -0.384  -2.121  -8.028                          0.000  0.000  0.000  0.000 
                                             [ MATL   30 ]    109      - c - - -
    ML    90    89 3    92     3    25    69   209   307  -6.496  -0.033  -6.438                         -0.136  0.280 -0.307  0.094 
     D    91    89 3    92     3    19    63   206   303 -12.001  -1.941  -0.436                         
    IL    92    92 3    92     3    27    71   215   312  -0.384  -2.121  -8.028                          0.000  0.000  0.000  0.000 
                                             [ MATL   31 ]    110      - c - - -
    ML    93    92 3    95     3    24    69   208   305  -6.496  -0.032  -6.496                         -0.471  0.200  0.004  0.173 
     D    94    92 3    95     3    18    63   205   302 -11.992  -2.026  -0.407                         
    IL    95    95 3    95     3    26    70   214   311  -0.384  -2.121  -8.028                          0.000  0.000  0.000  0.000 
                                             [ MATL   32 ]    111      - U - - -
    ML    96    95 3    98     3    24    68   207   304  -5.642  -0.046  -6.496                         -2.797 -1.686 -3.071  1.777 
     D    97    95 3    98     3    18    62   204   301 -11.992  -1.835  -0.475                         
    IL    98    98 3    98     3    25    69   209   306  -0.897  -1.113 -10.875                          0.000  0.000  0.000  0.000 
                                             [ MATL   33 ]    114      - g - - -
    ML    99    98 3   101     3    23    67   206   303  -6.499  -0.032  -6.499                          0.169 -0.284  0.476 -0.592 
     D   100    98 3   101     3    17    61   203   300 -11.940  -1.917  -0.444                         
    IL   101   101 3   101     3    25    69   212   309  -0.384  -2.121  -8.028                          0.000  0.000  0.000  0.000 
                                             [ MATL   34 ]    115      - a - - -
    ML   102   101 3   104     3    23    66   205   302  -6.499  -0.032  -6.499                          0.655 -0.949 -0.246  0.090 
     D   103   101 3   104     3    16    60   202   299 -11.925  -1.960  -0.429                         
    IL   104   104 3   104     3    24    68   211   308  -0.384  -2.121  -8.028                          0.000  0.000  0.000  0.000 
                                             [ MATL   35 ]    116      - U - - -
    ML   105   104 3   107     3    22    65   204   301  -6.499  -0.032  -6.499                         -2.095 -1.216 -2.395  1.653 
     D   106   104 3   107     3    16    60   201   298 -11.925  -1.960  -0.429                         
    IL   107   107 3   107     3    23    67   210   307  -0.384  -2.121  -8.028                          0.000  0.000  0.000  0.000 
                                             [ MATL   36 ]    117      - c - - -
    ML   108   107 3   110     3    21    64   203   300  -6.499  -0.041  -5.908                         -0.038  0.358 -0.402 -0.019 
     D   109   107 3   110     3    15    59   199   297 -11.925  -1.830  -0.477                         
    IL   110   110 3   110     3    23    66   209   306  -0.384  -2.121  -8.028                          0.000  0.000  0.000  0.000 
                                             [ MATL   37 ]    118      - G - - -
    ML   111   110 3   113     3    21    64   201   299  -6.493  -0.032  -6.493                          0.200 -1.833  1.167 -1.619 
     D   112   110 3   113     3    15    58   198   296 -12.071  -1.514  -0.622                         
    IL   113   113 3   113     3    22    66   208   305  -0.384  -2.121  -8.028                          0.000  0.000  0.000  0.000 
                                             [ MATL   38 ]    119      - U - - -
    ML   114   113 3   116     3    20    63   200   298  -6.501  -0.032  -6.501                         -2.343 -1.242 -2.885  1.698 
     D   115   113 3   116     3    14    57   197   294 -11.890  -1.924  -0.442                         
    IL   116   116 3   116     3    22    65   206   303  -0.384  -2.121  -8.028                          0.000  0.000  0.000  0.000 
                                             [ MATL   39 ]    120      - c - - -
    ML   117   116 3   119     3    19    62   199   297  -6.501  -0.032  -6.501                         -0.298  0.245 -0.259  0.222 
     D   118   116 3   119     3    13    56   196   293 -11.890  -1.876  -0.460                         
    IL   119   119 3   119     3    21    64   205   302  -0.384  -2.121  -8.028                          0.000  0.000  0.000  0.000 
                                             [ MATL   40 ]    121      - a - - -
    ML   120   119 3   122     3    19    61   198   295  -6.501  -0.032  -6.501                          0.568 -0.499  0.258 -0.704 
     D   121   119 3   122     3    13    56   195   292 -11.877  -1.911  -0.446                         
    IL   122   122 3   122     3    20    63   204   301  -0.384  -2.121  -8.028                          0.000  0.000  0.000  0.000 
                                             [ MATL   41 ]    122      - U - - -
    ML   123   122 3   125     3    18    60   197   294  -6.501  -0.032  -6.501                         -2.938 -1.843 -3.320  1.804 
     D   124   122 3   125     3    12    55   193   290 -11.877  -1.911  -0.446                         
    IL   125   125 3   125     3    20    62   203   300  -0.384  -2.121  -8.028                          0.000  0.000  0.000  0.000 
                                             [ MATL   42 ]    123      - c - - -
    ML   126   125 3   128     3    18    60   196   293  -6.501  -0.032  -6.501                         -0.567  0.340 -0.036  0.116 
     D   127   125 3   128     3    12    54   192   289 -11.877  -1.911  -0.446                         
    IL   128   128 3   128     3    19    61   202   299  -0.384  -2.121  -8.028                          0.000  0.000  0.000  0.000 
                                             [ MATL   43 ]    124      - U - - -
    ML   129   128 3   131     3    17    59   195   292  -6.501  -0.032  -6.501                         -2.332 -2.436 -2.647  1.790 
     D   130   128 3   131     3    11    53   190   286 -11.877  -1.911  -0.446                         
    IL   131   131 3   131     3    18    61   201   298  -0.384  -2.121  -8.028                          0.000  0.000  0.000  0.000 
                                             [ MATL   44 ]    125      - G - - -
    ML   132   131 3   134     3    16    58   194   291  -6.501  -0.032  -6.501                         -2.108 -2.484  1.788 -2.874 
     D   133   131 3   134     3    10    53   189   283 -11.877  -1.911  -0.446                         
    IL   134   134 3   134     3    18    60   200   297  -0.384  -2.121  -8.028                          0.000  0.000  0.000  0.000 
                                             [ MATL   45 ]    126      - U - - -
    ML   135   134 3   137     3    15    57   192   290  -5.144  -0.058  -6.501                         -1.952  0.021 -2.387  1.342 
     D   136   134 3   137     3    10    52   186   270 -11.877  -1.366  -0.709                         
    IL   137   137 3   137     3    18    60   208   308  -0.266  -2.570 -13.233                          0.000  0.000  0.000  0.000 
                                             [ MATL   46 ]    133      - u - - -
    ML   138   137 3   140     3    15    56   188   271  -6.509  -0.032  -6.509                          0.203 -0.295 -0.439  0.375 
     D   139   137 3   140     3     9    51   185   267 -11.689  -1.724  -0.521                         
    IL   140   140 3   140     3    16    58   194   278  -0.384  -2.121  -8.028                          0.000  0.000  0.000  0.000 
                                             [ MATL   47 ]    134      - U - - -
    ML   141   140 3   143     3    14    55   187   269  -6.509  -0.032  -6.474                         -1.891 -1.002 -1.377  1.509 
     D   142   140 3   143     3     8    50   183   266 -11.689  -1.724  -0.521                         
    IL   143   143 3   143     3    16    57   193   277  -0.384  -2.121  -8.028                          0.000  0.000  0.000  0.000 
                                             [ MATL   48 ]    135      - c - - -
    ML   144   143 3   146     3    13    54   185   268  -6.508  -0.032  -6.508                         -0.123  0.219  0.018 -0.143 
     D   145   143 3   146     3     8    49   182   265 -11.700  -1.568  -0.594                         
    IL   146   146 3   146     3    15    56   192   276  -0.384  -2.121  -8.028                          0.000  0.000  0.000  0.000 
                                             [ MATL   49 ]    136      - A - - -
    ML   147   146 3   149     3    13    54   184   267  -6.510  -0.032  -6.510                          1.891 -3.552 -3.094 -3.481 
     D   148   146 3   149     3     7    48   181   264 -11.646  -1.680  -0.540                         
    IL   149   149 3   149     3    14    55   191   274  -0.384  -2.121  -8.028                          0.000  0.000  0.000  0.000 
                                             [ MATL   50 ]    137      - C - - -
    ML   150   149 3   152     3    12    53   183   266  -6.510  -0.032  -6.510                         -3.549  1.866 -3.859 -2.325 
     D   151   149 3   152     3     6    48   180   262 -11.646  -1.680  -0.540                         
    IL   152   152 3   152     3    14    55   190   273  -0.384  -2.121  -8.028                          0.000  0.000  0.000  0.000 
                                             [ MATL   51 ]    138      - g - - -
    ML   153   152 3   155     3    11    52   182   264  -6.510  -0.032  -6.510                         -0.236 -0.202  0.680 -0.557 
     D   154   152 3   155     3     6    47   179   261 -11.646  -1.680  -0.540                         
    IL   155   155 3   155     3    13    54   188   272  -0.384  -2.121  -8.028                          0.000  0.000  0.000  0.000 
                                             [ MATL   52 ]    139      - g - - -
    ML   156   155 3   158     3    11    51   181   263  -6.510  -0.032  -6.510                          0.015 -0.279  0.636 -0.710 
     D   157   155 3   158     3     5    46   178   260 -11.646  -1.680  -0.540                         
    IL   158   158 3   158     3    12    53   187   271  -0.384  -2.121  -8.028                          0.000  0.000  0.000  0.000 
                                             [ MATL   53 ]    140      - U - - -
    ML   159   158 3   161     3    10    50   179   262  -6.510  -0.032  -6.510                         -2.825 -0.991 -3.077  1.695 
     D   160   158 3   161     3     5    45   176   259 -11.646  -1.680  -0.540                         
    IL   161   161 3   161     3    12    52   186   269  -0.384  -2.121  -8.028                          0.000  0.000  0.000  0.000 
                                             [ MATL   54 ]    141      - a - - -
    ML   162   161 3   164     3    10    49   178   260  -6.510  -0.032  -6.510                          0.242 -0.209 -0.039 -0.031 
     D   163   161 3   164     3     4    44   175   257 -11.646  -1.574  -0.591                         
    IL   164   164 3   164     3    11    51   185   268  -0.384  -2.121  -8.028                          0.000  0.000  0.000  0.000 
                                             [ MATL   55 ]    142      - u - - -
    ML   165   164 3   167     3     9    48   177   259  -6.511  -0.032  -6.511                         -0.051  0.140 -0.504  0.297 
     D   166   164 3   167     3     3    43   174   256 -11.611  -1.646  -0.556                         
    IL   167   167 3   167     3    10    50   184   267  -0.384  -2.121  -8.028                          0.000  0.000  0.000  0.000 
                                             [ MATL   56 ]    143      - U - - -
    ML   168   167 3   170     3     8    48   176   258  -6.100  -0.037  -6.511                         -3.262 -2.492 -3.110  1.849 
     D   169   167 3   170     3     3    43   173   255 -11.611  -1.646  -0.556                         
    IL   170   170 3   170     3     9    48   176   258  -1.563  -0.600  -9.207                          0.000  0.000  0.000  0.000 
                                             [ MATL   57 ]    145      - G - - -
    ML   171   170 3   173     3     8    47   175   257  -6.511  -0.032  -6.511                          0.029 -1.209  1.016 -0.928 
     D   172   170 3   173     3     2    42   172   254 -11.611  -1.646  -0.556                         
    IL   173   173 3   173     3     9    48   182   264  -0.384  -2.121  -8.028                          0.000  0.000  0.000  0.000 
                                             [ MATL   58 ]    146      - g - - -
    ML   174   173 3   176     3     7    46   174   256  -6.511  -0.032  -6.511                          0.189 -1.160  0.508 -0.015 
     D   175   173 3   176     3     1    41   171   252 -11.611  -1.646  -0.556                         
    IL   176   176 3   176     3     8    48   180   263  -0.384  -2.121  -8.028                          0.000  0.000  0.000  0.000 
                                             [ MATL   59 ]    147      - u - - -
    ML   177   176 3   179     3     6    45   172   254  -6.511  -0.032  -6.511                         -1.224 -0.508 -0.056  0.931 
     D   178   176 3   179     3     1    40   169   251 -11.611  -1.646  -0.556                         
    IL   179   179 3   179     3     8    47   179   262  -0.384  -2.121  -8.028                          0.000  0.000  0.000  0.000 
                                             [ MATL   60 ]    148      - a - - -
    ML   180   179 3   182     3     6    44   171   253  -6.511  -0.033  -6.459                          0.458 -0.472  0.001 -0.145 
     D   181   179 3   182     3     0    39   168   250 -11.611  -1.646  -0.556                         
    IL   182   182 3   182     3     7    46   178   261  -0.384  -2.121  -8.028                          0.000  0.000  0.000  0.000 
                                             [ MATL   61 ]    149      - U - - -
    ML   183   182 3   185     3     5    43   170   252  -6.511  -0.032  -6.511                         -0.262 -1.047 -0.625  1.024 
     D   184   182 3   185     3     0    38   167   249 -11.628  -1.610  -0.573                         
    IL   185   185 3   185     3     7    45   177   259  -0.384  -2.121  -8.028                          0.000  0.000  0.000  0.000 
                                             [ MATL   62 ]    150      - U - - -
    ML   186   185 3   188     3     5    42   169   250  -6.511  -0.032  -6.476                         -1.699 -0.189 -1.294  1.267 
     D   187   185 3   188     3     0    38   166   247 -11.611  -1.646  -0.556                         
    IL   188   188 3   188     3     6    44   176   258  -0.384  -2.121  -8.028                          0.000  0.000  0.000  0.000 
                                             [ MATL   63 ]    151      - c - - -
    ML   189   188 3   191     3     4    42   168   249  -6.511  -0.033  -6.465                         -0.647  0.246 -0.001  0.234 
     D   190   188 3   191     3     0    37   165   246 -11.623  -1.539  -0.609                         
    IL   191   191 3   191     3     5    43   174   257  -0.384  -2.121  -8.028                          0.000  0.000  0.000  0.000 
                                             [ MATL   64 ]    152      - a - - -
    ML   192   191 3   194     3     4    41   166   248  -6.512  -0.032  -6.512                          0.810 -0.963  0.207 -0.786 
     D   193   191 3   194     3     0    36   164   245 -11.598  -1.553  -0.602                         
    IL   194   194 3   194     3     5    42   173   256  -0.384  -2.121  -8.028                          0.000  0.000  0.000  0.000 
                                             [ MATL   65 ]    153      - C - - -
    ML   195   194 3   197     3     3    40   165   247  -6.513  -0.032  -6.513                         -2.464  1.335 -2.469  0.157 
     D   196   194 3   197     3     0    35   162   243 -11.572  -1.606  -0.575                         
    IL   197   197 3   197     3     4    42   172   254  -0.384  -2.121  -8.028                          0.000  0.000  0.000  0.000 
                                             [ MATL   66 ]    154      - c - - -
    ML   198   197 3   200     3     3    39   164   245  -6.513  -0.033  -6.421                          0.191  0.209 -0.082 -0.401 
     D   199   197 3   200     3     0    34   161   242 -11.572  -1.545  -0.606                         
    IL   200   200 3   200     3     4    41   171   253  -0.384  -2.121  -8.028                          0.000  0.000  0.000  0.000 
                                             [ MATL   67 ]    155      - u - - -
    ML   201   200 3   203     3     2    38   163   244  -6.512  -0.032  -6.467                         -1.604  0.496 -1.674  0.961 
     D   202   200 3   203     3     0    33   160   241 -11.582  -1.617  -0.570                         
    IL   203   203 3   203     3     3    40   170   252  -0.384  -2.121  -8.028                          0.000  0.000  0.000  0.000 
                                             [ MATL   68 ]    156      - u - - -
    ML   204   203 3   206     3     2    37   162   243  -6.512  -0.032  -6.512                         -0.534 -1.237  0.348  0.689 
     D   205   203 3   206     3     0    32   159   240 -11.597  -1.632  -0.563                         
    IL   206   206 3   206     3     3    39   169   250  -0.384  -2.121  -8.028                          0.000  0.000  0.000  0.000 
                                             [ MATL   69 ]    157      - G - - -
    ML   207   206 3   209     3     2    36   160   241  -6.512  -0.032  -6.512                         -0.825 -0.686  1.018 -0.341 
     D   208   206 3   209     3     0    31   158   238 -11.597  -1.540  -0.609                         
    IL   209   209 3   209     3     3    38   167   249  -0.384  -2.121  -8.028                          0.000  0.000  0.000  0.000 
                                             [ MATL   70 ]    158      - a - - -
    ML   210   209 3   212     3     1    35   159   240  -6.513  -0.032  -6.513                          0.570 -0.099 -0.231 -0.454 
     D   211   209 3   212     3     0    31   156   237 -11.566  -1.555  -0.601                         
    IL   212   212 3   212     3     2    37   166   248  -0.384  -2.121  -8.028                          0.000  0.000  0.000  0.000 
                                             [ MATL   71 ]    159      - U - - -
    ML   213   212 3   215     3     1    35   158   239  -6.513  -0.032  -6.513                         -3.255 -2.231 -3.402  1.843 
     D   214   212 3   215     3     0    30   155   236 -11.551  -1.585  -0.585                         
    IL   215   215 3   215     3     2    36   165   247  -0.384  -2.121  -8.028                          0.000  0.000  0.000  0.000 
                                             [ MATL   72 ]    160      - g - - -
    ML   216   215 3   218     3     1    34   157   237  -6.513  -0.032  -6.513                          0.058 -1.137  0.827 -0.454 
     D   217   215 3   218     3     0    29   154   234 -11.551  -1.585  -0.585                         
    IL   218   218 3   218     3     2    35   164   245  -0.384  -2.121  -8.028                          0.000  0.000  0.000  0.000 
                                             [ MATL   73 ]    161      - a - - -
    ML   219   218 3   221     3     1    33   156   236  -6.513  -0.032  -6.513                          0.822 -1.383  0.400 -0.917 
     D   220   218 3   221     3     0    28   153   233 -11.551  -1.585  -0.585                         
    IL   221   221 3   221     3     1    35   163   244  -0.384  -2.121  -8.028                          0.000  0.000  0.000  0.000 
                                             [ MATL   74 ]    162      - c - - -
    ML   222   221 3   224     3     1    32   154   235  -6.513  -0.032  -6.513                         -1.513  0.837 -1.914  0.676 
     D   223   221 3   224     3     0    27   151   232 -11.551  -1.585  -0.585                         
    IL   224   224 3   224     3     1    34   161   243  -0.384  -2.121  -8.028                          0.000  0.000  0.000  0.000 
                                             [ MATL   75 ]    163      - g - - -
    ML   225   224 3   227     3     1    31   153   234  -6.513  -0.032  -6.513                         -0.052  0.006  0.252 -0.251 
     D   226   224 3   227     3     0    26   150   231 -11.551  -1.585  -0.585                         
    IL   227   227 3   227     3     1    33   160   241  -0.384  -2.121  -8.028                          0.000  0.000  0.000  0.000 
                                             [ MATL   76 ]    164      - c - - -
    ML   228   227 3   230     3     1    30   152   232  -6.513  -0.037  -6.102                          0.301  0.788 -0.891 -0.992 
     D   229   227 3   230     3     0    25   149   229 -11.551  -1.585  -0.585                         
    IL   230   230 3   230     3     1    32   159   240  -0.384  -2.121  -8.028                          0.000  0.000  0.000  0.000 
                                             [ MATL   77 ]    165      - G - - -
    ML   231   230 3   233     3     1    29   151   231  -6.508  -0.033  -6.400                         -0.929 -3.172  1.686 -2.776 
     D   232   230 3   233     3     0    25   148   228 -11.702  -1.324  -0.736                         
    IL   233   233 3   233     3     1    31   158   239  -0.384  -2.121  -8.028                          0.000  0.000  0.000  0.000 
                                             [ MATL   78 ]    166      - g - - -
    ML   234   233 3   236     3     1    29   150   230  -6.512  -0.033  -6.450                          0.043  0.098  0.240 -0.475 
     D   235   233 3   236     3     0    24   147   227 -11.588  -1.514  -0.623                         
    IL   236   236 3   236     3     1    30   157   238  -0.384  -2.121  -8.028                          0.000  0.000  0.000  0.000 
                                             [ MATL   79 ]    167      - g - - -
    ML   237   236 3   239     3     1    28   148   228  -6.066  -0.038  -6.460                          0.351 -1.330  0.956 -1.371 
     D   238   236 3   239     3     0    23   146   226 -11.572  -1.544  -0.606                         
    IL   239   239 3   239     3     1    28   149   229  -1.642  -0.561  -9.286                          0.000  0.000  0.000  0.000 
                                             [ MATL   80 ]    169      - A - - -
    ML   240   239 3   242     3     1    27   147   227  -6.513  -0.032  -6.513                          1.183 -1.697  0.103 -1.525 
     D   241   239 3   242     3     0    22   144   224 -11.569  -1.551  -0.603                         
    IL   242   242 3   242     3     1    29   154   235  -0.384  -2.121  -8.028                          0.000  0.000  0.000  0.000 
                                             [ MATL   81 ]    170      - a - - -
    ML   243   242 3   245     3     1    26   146   226  -6.513  -0.033  -6.441                          0.352  0.152 -1.272  0.261 
     D   244   242 3   245     3     0    21   143   223 -11.551  -1.585  -0.585                         
    IL   245   245 3   245     3     1    28   153   234  -0.384  -2.121  -8.028                          0.000  0.000  0.000  0.000 
                                             [ MATL   82 ]    171      - u - - -
    ML   246   245 3   248     3     1    25   145   225  -6.513  -0.032  -6.513                         -0.215 -0.807 -0.283  0.804 
     D   247   245 3   248     3     0    20   142   222 -11.576  -1.538  -0.610                         
    IL   248   248 3   248     3     1    27   152   233  -0.384  -2.121  -8.028                          0.000  0.000  0.000  0.000 
                                             [ MATL   83 ]    172      - c - - -
    ML   249   248 3   251     3     1    24   144   223  -6.513  -0.032  -6.513                         -0.048  0.929 -0.660 -1.013 
     D   250   248 3   251     3     0    19   141   220 -11.551  -1.585  -0.585                         
    IL   251   251 3   251     3     1    26   151   231  -0.384  -2.121  -8.028                          0.000  0.000  0.000  0.000 
                                             [ MATL   84 ]    173      - g - - -
    ML   252   251 3   254     3     1    24   142   222  -6.513  -0.032  -6.513                         -0.103 -0.285  0.792 -0.953 
     D   253   251 3   254     3     0    18   139   219 -11.551  -1.585  -0.585                         
    IL   254   254 3   254     3     1    25   150   230  -0.384  -2.121  -8.028                          0.000  0.000  0.000  0.000 
                                             [ MATL   85 ]    174      - C - - -
    ML   255   254 3   257     3     1    23   141   221  -6.513  -0.032  -6.513                         -2.759  1.589 -3.156 -0.450 
     D   256   254 3   257     3     0    17   138   217 -11.551  -1.585  -0.585                         
    IL   257   257 3   257     3     1    24   148   229  -0.384  -2.121  -8.028                          0.000  0.000  0.000  0.000 
                                             [ MATL   86 ]    175      - U - - -
    ML   258   257 3   260     3     1    22   140   219  -6.513  -0.032  -6.513                         -3.072 -2.159 -3.285  1.830 
     D   259   257 3   260     3     0    17   137   216 -11.551  -1.585  -0.585                         
    IL   260   260 3   260     3     1    24   147   227  -0.384  -2.121  -8.028                          0.000  0.000  0.000  0.000 
                                             [ MATL   87 ]    176      - g - - -
    ML   261   260 3   263     3     1    21   139   218  -6.513  -0.032  -6.513                         -0.225  0.064  0.267 -0.158 
     D   262   260 3   263     3     0    16   136   215 -11.551  -1.585  -0.585                         
    IL   263   263 3   263     3     1    23   146   226  -0.384  -2.121  -8.028                          0.000  0.000  0.000  0.000 
                                             [ MATL   88 ]    177      - U - - -
    ML   264   263 3   266     3     1    20   137   217  -6.513  -0.032  -6.513                         -3.587 -2.956 -3.794  1.894 
     D   265   263 3   266     3     0    15   135   213 -11.551  -1.585  -0.585                         
    IL   266   266 3   266     3     1    22   145   225  -0.384  -2.121  -8.028                          0.000  0.000  0.000  0.000 
                                             [ MATL   89 ]    178      - G - - -
    ML   267   266 3   269     3     1    19   136   215  -6.513  -0.032  -6.513                         -1.675 -3.641  1.810 -3.334 
     D   268   266 3   269     3     0    14   133   212 -11.551  -1.585  -0.585                         
    IL   269   269 3   269     3     1    21   143   223  -0.384  -2.121  -8.028                          0.000  0.000  0.000  0.000 
                                             [ MATL   90 ]    179      - C - - -
    ML   270   269 3   272     3     1    19   135   214  -6.513  -0.032  -6.513                         -2.465  1.077 -2.644  0.632 
     D   271   269 3   272     3     0    13   132   211 -11.551  -1.585  -0.585                         
    IL   272   272 3   272     3     1    20   142   222  -0.384  -2.121  -8.028                          0.000  0.000  0.000  0.000 
                                             [ MATL   91 ]    180      - G - - -
    ML   273   272 3   275     3     1    18   134   213  -6.513  -0.032  -6.513                         -1.813 -3.046  1.777 -2.590 
     D   274   272 3   275     3     0    12   131   209 -11.551  -1.585  -0.585                         
    IL   275   275 3   275     3     1    19   141   221  -0.384  -2.121  -8.028                          0.000  0.000  0.000  0.000 
                                             [ MATL   92 ]    181      - A - - -
    ML   276   275 3   278     3     1    17   133   211  -6.513  -0.032  -6.513                          1.635 -1.916 -1.511 -1.846 
     D   277   275 3   278     3     0    12   130   208 -11.551  -1.585  -0.585                         
    IL   278   278 3   278     3     1    19   140   219  -0.384  -2.121  -8.028                          0.000  0.000  0.000  0.000 
                                             [ MATL   93 ]    182      - G - - -
    ML   279   278 3   281     3     1    16   131   210  -6.513  -0.032  -6.513                          0.126 -2.028  1.220 -1.581 
     D   280   278 3   281     3     0    11   128   207 -11.551  -1.585  -0.585                         
    IL   281   281 3   281     3     1    18   139   218  -0.384  -2.121  -8.028                          0.000  0.000  0.000  0.000 
                                             [ MATL   94 ]    183      - u - - -
    ML   282   281 3   284     3     1    15   130   209  -6.513  -0.032  -6.513                         -0.365  0.123  0.000  0.182 
     D   283   281 3   284     3     0    10   127   205 -11.551  -1.585  -0.585                         
    IL   284   284 3   284     3     1    17   137   217  -0.384  -2.121  -8.028                          0.000  0.000  0.000  0.000 
                                             [ MATL   95 ]    184      - U - - -
    ML   285   284 3   287     3     1    15   129   207  -6.513  -0.032  -6.513                         -3.378 -2.862 -3.549  1.880 
     D   286   284 3   287     3     0     9   126   204 -11.551  -1.585  -0.585                         
    IL   287   287 3   287     3     1    16   136   215  -0.384  -2.121  -8.028                          0.000  0.000  0.000  0.000 
                                             [ MATL   96 ]    185      - g - - -
    ML   288   287 3   290     3     1    14   128   206  -6.513  -0.032  -6.513                         -0.044 -0.167  0.266 -0.095 
     D   289   287 3   290     3     0     8   125   203 -11.551  -1.585  -0.585                         
    IL   290   290 3   290     3     1    15   135   214  -0.384  -2.121  -8.028                          0.000  0.000  0.000  0.000 
                                             [ MATL   97 ]    186      - C - - -
    ML   291   290 3   293     3     1    13   126   204  -6.513  -0.032  -6.513                         -0.021  1.006 -1.215 -0.797 
     D   292   290 3   293     3     0     7   123   201 -11.551  -1.585  -0.585                         
    IL   293   293 3   293     3     1    15   134   213  -0.384  -2.121  -8.028                          0.000  0.000  0.000  0.000 
                                             [ MATL   98 ]    187      - G - - -
    ML   294   293 3   296     3     1    12   125   203  -6.513  -0.032  -6.513                         -0.183 -0.859  1.133 -1.415 
     D   295   293 3   296     3     0     6   122   200 -11.551  -1.585  -0.585                         
    IL   296   296 3   296     3     1    14   132   211  -0.384  -2.121  -8.028                          0.000  0.000  0.000  0.000 
                                             [ MATL   99 ]    188      - u - - -
    ML   297   296 3   299     3     1    11   124   202  -6.513  -0.032  -6.513                          0.144 -0.371  0.010  0.157 
     D   298   296 3   299     3     0     6   121   198 -11.551  -1.585  -0.585                         
    IL   299   299 3   299     3     1    13   131   210  -0.384  -2.121  -8.028                          0.000  0.000  0.000  0.000 
                                             [ MATL  100 ]    189      - a - - -
    ML   300   299 3   302     3     1    11   123   200  -6.513  -0.032  -6.513                          0.793 -0.606 -0.805  0.053 
     D   301   299 3   302     3     0     5   119   197 -11.551  -1.585  -0.585                         
    IL   302   302 3   302     3     1    12   130   209  -0.384  -2.121  -8.028                          0.000  0.000  0.000  0.000 
                                             [ MATL  101 ]    190      - U - - -
    ML   303   302 3   305     3     1    10   121   199  -6.513  -0.032  -6.513                         -0.487 -1.637 -1.783  1.419 
     D   304   302 3   305     3     0     4   118   196 -11.551  -1.585  -0.585                         
    IL   305   305 3   305     3     1    11   129   207  -0.384  -2.121  -8.028                          0.000  0.000  0.000  0.000 
                                             [ MATL  102 ]    191      - c - - -
    ML   306   305 3   308     3     1     9   120   197  -6.513  -0.035  -6.264                         -0.338  0.759 -0.742 -0.123 
     D   307   305 3   308     3     0     3   117   194 -11.551  -1.585  -0.585                         
    IL   308   308 3   308     3     1    11   128   206  -0.384  -2.121  -8.028                          0.000  0.000  0.000  0.000 
                                             [ MATL  103 ]    192      - a - - -
    ML   309   308 3   311     3     1     8   119   196  -6.510  -0.032  -6.510                          0.822  0.370 -1.402 -0.832 
     D   310   308 3   311     3     0     2   116   193 -11.639  -1.674  -0.543                         
    IL   311   311 3   311     3     1    10   126   205  -0.384  -2.121  -8.028                          0.000  0.000  0.000  0.000 
                                             [ MATL  104 ]    193      - g - - -
    ML   312   311 3   314     3     1     8   117   195  -6.510  -0.032  -6.510                          0.475 -1.765  0.989 -1.594 
     D   313   311 3   314     3     0     1   114   191 -11.639  -1.674  -0.543                         
    IL   314   314 3   314     3     1     9   125   203  -0.384  -2.121  -8.028                          0.000  0.000  0.000  0.000 
                                             [ MATL  105 ]    194      - g - - -
    ML   315   314 3   317     3     1     7   116   193  -6.510  -0.032  -6.510                          0.522 -0.818  0.527 -0.847 
     D   316   314 3   317     3     0     0   113   190 -11.639  -1.674  -0.543                         
    IL   317   317 3   317     3     1     8   124   202  -0.384  -2.121  -8.028                          0.000  0.000  0.000  0.000 
                                             [ MATL  106 ]    195      - g - - -
    ML   318   317 3   320     3     1     6   115   192  -6.510  -0.032  -6.510                          0.221 -0.188  0.364 -0.577 
     D   319   317 3   320     3     0     0   112   189 -11.639  -1.674  -0.543                         
    IL   320   320 3   320     3     1     8   123   201  -0.384  -2.121  -8.028                          0.000  0.000  0.000  0.000 
                                             [ MATL  107 ]    196      - a - - -
    ML   321   320 3   323     3     1     6   114   190  -5.528  -0.048  -6.510                          0.784 -0.225 -0.468 -0.515 
     D   322   320 3   323     3     0     0   111   187 -11.639  -1.674  -0.543                         
    IL   323   323 3   323     3     1     7   117   194  -0.567  -1.622 -11.639                          0.000  0.000  0.000  0.000 
                                             [ MATL  108 ]    200      - c - - -
    ML   324   323 3   326     3     1     5   112   189  -6.510  -0.032  -6.510                         -0.461  0.222  0.161 -0.015 
     D   325   323 3   326     3     0     0   109   186 -11.639  -1.674  -0.543                         
    IL   326   326 3   326     3     1     6   120   198  -0.384  -2.121  -8.028                          0.000  0.000  0.000  0.000 
                                             [ MATL  109 ]    201      - G - - -
    ML   327   326 3   329     3     1     4   111   188  -6.510  -0.032  -6.510                         -0.969 -0.965  1.401 -1.571 
     D   328   326 3   329     3     0     0   108   185 -11.639  -1.674  -0.543                         
    IL   329   329 3   329     3     1     6   119   197  -0.384  -2.121  -8.028                          0.000  0.000  0.000  0.000 
                                             [ MATL  110 ]    202      - G - - -
    ML   330   329 3   332     3     1     4   110   186  -6.510  -0.039  -5.983                         -0.446 -1.485  1.361 -1.555 
     D   331   329 3   332     3     0     0   107   183 -11.639  -1.674  -0.543                         
    IL   332   332 3   332     3     1     5   118   195  -0.384  -2.121  -8.028                          0.000  0.000  0.000  0.000 
                                             [ MATL  111 ]    203      - a - - -
    ML   333   332 3   335     3     1     3   109   185  -6.503  -0.032  -6.503                          0.270 -0.143 -0.172  0.002 
     D   334   332 3   335     3     0     0   106   182 -11.826  -1.333  -0.730                         
    IL   335   335 3   335     3     1     4   116   194  -0.384  -2.121  -8.028                          0.000  0.000  0.000  0.000 
                                             [ MATL  112 ]    204      - a - - -
    ML   336   335 3   338     3     1     3   107   184  -6.510  -0.032  -6.468                          0.488 -0.000 -0.142 -0.532 
     D   337   335 3   338     3     0     0   104   180 -11.639  -1.674  -0.543                         
    IL   338   338 3   338     3     1     4   115   192  -0.384  -2.121  -8.028                          0.000  0.000  0.000  0.000 
                                             [ MATL  113 ]    205      - A - - -
    ML   339   338 3   341     3     1     2   106   182  -6.510  -0.032  -6.510                          1.130 -1.072 -0.289 -0.954 
     D   340   338 3   341     3     0     0   103   179 -11.653  -1.645  -0.557                         
    IL   341   341 3   341     3     1     3   114   191  -0.384  -2.121  -8.028                          0.000  0.000  0.000  0.000 
                                             [ MATL  114 ]    206      - u - - -
    ML   342   341 3   344     3     1     2   105   181  -6.510  -0.032  -6.510                         -0.594  0.068 -0.205  0.508 
     D   343   341 3   344     3     0     0   101   177 -11.639  -1.674  -0.543                         
    IL   344   344 3   344     3     1     3   113   190  -0.384  -2.121  -8.028                          0.000  0.000  0.000  0.000 
                                             [ MATL  115 ]    207      - A - - -
    ML   345   344 3   347     3     1     2   103   179  -6.510  -0.032  -6.510                          1.171 -0.633 -1.067 -0.676 
     D   346   344 3   347     3     0     0   100   176 -11.639  -1.674  -0.543                         
    IL   347   347 3   347     3     1     2   111   188  -0.384  -2.121  -8.028                          0.000  0.000  0.000  0.000 
                                             [ MATL  116 ]    208      - c - - -
    ML   348   347 3   350     3     1     1   102   178  -6.510  -0.032  -6.510                         -0.259  0.485 -0.406  0.015 
     D   349   347 3   350     3     0     0    99   174 -11.639  -1.674  -0.543                         
    IL   350   350 3   350     3     1     2   110   187  -0.384  -2.121  -8.028                          0.000  0.000  0.000  0.000 
                                             [ MATL  117 ]    209      - g - - -
    ML   351   350 3   353     3     1     1   101   176  -6.510  -0.032  -6.510                         -0.391 -1.016  0.995 -0.416 
     D   352   350 3   353     3     0     0    97   173 -11.639  -1.674  -0.543                         
    IL   353   353 3   353     3     1     2   109   185  -0.384  -2.121  -8.028                          0.000  0.000  0.000  0.000 
                                             [ MATL  118 ]    210      - G - - -
    ML   354   353 3   356     3     1     1    99   175  -6.510  -0.032  -6.510                         -1.113 -2.766  1.695 -2.706 
     D   355   353 3   356     3     0     0    96   171 -11.639  -1.674  -0.543                         
    IL   356   356 3   356     3     1     1   108   184  -0.384  -2.121  -8.028                          0.000  0.000  0.000  0.000 
                                             [ MATL  119 ]    211      - A - - -
    ML   357   356 3   359     3     1     1    98   173  -6.510  -0.032  -6.510                          1.347 -1.116 -1.499 -0.642 
     D   358   356 3   359     3     0     0    95   170 -11.639  -1.674  -0.543                         
    IL   359   359 3   359     3     1     1   106   182  -0.384  -2.121  -8.028                          0.000  0.000  0.000  0.000 
                                             [ MATL  120 ]    212      - G - - -
    ML   360   359 3   362     3     1     1    97   172  -6.510  -0.032  -6.510                         -0.869 -1.575  1.460 -1.449 
     D   361   359 3   362     3     0     0    93   168 -11.639  -1.674  -0.543                         
    IL   362   362 3   362     3     1     1   105   181  -0.384  -2.121  -8.028                          0.000  0.000  0.000  0.000 
                                             [ MATL  121 ]    213      - g - - -
    ML   363   362 3   365     3     1     1    95   170  -6.510  -0.032  -6.510                         -0.604 -0.597  0.769 -0.034 
     D   364   362 3   365     3     0     0    92   167 -11.639  -1.674  -0.543                         
    IL   365   365 3   365     3     1     1   104   180  -0.384  -2.121  -8.028                          0.000  0.000  0.000  0.000 
                                             [ MATL  122 ]    214      - U - - -
    ML   366   365 3   368     3     1     1    94   169  -6.510  -0.032  -6.510                         -3.014 -2.084 -3.420  1.827 
     D   367   365 3   368     3     0     0    91   165 -11.639  -1.674  -0.543                         
    IL   368   368 3   368     3     1     1   102   178  -0.384  -2.121  -8.028                          0.000  0.000  0.000  0.000 
                                             [ MATL  123 ]    215      - u - - -
    ML   369   368 3   371     3     1     1    93   167  -6.113  -0.037  -6.510                         -0.945 -0.189 -0.008  0.686 
     D   370   368 3   371     3     0     0    90   164 -11.639  -1.674  -0.543                         
    IL   371   371 3   371     3     1     1    93   168  -1.531  -0.617  -9.174                          0.000  0.000  0.000  0.000 
                                             [ MATL  124 ]    217      - G - - -
    ML   372   371 3   374     3     1     1    92   166  -6.510  -0.032  -6.510                         -0.241 -0.771  1.039 -0.965 
     D   373   371 3   374     3     0     0    88   163 -11.639  -1.674  -0.543                         
    IL   374   374 3   374     3     1     1   100   176  -0.384  -2.121  -8.028                          0.000  0.000  0.000  0.000 
                                             [ MATL  125 ]    218      - c - - -
    ML   375   374 3   377     3     1     1    90   165  -6.510  -0.032  -6.510                         -0.306  0.889 -1.269 -0.113 
     D   376   374 3   377     3     0     0    87   161 -11.639  -1.674  -0.543                         
    IL   377   377 3   377     3     1     1    99   174  -0.384  -2.121  -8.028                          0.000  0.000  0.000  0.000 
                                             [ MATL  126 ]    219      - G - - -
    ML   378   377 3   380     3     1     1    89   163  -6.510  -0.032  -6.510                         -0.547 -1.303  1.016 -0.172 
     D   379   377 3   380     3     0     0    86   159 -11.639  -1.674  -0.543                         
    IL   380   380 3   380     3     1     1    97   173  -0.384  -2.121  -8.028                          0.000  0.000  0.000  0.000 
                                             [ MATL  127 ]    220      - G - - -
    ML   381   380 3   383     3     1     1    87   162  -6.510  -0.038  -6.079                         -1.223 -2.605  1.694 -2.545 
     D   382   380 3   383     3     0     0    84   158 -11.639  -1.674  -0.543                         
    IL   383   383 3   383     3     1     1    96   171  -0.384  -2.121  -8.028                          0.000  0.000  0.000  0.000 
                                             [ MATL  128 ]    221      - C - - -
    ML   384   383 3   386     3     1     1    86   160  -6.505  -0.039  -5.977                         -2.608  1.382 -2.904  0.132 
     D   385   383 3   386     3     0     0    83   157 -11.789  -1.392  -0.693                         
    IL   386   386 3   386     3     1     1    95   170  -0.384  -2.121  -8.028                          0.000  0.000  0.000  0.000 
                                             [ MATL  129 ]    222      - u - - -
    ML   387   386 3   389     3     1     1    85   158  -6.503  -0.032  -6.503                          0.149 -0.026 -0.323  0.151 
     D   388   386 3   389     3     0     0    81   155 -11.826  -1.861  -0.465                         
    IL   389   389 3   389     3     1     1    93   168  -0.384  -2.121  -8.028                          0.000  0.000  0.000  0.000 
                                             [ MATL  130 ]    223      - u - - -
    ML   390   389 3   392     3     1     1    83   157  -6.503  -0.032  -6.503                          0.312 -0.695 -0.273  0.393 
     D   391   389 3   392     3     0     0    80   153 -11.826  -1.333  -0.730                         
    IL   392   392 3   392     3     1     1    92   167  -0.384  -2.121  -8.028                          0.000  0.000  0.000  0.000 
                                             [ MATL  131 ]    224      - u - - -
    ML   393   392 3   395     3     1     1    82   155  -6.510  -0.032  -6.510                         -0.420 -0.460 -0.518  0.870 
     D   394   392 3   395     3     0     0    78   151 -11.639  -1.674  -0.543                         
    IL   395   395 3   395     3     1     1    91   165  -0.384  -2.121  -8.028                          0.000  0.000  0.000  0.000 
                                             [ MATL  132 ]    225      - u - - -
    ML   396   395 3   398     3     1     1    80   153  -6.510  -0.032  -6.510                         -0.407  0.228 -0.352  0.369 
     D   397   395 3   398     3     0     0    77   150 -11.639  -1.674  -0.543                         
    IL   398   398 3   398     3     1     1    89   163  -0.384  -2.121  -8.028                          0.000  0.000  0.000  0.000 
                                             [ MATL  133 ]    226      - u - - -
    ML   399   398 3   401     3     1     1    79   152  -4.493  -0.082  -6.510                          0.154 -0.030 -1.013  0.498 
     D   400   398 3   401     3     0     0    75   148 -11.639  -1.674  -0.543                         
    IL   401   401 3   401     3     1     1    82   155  -0.579  -1.597 -13.200                          0.000  0.000  0.000  0.000 
                                             [ MATL  134 ]    230      - U - - -
    ML   402   401 3   404     3     1     1    77   150  -6.510  -0.032  -6.510                         -1.951 -0.421 -2.356  1.485 
     D   403   401 3   404     3     0     0    74   146 -11.639  -1.674  -0.543                         
    IL   404   404 3   404     3     1     1    87   161  -0.384  -2.121  -8.028                          0.000  0.000  0.000  0.000 
                                             [ MATL  135 ]    231      - g - - -
    ML   405   404 3   407     3     1     1    76   149  -6.510  -0.032  -6.510                          0.316 -0.476  0.379 -0.443 
     D   406   404 3   407     3     0     0    72   145 -11.639  -1.674  -0.543                         
    IL   407   407 3   407     3     1     1    85   159  -0.384  -2.121  -8.028                          0.000  0.000  0.000  0.000 
                                             [ MATL  136 ]    232      - G - - -
    ML   408   407 3   410     3     1     1    74   147  -6.510  -0.032  -6.510                         -1.465 -2.197  1.667 -2.037 
     D   409   407 3   410     3     0     0    71   143 -11.639  -1.674  -0.543                         
    IL   410   410 3   410     3     1     1    84   157  -0.384  -2.121  -8.028                          0.000  0.000  0.000  0.000 
                                             [ MATL  137 ]    233      - C - - -
    ML   411   410 3   413     3     1     1    73   145  -6.510  -0.037  -6.113                         -1.143  1.536 -2.434 -1.112 
     D   412   410 3   413     3     0     0    69   141 -11.639  -1.674  -0.543                         
    IL   413   413 3   413     3     1     1    83   156  -0.384  -2.121  -8.028                          0.000  0.000  0.000  0.000 
                                             [ MATL  138 ]    234      - u - - -
    ML   414   413 3   416     3     1     1    71   143  -6.505  -0.033  -6.444                         -1.136  0.393 -1.012  0.796 
     D   415   413 3   416     3     0     0    67   139 -11.776  -1.810  -0.485                         
    IL   416   416 3   416     3     1     1    81   154  -0.384  -2.121  -8.028                          0.000  0.000  0.000  0.000 
                                             [ MATL  139 ]    235      - U - - -
    ML   417   416 3   419     3     1     1    70   142  -6.505  -0.032  -6.505                         -3.033 -2.335 -2.608  1.814 
     D   418   416 3   419     3     0     0    65   137 -11.794  -1.828  -0.478                         
    IL   419   419 3   419     3     1     1    80   152  -0.384  -2.121  -8.028                          0.000  0.000  0.000  0.000 
                                             [ MATL  140 ]    236      - A - - -
    ML   420   419 3   422     3     1     1    68   140  -6.505  -0.032  -6.505                          1.197 -2.200  0.263 -1.788 
     D   421   419 3   422     3     0     0    64   135 -11.794  -1.828  -0.478                         
    IL   422   422 3   422     3     1     1    78   151  -0.384  -2.121  -8.028                          0.000  0.000  0.000  0.000 
                                             [ MATL  141 ]    237      - C - - -
    ML   423   422 3   425     3     1     1    66   138  -6.505  -0.042  -5.822                         -2.875  1.539 -3.141 -0.245 
     D   424   422 3   425     3     0     0    62   133 -11.794  -1.828  -0.478                         
    IL   425   425 3   425     3     1     1    77   149  -0.384  -2.121  -8.028                          0.000  0.000  0.000  0.000 
                                             [ MATL  142 ]    238      - G - - -
    ML   426   425 3   428     3     1     1    65   136  -6.495  -0.032  -6.495                         -0.653 -1.810  1.480 -1.792 
     D   427   425 3   428     3     0     0    60   130 -12.021  -2.055  -0.398                         
    IL   428   428 3   428     3     1     1    75   147  -0.384  -2.121  -8.028                          0.000  0.000  0.000  0.000 
                                             [ MATL  143 ]    239      - A - - -
    ML   429   428 3   431     3     1     1    63   133  -6.495  -0.032  -6.495                          1.456 -1.171 -1.524 -1.103 
     D   430   428 3   431     3     0     0    57   128 -12.021  -2.055  -0.398                         
    IL   431   431 3   431     3     1     1    74   145  -0.384  -2.121  -8.028                          0.000  0.000  0.000  0.000 
                                             [ MATL  144 ]    240      - A - - -
    ML   432   431 3   434     3     1     1    61   131  -6.495  -0.078  -4.579                          1.015 -0.840 -0.526 -0.461 
     D   433   431 3   434     3     0     0    55   125 -12.021  -2.055  -0.398                         
    IL   434   434 3   434     3     1     1    72   143  -0.384  -2.121  -8.028                          0.000  0.000  0.000  0.000 
                                             [ MATL  145 ]    241      - u - - -
    ML   435   434 3   437     3     1     1    58   128  -5.035  -0.062  -6.450                         -0.564 -0.238 -0.030  0.582 
     D   436   434 3   437     3     0     0    53   123 -12.759  -2.793  -0.225                         
    IL   437   437 3   437     3     1     1    61   131  -0.737  -1.323 -12.076                          0.000  0.000  0.000  0.000 
                                             [ MATL  146 ]    245      - C - - -
    ML   438   437 3   440     3     1     1    57   127  -4.357  -0.090  -6.450                         -1.112  1.166 -1.488 -0.093 
     D   439   437 3   440     3     0     0    51   121 -12.759  -2.793  -0.225                         
    IL   440   440 3   440     3     1     1    61   131  -0.579  -1.597 -13.296                          0.000  0.000  0.000  0.000 
                                             [ MATL  147 ]    249      - c - - -
    ML   441   440 3   443     3     1     1    56   126  -6.450  -0.058  -5.158                         -0.304  0.163 -0.041  0.136 
     D   442   440 3   443     3     0     0    49   119 -12.759  -2.793  -0.225                         
    IL   443   443 3   443     3     1     1    68   139  -0.384  -2.121  -8.028                          0.000  0.000  0.000  0.000 
                                             [ MATL  148 ]    250      - g - - -
    ML   444   443 3   446     3     1     1    53   123  -5.835  -0.053  -5.753                          0.324 -1.386  0.972 -1.306 
     D   445   443 3   446     3     0     0    48   117 -13.032  -3.067  -0.184                         
    IL   446   446 3   446     3     1     1    54   123  -1.940  -0.438  -9.584                          0.000  0.000  0.000  0.000 
                                             [ MATL  149 ]    252      - a - - -
    ML   447   446 3   449     3     1     1    52   122  -5.633  -0.047  -6.416                          0.765 -1.016  0.255 -0.707 
     D   448   446 3   449     3     0     0    46   116 -13.131  -2.953  -0.200                         
    IL   449   449 3   449     3     1     1    56   126  -0.562  -1.634 -11.242                          0.000  0.000  0.000  0.000 
                                             [ MATL  150 ]    256      - g - - -
    ML   450   449 3   452     3     1     1    51   121  -5.987  -0.264  -2.721                          0.017 -0.668  0.592 -0.232 
     D   451   449 3   452     3     0     0    44   114 -13.105  -2.693  -0.243                         
    IL   452   452 3   452     3     1     1    52   122  -1.607  -0.578  -9.251                          0.000  0.000  0.000  0.000 
                                             [ MATL  151 ]    258      - a - - -
    ML   453   452 3   455     3     1     1    51   120  -6.208  -0.081  -4.610                          0.493 -0.001 -0.142 -0.541 
     D   454   452 3   455     3     0     0    36   105 -14.318  -4.352  -0.072                         
    IL   455   455 3   455     3     1     1    64   134  -0.384  -2.121  -8.028                          0.000  0.000  0.000  0.000 
                                             [ MATL  152 ]    259      - A - - -
    ML   456   455 3   458     3     1     1    47   116  -6.168  -0.041  -6.168                          1.223 -2.018  0.143 -1.670 
     D   457   455 3   458     3     0     0    24    94 -14.455  -4.489  -0.066                         
    IL   458   458 3   458     3     1     1    62   131  -0.384  -2.121  -8.028                          0.000  0.000  0.000  0.000 
                                             [ MATL  153 ]    260      - G - - -
    ML   459   458 3   461     2     1     1     1     1       *   0.000                                 -1.080 -1.864  1.471 -1.059 
     D   460   458 3   461     2     0     0     0     0       *   0.000                                 
    IL   461   461 3   461     2     1     1    13    28  -1.823  -0.479                                  0.000  0.000  0.000  0.000 
                                             [ END   154 ]      -      - - - - -
     E   462   461 3    -1     0     0     0     0     0                                                 
//
HMMER3/f [3.1b3 | July 2016]
NAME  t_pro_hok_sok_tadb_round5_0001
LENG  153
MAXL  268
ALPH  RNA
RF    no
MM    no
CONS  yes
CS    yes
MAP   no
DATE  Tue Dec 17 15:20:41 2019
COM   [1] cmbuild /home/co78wid/projects/master/results/ta_systems/hok_sok_tadb/2_structure_analysis/infernal_search/t_pro_hok_sok_tadb_cmbuild.txt /home/co78wid/projects/master/results/ta_systems/hok_sok_tadb/1_sequence_analysis/fold/t_pro_hok_sok_tadb_round5.stk
COM   [2] cmbuild /home/co78wid/projects/master/results/ta_systems/hok_sok_tadb/2_structure_analysis/infernal_search/t_pro_hok_sok_tadb_cmbuild.txt /home/co78wid/projects/master/results/ta_systems/hok_sok_tadb/1_sequence_analysis/fold/t_pro_hok_sok_tadb_round5.stk
NSEQ  1079
EFFN  6.935558
STATS LOCAL MSV      -10.4999  0.71775
STATS LOCAL VITERBI  -11.0997  0.71775
STATS LOCAL FORWARD   -3.9363  0.71775
HMM          A        C        G        U   
            m->m     m->i     m->d     i->m     i->i     d->m     d->d
  COMPO   1.42808  1.54495  1.33861  1.25632
          1.38629  1.38629  1.38629  1.38629
          0.22365  5.70046  1.62426  0.39730  1.11515  0.00000        *
      1   0.74820  2.62465  1.00889  2.41133      - a - - :
          1.38629  1.38629  1.38629  1.38629
          0.06590  2.98575  4.32170  0.06751  2.72903  2.46892  0.08848
      2   1.02177  1.80615  1.62045  1.28032      - a - - :
          1.38629  1.38629  1.38629  1.38629
          0.02772  4.32979  4.25648  1.46634  0.26236  2.27882  0.10804
      3   1.17265  1.66893  1.27199  1.50627      - a - - :
          1.38629  1.38629  1.38629  1.38629
          0.02641  4.34042  4.34042  1.46634  0.26236  0.98078  0.47003
      4   0.68805  1.69050  1.77639  1.93953      - A - - :
          1.38629  1.38629  1.38629  1.38629
          0.02459  4.41093  4.41093  1.46634  0.26236  2.48572  0.08694
      5   1.37463  2.24353  2.39051  0.59893      - U - - :
          1.38629  1.38629  1.38629  1.38629
          0.02459  4.41093  4.41093  1.46634  0.26236  2.48572  0.08694
      6   1.85130  2.47923  0.39661  2.44687      - G - - :
          1.38629  1.38629  1.38629  1.38629
          0.07835  2.76643  4.38430  0.46298  0.99264  0.59403  0.80318
      7   1.91467  0.32882  3.06779  2.44977      - C - - :
          1.38629  1.38629  1.38629  1.38629
          0.02457  4.47676  4.35045  1.46634  0.26236  1.83063  0.17473
      8   1.42043  0.99254  2.06960  1.34124      - c - - :
          1.38629  1.38629  1.38629  1.38629
          0.06292  3.01454  4.43010  0.35133  1.21655  1.87392  0.16667
      9   1.41207  2.59445  0.52388  2.41400      - G - - :
          1.38629  1.38629  1.38629  1.38629
          0.06877  2.89916  4.47501  0.75579  0.63420  1.33933  0.30384
     10   1.30324  0.95061  2.03141  1.55735      - c - - :
          1.38629  1.38629  1.38629  1.38629
          0.02571  4.48316  4.26268  1.46634  0.26236  1.63865  0.21597
     11   0.99858  1.54796  1.53505  1.59223      - a - - :
          1.38629  1.38629  1.38629  1.38629
          0.02473  4.48190  4.33381  1.46634  0.26236  1.78396  0.18389
     12   0.80215  1.87250  1.59536  1.63444      - a - - :
          1.38629  1.38629  1.38629  1.38629
          0.02293  4.48009  4.48009  1.46634  0.26236  1.30147  0.31763
     13   0.46438  1.83547  2.39041  2.11741      - A - - :
          1.38629  1.38629  1.38629  1.38629
          0.02275  4.48758  4.48758  1.46634  0.26236  1.47503  0.25977
     14   0.50248  2.48383  1.51080  2.39891      - A - - :
          1.38629  1.38629  1.38629  1.38629
          0.02269  4.49035  4.49035  1.46634  0.26236  1.47226  0.26059
     15   0.97315  1.79797  1.35211  1.62059      - a - - :
          1.38629  1.38629  1.38629  1.38629
          0.02264  4.49252  4.49252  1.46634  0.26236  1.58767  0.22866
     16   1.22572  1.68963  1.45285  1.24492      - a - - :
          1.38629  1.38629  1.38629  1.38629
          0.02263  4.49279  4.49279  1.46634  0.26236  1.60650  0.22388
     17   1.23360  0.90031  1.95640  1.82666      - c - - :
          1.38629  1.38629  1.38629  1.38629
          0.02353  4.49279  4.41724  1.46634  0.26236  1.60650  0.22388
     18   1.85162  1.52850  1.33689  1.01199      - u - - :
          1.38629  1.38629  1.38629  1.38629
          0.02265  4.49191  4.49191  1.46634  0.26236  1.62212  0.22000
     19   1.36718  1.55945  1.06461  1.66040      - g - - :
          1.38629  1.38629  1.38629  1.38629
          0.02265  4.49191  4.49191  1.46634  0.26236  1.62212  0.22000
     20   2.12782  1.21978  2.05499  0.78195      - u - - :
          1.38629  1.38629  1.38629  1.38629
          0.02265  4.49191  4.49191  1.46634  0.26236  1.62212  0.22000
     21   1.85376  1.46328  1.02720  1.37094      - g - - :
          1.38629  1.38629  1.38629  1.38629
          0.04856  3.31873  4.49191  2.18356  0.11950  1.50512  0.25102
     22   1.59433  1.28301  1.69972  1.08762      - u - - :
          1.38629  1.38629  1.38629  1.38629
          0.02289  4.49330  4.46968  1.46634  0.26236  1.59730  0.22620
     23   2.92439  2.55803  3.32367  0.18293      - U - - :
          1.38629  1.38629  1.38629  1.38629
          0.04663  4.49303  3.37055  1.46634  0.26236  1.60213  0.22498
     24   1.18120  1.55187  1.57340  1.29500      - a - - :
          1.38629  1.38629  1.38629  1.38629
          0.02317  4.46957  4.46957  1.46634  0.26236  1.82922  0.17499
     25   1.41052  1.78745  1.21289  1.23353      - g - - :
          1.38629  1.38629  1.38629  1.38629
          0.02685  4.22206  4.43768  0.45967  0.99830  1.93246  0.15641
     26   1.86755  1.90902  1.38447  0.80561      - u - - :
          1.38629  1.38629  1.38629  1.38629
          0.02315  4.47067  4.47067  1.46634  0.26236  0.65284  0.73515
     27   1.70293  1.31937  1.06192  1.58593      - g - - :
          1.38629  1.38629  1.38629  1.38629
          0.02247  4.50012  4.50012  1.46634  0.26236  1.16616  0.37333
     28   1.41546  2.29520  0.97880  1.27053      - g - - :
          1.38629  1.38629  1.38629  1.38629
          0.02238  4.50398  4.50398  1.46634  0.26236  1.35747  0.29748
     29   1.86329  1.18110  1.10916  1.56992      - g - - :
          1.38629  1.38629  1.38629  1.38629
          0.02398  4.50425  4.37183  1.46634  0.26236  1.37506  0.29146
     30   1.48081  1.19201  1.59939  1.32082      - c - - :
          1.38629  1.38629  1.38629  1.38629
          0.02287  4.50268  4.46248  1.46634  0.26236  1.34548  0.30167
     31   1.71262  1.24781  1.38384  1.26634      - c - - :
          1.38629  1.38629  1.38629  1.38629
          0.02240  4.50297  4.50297  1.46634  0.26236  1.40389  0.28188
     32   3.32528  2.55502  3.51509  0.15478      - U - - :
          1.38629  1.38629  1.38629  1.38629
          0.03160  3.91044  4.50297  0.77066  0.62121  1.27148  0.32908
     33   1.26940  1.58299  1.05627  1.79644      - g - - :
          1.38629  1.38629  1.38629  1.38629
          0.02237  4.50453  4.50453  1.46634  0.26236  1.32830  0.30779
     34   0.93238  2.04440  1.55711  1.32357      - a - - :
          1.38629  1.38629  1.38629  1.38629
          0.02236  4.50499  4.50499  1.46634  0.26236  1.35800  0.29729
     35   2.83826  2.22948  3.04667  0.24033      - U - - :
          1.38629  1.38629  1.38629  1.38629
          0.02236  4.50499  4.50499  1.46634  0.26236  1.35800  0.29729
     36   1.41236  1.13795  1.66494  1.39936      - c - - :
          1.38629  1.38629  1.38629  1.38629
          0.02810  4.50499  4.09517  1.46634  0.26236  1.26835  0.33031
     37   1.24739  2.65688  0.57765  2.50884      - G - - :
          1.38629  1.38629  1.38629  1.38629
          0.02246  4.50041  4.50041  1.46634  0.26236  1.04907  0.43119
     38   3.01039  2.24710  3.38613  0.20926      - U - - :
          1.38629  1.38629  1.38629  1.38629
          0.02233  4.50602  4.50602  1.46634  0.26236  1.33358  0.30589
     39   1.59273  1.21680  1.56588  1.23254      - c - - :
          1.38629  1.38629  1.38629  1.38629
          0.02233  4.50602  4.50602  1.46634  0.26236  1.29983  0.31825
     40   0.99263  1.73250  1.20715  1.87399      - a - - :
          1.38629  1.38629  1.38629  1.38629
          0.02232  4.50640  4.50640  1.46634  0.26236  1.32450  0.30916
     41   3.42270  2.66410  3.68743  0.13619      - U - - :
          1.38629  1.38629  1.38629  1.38629
          0.02232  4.50640  4.50640  1.46634  0.26236  1.32450  0.30916
     42   1.77944  1.15069  1.41117  1.30567      - c - - :
          1.38629  1.38629  1.38629  1.38629
          0.02232  4.50640  4.50640  1.46634  0.26236  1.32450  0.30916
     43   3.00279  3.07515  3.22132  0.14587      - U - - :
          1.38629  1.38629  1.38629  1.38629
          0.02232  4.50640  4.50640  1.46634  0.26236  1.32450  0.30916
     44   2.84725  3.10791  0.14710  3.37862      - G - - :
          1.38629  1.38629  1.38629  1.38629
          0.02232  4.50640  4.50640  1.46634  0.26236  1.32450  0.30916
     45   2.73935  1.37166  3.04073  0.45586      - U - - :
          1.38629  1.38629  1.38629  1.38629
          0.04010  3.56585  4.50640  1.78143  0.18440  0.94690  0.49093
     46   1.24568  1.59101  1.69047  1.12670      - u - - :
          1.38629  1.38629  1.38629  1.38629
          0.02221  4.51145  4.51145  1.46634  0.26236  1.19438  0.36081
     47   2.69701  2.08111  2.34077  0.34031      - U - - :
          1.38629  1.38629  1.38629  1.38629
          0.02248  4.51145  4.48725  1.46634  0.26236  1.19438  0.36081
     48   1.47189  1.23422  1.37400  1.48565      - c - - :
          1.38629  1.38629  1.38629  1.38629
          0.02222  4.51118  4.51118  1.46634  0.26236  1.08670  0.41147
     49   0.07578  3.84821  3.53117  3.79928      - A - - :
          1.38629  1.38629  1.38629  1.38629
          0.02219  4.51252  4.51252  1.46634  0.26236  1.16442  0.37412
     50   3.84659  0.09265  4.06092  2.99768      - C - - :
          1.38629  1.38629  1.38629  1.38629
          0.02219  4.51252  4.51252  1.46634  0.26236  1.16442  0.37412
     51   1.55006  1.52603  0.91513  1.77254      - g - - :
          1.38629  1.38629  1.38629  1.38629
          0.02219  4.51252  4.51252  1.46634  0.26236  1.16442  0.37412
     52   1.37578  1.57980  0.94542  1.87847      - g - - :
          1.38629  1.38629  1.38629  1.38629
          0.02219  4.51252  4.51252  1.46634  0.26236  1.16442  0.37412
     53   3.34411  2.07291  3.51876  0.21164      - U - - :
          1.38629  1.38629  1.38629  1.38629
          0.02219  4.51252  4.51252  1.46634  0.26236  1.16442  0.37412
     54   1.21854  1.53142  1.41316  1.40756      - a - - :
          1.38629  1.38629  1.38629  1.38629
          0.02219  4.51252  4.51252  1.46634  0.26236  1.09086  0.40937
     55   1.42183  1.28959  1.73565  1.18071      - u - - :
          1.38629  1.38629  1.38629  1.38629
          0.02217  4.51336  4.51336  1.46634  0.26236  1.14031  0.38525
     56   3.64722  3.11393  3.54219  0.10474      - U - - :
          1.38629  1.38629  1.38629  1.38629
          0.02587  4.22814  4.51336  0.41393  1.08190  1.14031  0.38525
     57   1.36624  2.22450  0.68229  2.02984      - G - - :
          1.38629  1.38629  1.38629  1.38629
          0.02217  4.51336  4.51336  1.46634  0.26236  1.14031  0.38525
     58   1.25499  2.19028  1.03397  1.39657      - g - - :
          1.38629  1.38629  1.38629  1.38629
          0.02217  4.51336  4.51336  1.46634  0.26236  1.14031  0.38525
     59   2.23440  1.73835  1.42543  0.74081      - u - - :
          1.38629  1.38629  1.38629  1.38629
          0.02217  4.51336  4.51336  1.46634  0.26236  1.14031  0.38525
     60   1.06881  1.71312  1.38584  1.48648      - a - - :
          1.38629  1.38629  1.38629  1.38629
          0.02258  4.51336  4.47705  1.46634  0.26236  1.14031  0.38525
     61   1.56793  2.11186  1.81950  0.67648      - U - - :
          1.38629  1.38629  1.38629  1.38629
          0.02218  4.51296  4.51296  1.46634  0.26236  1.11575  0.39701
     62   2.56410  1.51697  2.28297  0.50807      - U - - :
          1.38629  1.38629  1.38629  1.38629
          0.02244  4.51336  4.48915  1.46634  0.26236  1.14031  0.38525
     63   1.83496  1.21558  1.38699  1.22412      - c - - :
          1.38629  1.38629  1.38629  1.38629
          0.02253  4.51309  4.48137  1.46634  0.26236  1.06669  0.42182
     64   0.82500  2.05402  1.24270  1.93140      - a - - :
          1.38629  1.38629  1.38629  1.38629
          0.02216  4.51367  4.51367  1.46634  0.26236  1.07610  0.41692
     65   3.09405  0.46094  3.09766  1.27713      - C - - :
          1.38629  1.38629  1.38629  1.38629
          0.02215  4.51429  4.51429  1.46634  0.26236  1.11281  0.39844
     66   1.25397  1.24126  1.44281  1.66417      - c - - :
          1.38629  1.38629  1.38629  1.38629
          0.02288  4.51429  4.45080  1.46634  0.26236  1.07081  0.41966
     67   2.49788  1.04235  2.54676  0.71994      - u - - :
          1.38629  1.38629  1.38629  1.38629
          0.02251  4.51404  4.48263  1.46634  0.26236  1.12023  0.39483
     68   1.75662  2.24366  1.14529  0.90839      - u - - :
          1.38629  1.38629  1.38629  1.38629
          0.02216  4.51369  4.51369  1.46634  0.26236  1.13058  0.38986
     69   1.95809  1.86209  0.68081  1.62293      - G - - :
          1.38629  1.38629  1.38629  1.38629
          0.02216  4.51369  4.51369  1.46634  0.26236  1.06709  0.42160
     70   0.99142  1.45461  1.54650  1.70117      - a - - :
          1.38629  1.38629  1.38629  1.38629
          0.02214  4.51441  4.51441  1.46634  0.26236  1.07778  0.41605
     71   3.64219  2.93242  3.74411  0.10883      - U - - :
          1.38629  1.38629  1.38629  1.38629
          0.02214  4.51476  4.51476  1.46634  0.26236  1.09861  0.40547
     72   1.34603  2.17438  0.81304  1.70078      - g - - :
          1.38629  1.38629  1.38629  1.38629
          0.02214  4.51476  4.51476  1.46634  0.26236  1.09861  0.40547
     73   0.81669  2.34502  1.10913  2.02181      - a - - :
          1.38629  1.38629  1.38629  1.38629
          0.02214  4.51476  4.51476  1.46634  0.26236  1.09861  0.40547
     74   2.43468  0.80602  2.71289  0.91780      - c - - :
          1.38629  1.38629  1.38629  1.38629
          0.02214  4.51476  4.51476  1.46634  0.26236  1.09861  0.40547
     75   1.42237  1.38237  1.21139  1.56020      - g - - :
          1.38629  1.38629  1.38629  1.38629
          0.02214  4.51476  4.51476  1.46634  0.26236  1.09861  0.40547
     76   1.17761  0.84037  2.00418  2.07415      - c - - :
          1.38629  1.38629  1.38629  1.38629
          0.02584  4.51476  4.22954  1.46634  0.26236  1.09861  0.40547
     77   2.03035  3.58506  0.21758  3.31018      - G - - :
          1.38629  1.38629  1.38629  1.38629
          0.02310  4.51114  4.43587  1.46634  0.26236  0.91777  0.50984
     78   1.35683  1.31842  1.22027  1.71584      - g - - :
          1.38629  1.38629  1.38629  1.38629
          0.02265  4.51390  4.47100  1.46634  0.26236  1.04907  0.43119
     79   1.14326  2.30798  0.72341  2.33647      - g - - :
          1.38629  1.38629  1.38629  1.38629
          0.02664  4.20452  4.47796  0.38710  1.13638  1.07022  0.41997
     80   0.56642  2.56222  1.31508  2.44344      - A - - :
          1.38629  1.38629  1.38629  1.38629
          0.02214  4.51435  4.51435  1.46634  0.26236  1.07455  0.41772
     81   1.14223  1.28094  2.26804  1.20529      - a - - :
          1.38629  1.38629  1.38629  1.38629
          0.02271  4.51476  4.46460  1.46634  0.26236  1.09861  0.40547
     82   1.53562  1.94593  1.58238  0.82933      - u - - :
          1.38629  1.38629  1.38629  1.38629
          0.02215  4.51420  4.51420  1.46634  0.26236  1.06545  0.42247
     83   1.41945  0.74227  1.84368  2.08837      - c - - :
          1.38629  1.38629  1.38629  1.38629
          0.02214  4.51476  4.51476  1.46634  0.26236  1.09861  0.40547
     84   1.45735  1.58360  0.83758  2.04672      - g - - :
          1.38629  1.38629  1.38629  1.38629
          0.02214  4.51476  4.51476  1.46634  0.26236  1.09861  0.40547
     85   3.29884  0.28494  3.57362  1.69848      - C - - :
          1.38629  1.38629  1.38629  1.38629
          0.02214  4.51476  4.51476  1.46634  0.26236  1.09861  0.40547
     86   3.51551  2.88247  3.66294  0.11809      - U - - :
          1.38629  1.38629  1.38629  1.38629
          0.02214  4.51476  4.51476  1.46634  0.26236  1.09861  0.40547
     87   1.54232  1.34200  1.20135  1.49609      - g - - :
          1.38629  1.38629  1.38629  1.38629
          0.02214  4.51476  4.51476  1.46634  0.26236  1.09861  0.40547
     88   3.87280  3.43516  4.01597  0.07370      - U - - :
          1.38629  1.38629  1.38629  1.38629
          0.02214  4.51476  4.51476  1.46634  0.26236  1.09861  0.40547
     89   2.54756  3.91032  0.13136  3.69737      - G - - :
          1.38629  1.38629  1.38629  1.38629
          0.02214  4.51476  4.51476  1.46634  0.26236  1.09861  0.40547
     90   3.09502  0.63974  3.21928  0.94852      - C - - :
          1.38629  1.38629  1.38629  1.38629
          0.02214  4.51476  4.51476  1.46634  0.26236  1.09861  0.40547
     91   2.64267  3.49756  0.15427  3.18162      - G - - :
          1.38629  1.38629  1.38629  1.38629
          0.02214  4.51476  4.51476  1.46634  0.26236  1.09861  0.40547
     92   0.25295  2.71441  2.43386  2.66571      - A - - :
          1.38629  1.38629  1.38629  1.38629
          0.02214  4.51476  4.51476  1.46634  0.26236  1.09861  0.40547
     93   1.29921  2.79197  0.54066  2.48187      - G - - :
          1.38629  1.38629  1.38629  1.38629
          0.02214  4.51476  4.51476  1.46634  0.26236  1.09861  0.40547
     94   1.63903  1.30117  1.38595  1.26042      - u - - :
          1.38629  1.38629  1.38629  1.38629
          0.02214  4.51476  4.51476  1.46634  0.26236  1.09861  0.40547
     95   3.72753  3.37016  3.84615  0.08316      - U - - :
          1.38629  1.38629  1.38629  1.38629
          0.02214  4.51476  4.51476  1.46634  0.26236  1.09861  0.40547
     96   1.41693  1.50187  1.20161  1.45192      - g - - :
          1.38629  1.38629  1.38629  1.38629
          0.02214  4.51476  4.51476  1.46634  0.26236  1.09861  0.40547
     97   1.40068  0.68910  2.22853  1.93894      - C - - :
          1.38629  1.38629  1.38629  1.38629
          0.02214  4.51476  4.51476  1.46634  0.26236  1.09861  0.40547
     98   1.51291  1.98151  0.60125  2.36716      - G - - :
          1.38629  1.38629  1.38629  1.38629
          0.02214  4.51476  4.51476  1.46634  0.26236  1.09861  0.40547
     99   1.28665  1.64334  1.37940  1.27748      - u - - :
          1.38629  1.38629  1.38629  1.38629
          0.02214  4.51476  4.51476  1.46634  0.26236  1.09861  0.40547
    100   0.83642  1.80607  1.94419  1.34961      - a - - :
          1.38629  1.38629  1.38629  1.38629
          0.02214  4.51476  4.51476  1.46634  0.26236  1.09861  0.40547
    101   1.72379  2.52068  2.62219  0.40263      - U - - :
          1.38629  1.38629  1.38629  1.38629
          0.02214  4.51476  4.51476  1.46634  0.26236  1.09861  0.40547
    102   1.62070  0.85992  1.90092  1.47137      - c - - :
          1.38629  1.38629  1.38629  1.38629
          0.02425  4.51476  4.34174  1.46634  0.26236  1.09861  0.40547
    103   0.81656  1.12994  2.35835  1.96312      - a - - :
          1.38629  1.38629  1.38629  1.38629
          0.02218  4.51269  4.51269  1.46634  0.26236  1.15967  0.37628
    104   1.05689  2.60948  0.70098  2.49143      - g - - :
          1.38629  1.38629  1.38629  1.38629
          0.02218  4.51269  4.51269  1.46634  0.26236  1.15967  0.37628
    105   1.02478  1.95306  1.02092  1.97313      - g - - :
          1.38629  1.38629  1.38629  1.38629
          0.02218  4.51269  4.51269  1.46634  0.26236  1.15967  0.37628
    106   1.23344  1.51663  1.13428  1.78614      - g - - :
          1.38629  1.38629  1.38629  1.38629
          0.02218  4.51269  4.51269  1.46634  0.26236  1.15967  0.37628
    107   0.84312  1.54224  1.71066  1.74304      - a - - :
          1.38629  1.38629  1.38629  1.38629
          0.03319  3.83168  4.51269  1.12403  0.39299  1.15967  0.37628
    108   1.70591  1.23238  1.27489  1.39702      - c - - :
          1.38629  1.38629  1.38629  1.38629
          0.02218  4.51269  4.51269  1.46634  0.26236  1.15967  0.37628
    109   2.05799  2.05524  0.41537  2.47539      - G - - :
          1.38629  1.38629  1.38629  1.38629
          0.02218  4.51269  4.51269  1.46634  0.26236  1.15967  0.37628
    110   1.69551  2.41577  0.44295  2.46447      - G - - :
          1.38629  1.38629  1.38629  1.38629
          0.02715  4.51269  4.14702  1.46634  0.26236  1.15967  0.37628
    111   1.19906  1.48534  1.50583  1.38524      - a - - :
          1.38629  1.38629  1.38629  1.38629
          0.02229  4.50784  4.50784  1.46634  0.26236  0.92366  0.50594
    112   1.04823  1.38659  1.48476  1.75470      - a - - :
          1.38629  1.38629  1.38629  1.38629
          0.02251  4.51269  4.48360  1.46634  0.26236  1.15967  0.37628
    113   0.60270  2.12900  1.58660  2.04725      - A - - :
          1.38629  1.38629  1.38629  1.38629
          0.02219  4.51237  4.51237  1.46634  0.26236  1.13980  0.38549
    114   1.79792  1.33941  1.52810  1.03449      - u - - :
          1.38629  1.38629  1.38629  1.38629
          0.02218  4.51269  4.51269  1.46634  0.26236  1.15967  0.37628
    115   0.57443  1.82540  2.12564  1.85494      - A - - :
          1.38629  1.38629  1.38629  1.38629
          0.02218  4.51269  4.51269  1.46634  0.26236  1.15967  0.37628
    116   1.56566  1.05027  1.66790  1.37609      - c - - :
          1.38629  1.38629  1.38629  1.38629
          0.02218  4.51269  4.51269  1.46634  0.26236  1.15967  0.37628
    117   1.65732  2.09048  0.69645  1.67465      - g - - :
          1.38629  1.38629  1.38629  1.38629
          0.02218  4.51269  4.51269  1.46634  0.26236  1.15967  0.37628
    118   2.15753  3.30334  0.21156  3.26202      - G - - :
          1.38629  1.38629  1.38629  1.38629
          0.02218  4.51269  4.51269  1.46634  0.26236  1.15967  0.37628
    119   0.45248  2.15992  2.42540  1.83147      - A - - :
          1.38629  1.38629  1.38629  1.38629
          0.02218  4.51269  4.51269  1.46634  0.26236  1.15967  0.37628
    120   1.98895  2.47812  0.37445  2.39037      - G - - :
          1.38629  1.38629  1.38629  1.38629
          0.02218  4.51269  4.51269  1.46634  0.26236  1.15967  0.37628
    121   1.80495  1.80015  0.85303  1.41009      - g - - :
          1.38629  1.38629  1.38629  1.38629
          0.02218  4.51269  4.51269  1.46634  0.26236  1.15967  0.37628
    122   3.47521  2.83096  3.75719  0.12020      - U - - :
          1.38629  1.38629  1.38629  1.38629
          0.02218  4.51269  4.51269  1.46634  0.26236  1.15967  0.37628
    123   2.04154  1.51756  1.39166  0.91065      - u - - :
          1.38629  1.38629  1.38629  1.38629
          0.02574  4.23748  4.51269  0.42578  1.05918  1.15967  0.37628
    124   1.55312  1.92041  0.66597  2.05502      - G - - :
          1.38629  1.38629  1.38629  1.38629
          0.02218  4.51269  4.51269  1.46634  0.26236  1.15967  0.37628
    125   1.59870  0.77017  2.26561  1.46473      - c - - :
          1.38629  1.38629  1.38629  1.38629
          0.02218  4.51269  4.51269  1.46634  0.26236  1.15967  0.37628
    126   1.76568  2.28916  0.68193  1.50536      - G - - :
          1.38629  1.38629  1.38629  1.38629
          0.02218  4.51269  4.51269  1.46634  0.26236  1.15967  0.37628
    127   2.23375  3.19194  0.21202  3.15041      - G - - :
          1.38629  1.38629  1.38629  1.38629
          0.02610  4.51269  4.21386  1.46634  0.26236  1.15967  0.37628
    128   3.19403  0.42815  3.39905  1.29507      - C - - :
          1.38629  1.38629  1.38629  1.38629
          0.02725  4.50886  4.14319  1.46634  0.26236  0.96450  0.47993
    129   1.28327  1.40452  1.61026  1.28175      - u - - :
          1.38629  1.38629  1.38629  1.38629
          0.02229  4.50784  4.50784  1.46634  0.26236  1.28933  0.32221
    130   1.17005  1.86806  1.57527  1.11391      - u - - :
          1.38629  1.38629  1.38629  1.38629
          0.02229  4.50784  4.50784  1.46634  0.26236  0.92366  0.50594
    131   1.67731  1.70513  1.74517  0.78360      - u - - :
          1.38629  1.38629  1.38629  1.38629
          0.02218  4.51269  4.51269  1.46634  0.26236  1.15967  0.37628
    132   1.66871  1.22848  1.63051  1.13028      - u - - :
          1.38629  1.38629  1.38629  1.38629
          0.02218  4.51269  4.51269  1.46634  0.26236  1.15967  0.37628
    133   1.27923  1.40739  2.08816  1.04114      - u - - :
          1.38629  1.38629  1.38629  1.38629
          0.05697  3.11428  4.51269  1.10715  0.40122  1.15967  0.37628
    134   2.73888  1.67790  3.01922  0.35703      - U - - :
          1.38629  1.38629  1.38629  1.38629
          0.02218  4.51269  4.51269  1.46634  0.26236  1.15967  0.37628
    135   1.16732  1.71653  1.12331  1.69331      - g - - :
          1.38629  1.38629  1.38629  1.38629
          0.02218  4.51269  4.51269  1.46634  0.26236  1.15967  0.37628
    136   2.40154  2.90888  0.23072  2.79815      - G - - :
          1.38629  1.38629  1.38629  1.38629
          0.02218  4.51269  4.51269  1.46634  0.26236  1.15967  0.37628
    137   2.17822  0.32184  3.07348  2.15692      - C - - :
          1.38629  1.38629  1.38629  1.38629
          0.02574  4.51269  4.23748  1.46634  0.26236  1.15967  0.37628
    138   2.17400  1.11415  2.08775  0.83444      - u - - :
          1.38629  1.38629  1.38629  1.38629
          0.02275  4.50921  4.46631  1.46634  0.26236  1.25439  0.33582
    139   3.48850  3.00482  3.19389  0.12909      - U - - :
          1.38629  1.38629  1.38629  1.38629
          0.02227  4.50873  4.50873  1.46634  0.26236  1.26681  0.33091
    140   0.55656  2.91150  1.20392  2.62538      - A - - :
          1.38629  1.38629  1.38629  1.38629
          0.02227  4.50873  4.50873  1.46634  0.26236  1.26681  0.33091
    141   3.37935  0.31929  3.56317  1.55631      - C - - :
          1.38629  1.38629  1.38629  1.38629
          0.02911  4.50873  4.03571  1.46634  0.26236  1.26681  0.33091
    142   1.83858  2.64102  0.36029  2.62843      - G - - :
          1.38629  1.38629  1.38629  1.38629
          0.02242  4.50204  4.50204  1.46634  0.26236  1.42416  0.27537
    143   0.37735  2.19795  2.44283  2.15093      - A - - :
          1.38629  1.38629  1.38629  1.38629
          0.02242  4.50204  4.50204  1.46634  0.26236  1.42416  0.27537
    144   0.68301  1.96855  1.75097  1.70574      - A - - :
          1.38629  1.38629  1.38629  1.38629
          0.05439  4.50204  3.17371  1.46634  0.26236  1.42416  0.27537
    145   1.77753  1.55144  1.40717  0.98305      - u - - :
          1.38629  1.38629  1.38629  1.38629
          0.04284  3.49000  4.47080  0.91664  0.51059  1.93573  0.15586
    146   2.15711  0.57834  2.41747  1.45088      - C - - :
          1.38629  1.38629  1.38629  1.38629
          0.06211  3.02035  4.47080  1.10660  0.40149  1.93573  0.15586
    147   1.59695  1.27336  1.41480  1.29235      - c - - :
          1.38629  1.38629  1.38629  1.38629
          0.04024  4.47080  3.57546  1.46634  0.26236  1.93573  0.15586
    148   1.16193  2.34695  0.71263  2.29162      - g - - :
          1.38629  1.38629  1.38629  1.38629
          0.03673  4.04428  3.98793  0.30234  1.34358  2.12552  0.12712
    149   0.85591  2.09024  1.20976  1.87617      - a - - :
          1.38629  1.38629  1.38629  1.38629
          0.03238  3.90451  4.44716  1.13220  0.38908  2.04676  0.13829
    150   1.37478  1.84946  0.97578  1.54701      - g - - :
          1.38629  1.38629  1.38629  1.38629
          0.18325  4.15019  1.88601  0.39869  1.11231  1.86641  0.16804
    151   1.04486  1.38692  1.48472  1.76113      - a - - :
          1.38629  1.38629  1.38629  1.38629
          0.05600  4.30314  3.19569  1.46634  0.26236  3.01672  0.05020
    152   0.53837  2.78474  1.28741  2.54378      - A - - :
          1.38629  1.38629  1.38629  1.38629
          0.02821  4.27534  4.27534  1.46634  0.26236  3.11133  0.04556
    153   2.13470  2.67805  0.36669  2.12028      - G - - :
          1.38629  1.38629  1.38629  1.38629
                *  0.00000        *  0.45905  0.99935  0.00000        *
//
