INFERNAL1/a [1.1.2 | July 2016]
NAME     t_nt_zoro_orzo_maxS_round5_0001
STATES   274
NODES    64
CLEN     90
W        107
ALPH     RNA
RF       no
CONS     yes
MAP      yes
DATE     Thu Jan 23 20:56:55 2020
COM      [1] cmbuild /home/co78wid/projects/master/results/ta_systems/zoro_orzo/zoro_orzo_maxS/2_structure_analysis/infernal_search/t_nt_zoro_orzo_maxS_cmbuild.txt /home/co78wid/projects/master/results/ta_systems/zoro_orzo/zoro_orzo_maxS/1_sequence_analysis/fold/t_nt_zoro_orzo_maxS_round5.stk
COM      [2] cmcalibrate --cpu 30 /home/co78wid/projects/master/results/ta_systems/zoro_orzo/zoro_orzo_maxS/2_structure_analysis/infernal_search/t_nt_zoro_orzo_maxS_cmbuild.txt
PBEGIN   0.05
PEND     0.05
WBETA    1e-07
QDBBETA1 1e-07
QDBBETA2 1e-15
N2OMEGA  1.52588e-05
N3OMEGA  1.52588e-05
ELSELF   -0.08926734
NSEQ     23
EFFN     0.951782
CKSUM    2882626822
NULL     0.000  0.000  0.000  0.000 
EFP7GF   -7.0310 0.71868
ECMLC    0.61762    -5.84475     3.27502     1600000      335254  0.003579
ECMGC    0.43742   -14.04841    -1.75697     1600000       86509  0.004624
ECMLI    0.61560    -3.22122     4.96138     1600000      184845  0.006492
ECMGI    0.47174    -8.32418     2.18255     1600000       56833  0.007038
CM
                                             [ ROOT    0 ]      -      - - - - -
     S     0    -1 0     1     4     1     1   107   127  -6.479  -6.686  -0.074  -5.100                 
    IL     1     1 2     1     4     1    29   111   131  -1.686  -2.369  -1.117  -4.855                  0.000  0.000  0.000  0.000 
    IR     2     2 3     2     3     1    29   110   130  -1.442  -0.798  -4.142                          0.000  0.000  0.000  0.000 
                                             [ MATL    1 ]      1      - A - - -
    ML     3     2 3     5     3     1    28   107   127  -7.534  -0.028  -6.188                          1.453 -1.536 -1.250 -1.009 
     D     4     2 3     5     3     0    24   105   126  -6.174  -1.687  -0.566                         
    IL     5     5 3     5     3     1    28   109   129  -1.442  -0.798  -4.142                          0.000  0.000  0.000  0.000 
                                             [ MATL    2 ]      2      - U - - -
    ML     6     5 3     8     3     1    27   106   126  -7.534  -0.028  -6.188                         -0.743 -0.884 -1.424  1.315 
     D     7     5 3     8     3     0    23   104   125  -6.174  -1.687  -0.566                         
    IL     8     8 3     8     3     1    27   108   128  -1.442  -0.798  -4.142                          0.000  0.000  0.000  0.000 
                                             [ MATL    3 ]      3      - G - - -
    ML     9     8 3    11     3     1    27   105   125  -7.534  -0.028  -6.188                         -0.685 -1.737  1.389 -1.125 
     D    10     8 3    11     3     0    22   103   124  -6.174  -1.687  -0.566                         
    IL    11    11 3    11     3     1    26   107   127  -1.442  -0.798  -4.142                          0.000  0.000  0.000  0.000 
                                             [ MATL    4 ]      4      - G - - -
    ML    12    11 3    14     3     1    26   104   124  -7.534  -0.028  -6.188                         -0.685 -1.737  1.389 -1.125 
     D    13    11 3    14     3     0    22   102   123  -6.174  -1.687  -0.566                         
    IL    14    14 3    14     3     1    26   106   126  -1.442  -0.798  -4.142                          0.000  0.000  0.000  0.000 
                                             [ MATL    5 ]      5      - A - - -
    ML    15    14 3    17     3     1    25   103   123  -7.534  -0.028  -6.188                          1.453 -1.536 -1.250 -1.009 
     D    16    14 3    17     3     0    21   101   122  -6.174  -1.687  -0.566                         
    IL    17    17 3    17     3     1    25   105   125  -1.442  -0.798  -4.142                          0.000  0.000  0.000  0.000 
                                             [ MATL    6 ]      6      - C - - -
    ML    18    17 3    20     3     1    24   102   122  -7.534  -0.028  -6.188                         -0.780  1.212 -1.549 -0.398 
     D    19    17 3    20     3     0    20   100   121  -6.174  -1.687  -0.566                         
    IL    20    20 3    20     3     1    24   104   124  -1.442  -0.798  -4.142                          0.000  0.000  0.000  0.000 
                                             [ MATL    7 ]      7      - A - - -
    ML    21    20 3    23     3     1    23   101   121  -7.534  -0.028  -6.188                          1.051 -0.956 -0.919 -0.177 
     D    22    20 3    23     3     0    19    99   120  -6.174  -1.687  -0.566                         
    IL    23    23 3    23     3     1    23   102   123  -1.442  -0.798  -4.142                          0.000  0.000  0.000  0.000 
                                             [ MATL    8 ]      8      - C - - -
    ML    24    23 3    26     3     1    22   100   120  -7.957  -0.025  -6.275                         -0.780  1.212 -1.549 -0.398 
     D    25    23 3    26     3     0    18    98   119  -5.620  -0.734  -1.403                         
    IL    26    26 3    26     3     1    22   100   121  -1.925  -0.554  -4.164                          0.000  0.000  0.000  0.000 
                                             [ MATR    9 ]      -     90 - A - -
    MR    27    26 3    29     3     1    21    99   119  -7.957  -0.025  -6.275                          1.453 -1.536 -1.250 -1.009 
     D    28    26 3    29     3     0    16    97   117  -6.390  -1.568  -0.620                         
    IR    29    29 3    29     3     1    21    99   120  -1.925  -0.554  -4.164                          0.000  0.000  0.000  0.000 
                                             [ MATR   10 ]      -     89 - A - -
    MR    30    29 3    32     5     1    20    98   118  -6.726  -0.051  -6.541  -6.753  -7.645          1.453 -1.536 -1.250 -1.009 
     D    31    29 3    32     5     0    15    96   116  -5.352  -0.707  -2.978  -4.409  -2.404         
    IR    32    32 3    32     5     1    19    98   118  -2.408  -0.496  -5.920  -4.087  -5.193          0.000  0.000  0.000  0.000 
                                             [ MATP   11 ]      9     88 g u - -
    MP    33    32 3    37     6     2    20    97   117  -8.946  -8.885  -0.024  -7.662  -7.941  -8.337 -3.135 -2.144 -3.253  1.375 -3.569 -4.345  0.723 -3.352 -3.072  1.996 -3.575  2.280  0.360 -3.625 -1.213 -2.077 
    ML    34    32 3    37     6     1    16    95   115  -6.250  -6.596  -1.310  -1.005  -6.446  -3.975  0.368 -0.385 -0.191  0.094 
    MR    35    32 3    37     6     1    15    95   115  -6.988  -5.717  -1.625  -5.695  -0.829  -3.908  0.368 -0.385 -0.191  0.094 
     D    36    32 3    37     6     0    11    93   113  -9.049  -7.747  -3.544  -4.226  -4.244  -0.319 
    IL    37    37 5    37     6     1    18    96   116  -2.579  -2.842  -0.760  -4.497  -5.274  -4.934  0.000  0.000  0.000  0.000 
    IR    38    38 6    38     5     1    18    96   116  -2.408  -0.496  -5.920  -4.087  -5.193          0.000  0.000  0.000  0.000 
                                             [ MATP   12 ]     10     87 C G - -
    MP    39    38 6    43     6     2    18    95   115  -8.946  -8.885  -0.024  -7.662  -7.941  -8.337 -3.755 -3.566 -3.568  0.110 -2.493 -4.079  3.195 -3.216 -3.602  0.518 -3.936 -1.504  1.085 -3.869 -0.191 -2.473 
    ML    40    38 6    43     6     1    15    94   114  -6.250  -6.596  -1.310  -1.005  -6.446  -3.975  0.368 -0.385 -0.191  0.094 
    MR    41    38 6    43     6     1    13    93   114  -6.988  -5.717  -1.625  -5.695  -0.829  -3.908  0.368 -0.385 -0.191  0.094 
     D    42    38 6    43     6     0    10    92   112  -9.049  -7.747  -3.544  -4.226  -4.244  -0.319 
    IL    43    43 5    43     6     1    16    94   115  -2.579  -2.842  -0.760  -4.497  -5.274  -4.934  0.000  0.000  0.000  0.000 
    IR    44    44 6    44     5     1    16    94   114  -2.408  -0.496  -5.920  -4.087  -5.193          0.000  0.000  0.000  0.000 
                                             [ MATP   13 ]     11     86 u a - -
    MP    45    44 6    49     4     2    16    93   113  -6.479  -6.686  -0.074  -5.100                 -3.452 -3.222 -3.361  0.418 -2.483 -3.986  1.822 -3.117 -3.378  0.838 -3.782 -1.135  2.785 -3.620 -0.178 -2.262 
    ML    46    44 6    49     4     1    14    93   113  -3.758  -3.940  -0.507  -2.670                  0.368 -0.385 -0.191  0.094 
    MR    47    44 6    49     4     1    11    92   113  -4.809  -3.838  -1.706  -0.766                  0.368 -0.385 -0.191  0.094 
     D    48    44 6    49     4     0    10    91   112  -4.568  -4.250  -2.265  -0.520                 
    IL    49    49 5    49     4     1    15    94   114  -1.686  -2.369  -1.117  -4.855                  0.000  0.000  0.000  0.000 
    IR    50    50 6    50     3     1    15    93   113  -1.442  -0.798  -4.142                          0.000  0.000  0.000  0.000 
                                             [ MATL   14 ]     12      - G - - -
    ML    51    50 6    53     3     1    14    90   110  -7.534  -0.028  -6.188                         -0.685 -1.737  1.389 -1.125 
     D    52    50 6    53     3     0     9    89   109  -6.174  -1.687  -0.566                         
    IL    53    53 3    53     3     1    14    92   112  -1.442  -0.798  -4.142                          0.000  0.000  0.000  0.000 
                                             [ MATL   15 ]     13      - A - - -
    ML    54    53 3    56     3     1    14    89   109  -7.534  -0.028  -6.188                          1.453 -1.536 -1.250 -1.009 
     D    55    53 3    56     3     0     8    88   108  -6.174  -1.687  -0.566                         
    IL    56    56 3    56     3     1    13    91   111  -1.442  -0.798  -4.142                          0.000  0.000  0.000  0.000 
                                             [ MATL   16 ]     14      - c - - -
    ML    57    56 3    59     3     1    13    88   108  -7.957  -0.025  -6.275                         -0.471  0.958 -1.095 -0.204 
     D    58    56 3    59     3     0     7    87   107  -5.620  -0.734  -1.403                         
    IL    59    59 3    59     3     1    12    89   109  -1.925  -0.554  -4.164                          0.000  0.000  0.000  0.000 
                                             [ MATR   17 ]      -     85 - A - -
    MR    60    59 3    62     3     1    12    87   107  -7.957  -0.025  -6.275                          1.453 -1.536 -1.250 -1.009 
     D    61    59 3    62     3     0     5    85   105  -6.390  -1.568  -0.620                         
    IR    62    62 3    62     3     1    11    88   108  -1.925  -0.554  -4.164                          0.000  0.000  0.000  0.000 
                                             [ MATR   18 ]      -     84 - G - -
    MR    63    62 3    65     3     1    12    86   106  -7.957  -0.025  -6.275                         -0.685 -1.737  1.389 -1.125 
     D    64    62 3    65     3     0     4    85   104  -6.390  -1.568  -0.620                         
    IR    65    65 3    65     3     1    10    87   107  -1.925  -0.554  -4.164                          0.000  0.000  0.000  0.000 
                                             [ MATR   19 ]      -     83 - U - -
    MR    66    65 3    68     5     1    11    85   105  -6.726  -0.051  -6.541  -6.753  -7.645         -0.743 -0.884 -1.424  1.315 
     D    67    65 3    68     5     0     3    84   104  -5.352  -0.707  -2.978  -4.409  -2.404         
    IR    68    68 3    68     5     1     8    85   105  -2.408  -0.496  -5.920  -4.087  -5.193          0.000  0.000  0.000  0.000 
                                             [ MATP   20 ]     15     82 a u - -
    MP    69    68 3    73     6     2    12    84   104  -8.946  -8.885  -0.024  -7.662  -7.941  -8.337 -3.213 -2.409 -3.261  2.730 -3.308 -4.343  0.965 -3.326 -3.186  1.728 -3.701  0.002  0.537 -3.628 -0.984 -2.138 
    ML    70    68 3    73     6     1     5    83   102  -6.250  -6.596  -1.310  -1.005  -6.446  -3.975  0.368 -0.385 -0.191  0.094 
    MR    71    68 3    73     6     1     5    82   102  -6.988  -5.717  -1.625  -5.695  -0.829  -3.908  0.368 -0.385 -0.191  0.094 
     D    72    68 3    73     6     0     1    80   100  -9.049  -7.747  -3.544  -4.226  -4.244  -0.319 
    IL    73    73 5    73     6     1     7    84   104  -2.579  -2.842  -0.760  -4.497  -5.274  -4.934  0.000  0.000  0.000  0.000 
    IR    74    74 6    74     5     1     7    83   103  -2.408  -0.496  -5.920  -4.087  -5.193          0.000  0.000  0.000  0.000 
                                             [ MATP   21 ]     16     81 C G - -
    MP    75    74 6    79     6     2    10    82   102  -8.946  -8.885  -0.024  -7.662  -7.941  -8.337 -3.755 -3.566 -3.568  0.110 -2.493 -4.079  3.195 -3.216 -3.602  0.518 -3.936 -1.504  1.085 -3.869 -0.191 -2.473 
    ML    76    74 6    79     6     1     5    81   100  -6.250  -6.596  -1.310  -1.005  -6.446  -3.975  0.368 -0.385 -0.191  0.094 
    MR    77    74 6    79     6     1     5    81   100  -6.988  -5.717  -1.625  -5.695  -0.829  -3.908  0.368 -0.385 -0.191  0.094 
     D    78    74 6    79     6     0     1    78    98  -9.049  -7.747  -3.544  -4.226  -4.244  -0.319 
    IL    79    79 5    79     6     1     6    82   102  -2.579  -2.842  -0.760  -4.497  -5.274  -4.934  0.000  0.000  0.000  0.000 
    IR    80    80 6    80     5     1     7    81   101  -2.408  -0.496  -5.920  -4.087  -5.193          0.000  0.000  0.000  0.000 
                                             [ MATP   22 ]     17     80 a u - -
    MP    81    80 6    85     6     2     9    80   100  -8.946  -8.885  -0.024  -7.662  -7.941  -8.337 -3.124 -2.312 -3.200  2.666 -3.398 -4.321  0.859 -3.326 -3.125  1.829 -3.655  0.266  0.512 -3.542 -1.077 -2.083 
    ML    82    80 6    85     6     1     4    79    99  -6.250  -6.596  -1.310  -1.005  -6.446  -3.975  0.368 -0.385 -0.191  0.094 
    MR    83    80 6    85     6     1     4    79    98  -6.988  -5.717  -1.625  -5.695  -0.829  -3.908  0.368 -0.385 -0.191  0.094 
     D    84    80 6    85     6     0     1    76    96  -9.049  -7.747  -3.544  -4.226  -4.244  -0.319 
    IL    85    85 5    85     6     1     6    80   100  -2.579  -2.842  -0.760  -4.497  -5.274  -4.934  0.000  0.000  0.000  0.000 
    IR    86    86 6    86     5     1     6    79    99  -2.408  -0.496  -5.920  -4.087  -5.193          0.000  0.000  0.000  0.000 
                                             [ MATP   23 ]     18     79 a u - -
    MP    87    86 6    91     6     2     7    78    98  -8.946  -8.885  -0.024  -7.662  -7.941  -8.337 -3.213 -2.409 -3.261  2.730 -3.308 -4.343  0.965 -3.326 -3.186  1.728 -3.701  0.002  0.537 -3.628 -0.984 -2.138 
    ML    88    86 6    91     6     1     3    77    97  -6.250  -6.596  -1.310  -1.005  -6.446  -3.975  0.368 -0.385 -0.191  0.094 
    MR    89    86 6    91     6     1     4    77    97  -6.988  -5.717  -1.625  -5.695  -0.829  -3.908  0.368 -0.385 -0.191  0.094 
     D    90    86 6    91     6     0     0    74    94  -9.049  -7.747  -3.544  -4.226  -4.244  -0.319 
    IL    91    91 5    91     6     1     5    78    98  -2.579  -2.842  -0.760  -4.497  -5.274  -4.934  0.000  0.000  0.000  0.000 
    IR    92    92 6    92     5     1     5    77    97  -2.408  -0.496  -5.920  -4.087  -5.193          0.000  0.000  0.000  0.000 
                                             [ MATP   24 ]     19     78 a u - -
    MP    93    92 6    97     4     2     5    76    96  -6.440  -7.685  -0.110  -4.138                 -3.213 -2.409 -3.261  2.730 -3.308 -4.343  0.965 -3.326 -3.186  1.728 -3.701  0.002  0.537 -3.628 -0.984 -2.138 
    ML    94    92 6    97     4     1     2    75    95  -2.408  -4.532  -1.293  -1.473                  0.368 -0.385 -0.191  0.094 
    MR    95    92 6    97     4     1     3    75    95  -4.102 -12.528  -0.390  -2.485                  0.368 -0.385 -0.191  0.094 
     D    96    92 6    97     4     0     0    73    93 -12.737 -14.007  -2.036  -0.404                 
    IL    97    97 5    97     4     1     3    76    95  -2.817  -4.319  -0.613  -2.698                  0.000  0.000  0.000  0.000 
    IR    98    98 6    98     3     1     4    76    96  -1.925  -0.554  -4.164                          0.000  0.000  0.000  0.000 
                                             [ MATR   25 ]      -     77 - A - -
    MR    99    98 6   101     3     1     5    74    94  -7.957  -0.025  -6.275                          1.453 -1.536 -1.250 -1.009 
     D   100    98 6   101     3     0     0    73    92  -6.390  -1.568  -0.620                         
    IR   101   101 3   101     3     1     3    75    95  -1.925  -0.554  -4.164                          0.000  0.000  0.000  0.000 
                                             [ MATR   26 ]      -     76 - G - -
    MR   102   101 3   104     5     1     5    73    93  -6.726  -0.051  -6.541  -6.753  -7.645         -0.685 -1.737  1.389 -1.125 
     D   103   101 3   104     5     0     0    72    92  -5.352  -0.707  -2.978  -4.409  -2.404         
    IR   104   104 3   104     5     1     2    73    93  -2.408  -0.496  -5.920  -4.087  -5.193          0.000  0.000  0.000  0.000 
                                             [ MATP   27 ]     20     75 a u - -
    MP   105   104 3   109     6     2     6    72    92  -8.946  -8.885  -0.024  -7.662  -7.941  -8.337 -3.077 -2.271 -3.161  2.591 -3.390 -4.273  0.854 -3.307 -3.090  1.872 -3.621  0.457  0.528 -3.485 -1.074 -2.050 
    ML   106   104 3   109     6     1     1    71    90  -6.250  -6.596  -1.310  -1.005  -6.446  -3.975  0.368 -0.385 -0.191  0.094 
    MR   107   104 3   109     6     1     1    70    90  -6.988  -5.717  -1.625  -5.695  -0.829  -3.908  0.368 -0.385 -0.191  0.094 
     D   108   104 3   109     6     0     0    68    88  -9.049  -7.747  -3.544  -4.226  -4.244  -0.319 
    IL   109   109 5   109     6     1     2    72    92  -2.579  -2.842  -0.760  -4.497  -5.274  -4.934  0.000  0.000  0.000  0.000 
    IR   110   110 6   110     5     1     2    71    91  -2.408  -0.496  -5.920  -4.087  -5.193          0.000  0.000  0.000  0.000 
                                             [ MATP   28 ]     21     74 g u - -
    MP   111   110 6   115     6     2     6    70    90  -8.946  -8.885  -0.024  -7.662  -7.941  -8.337 -3.135 -2.144 -3.253  1.375 -3.569 -4.345  0.723 -3.352 -3.072  1.996 -3.575  2.280  0.360 -3.625 -1.213 -2.077 
    ML   112   110 6   115     6     1     1    69    88  -6.250  -6.596  -1.310  -1.005  -6.446  -3.975  0.368 -0.385 -0.191  0.094 
    MR   113   110 6   115     6     1     1    68    88  -6.988  -5.717  -1.625  -5.695  -0.829  -3.908  0.368 -0.385 -0.191  0.094 
     D   114   110 6   115     6     0     0    66    86  -9.049  -7.747  -3.544  -4.226  -4.244  -0.319 
    IL   115   115 5   115     6     1     2    70    90  -2.579  -2.842  -0.760  -4.497  -5.274  -4.934  0.000  0.000  0.000  0.000 
    IR   116   116 6   116     5     1     2    69    89  -2.408  -0.496  -5.920  -4.087  -5.193          0.000  0.000  0.000  0.000 
                                             [ MATP   29 ]     22     73 u a - -
    MP   117   116 6   121     6     2     5    68    88  -8.946  -8.885  -0.024  -7.662  -7.941  -8.337 -3.452 -3.222 -3.361  0.418 -2.483 -3.986  1.822 -3.117 -3.378  0.838 -3.782 -1.135  2.785 -3.620 -0.178 -2.262 
    ML   118   116 6   121     6     1     1    67    86  -6.250  -6.596  -1.310  -1.005  -6.446  -3.975  0.368 -0.385 -0.191  0.094 
    MR   119   116 6   121     6     1     1    66    86  -6.988  -5.717  -1.625  -5.695  -0.829  -3.908  0.368 -0.385 -0.191  0.094 
     D   120   116 6   121     6     0     0    64    84  -9.049  -7.747  -3.544  -4.226  -4.244  -0.319 
    IL   121   121 5   121     6     1     2    68    88  -2.579  -2.842  -0.760  -4.497  -5.274  -4.934  0.000  0.000  0.000  0.000 
    IR   122   122 6   122     5     1     2    67    87  -2.408  -0.496  -5.920  -4.087  -5.193          0.000  0.000  0.000  0.000 
                                             [ MATP   30 ]     23     72 u g - -
    MP   123   122 6   127     6     2     5    66    86  -8.946  -8.885  -0.024  -7.662  -7.941  -8.337 -3.322 -3.193 -3.192  0.392 -2.225 -3.749  2.035 -2.909 -3.227  0.743 -3.600 -1.212  1.316 -3.470  2.248 -2.139 
    ML   124   122 6   127     6     1     1    65    84  -6.250  -6.596  -1.310  -1.005  -6.446  -3.975  0.368 -0.385 -0.191  0.094 
    MR   125   122 6   127     6     1     1    64    84  -6.988  -5.717  -1.625  -5.695  -0.829  -3.908  0.368 -0.385 -0.191  0.094 
     D   126   122 6   127     6     0     0    62    82  -9.049  -7.747  -3.544  -4.226  -4.244  -0.319 
    IL   127   127 5   127     6     1     1    66    86  -2.579  -2.842  -0.760  -4.497  -5.274  -4.934  0.000  0.000  0.000  0.000 
    IR   128   128 6   128     5     1     2    65    85  -2.408  -0.496  -5.920  -4.087  -5.193          0.000  0.000  0.000  0.000 
                                             [ MATP   31 ]     24     71 a u - -
    MP   129   128 6   133     6     2     5    64    84  -8.946  -8.885  -0.024  -7.662  -7.941  -8.337 -3.213 -2.409 -3.261  2.730 -3.308 -4.343  0.965 -3.326 -3.186  1.728 -3.701  0.002  0.537 -3.628 -0.984 -2.138 
    ML   130   128 6   133     6     1     1    63    82  -6.250  -6.596  -1.310  -1.005  -6.446  -3.975  0.368 -0.385 -0.191  0.094 
    MR   131   128 6   133     6     1     1    62    82  -6.988  -5.717  -1.625  -5.695  -0.829  -3.908  0.368 -0.385 -0.191  0.094 
     D   132   128 6   133     6     0     0    60    80  -9.049  -7.747  -3.544  -4.226  -4.244  -0.319 
    IL   133   133 5   133     6     1     1    64    84  -2.579  -2.842  -0.760  -4.497  -5.274  -4.934  0.000  0.000  0.000  0.000 
    IR   134   134 6   134     5     1     1    63    83  -2.408  -0.496  -5.920  -4.087  -5.193          0.000  0.000  0.000  0.000 
                                             [ MATP   32 ]     25     70 a u - -
    MP   135   134 6   139     6     2     4    62    82  -8.946  -8.885  -0.024  -7.662  -7.941  -8.337 -2.890 -1.203 -2.978  2.490 -3.161 -3.959  0.931 -3.193 -2.976  1.930 -3.493  0.037  0.632 -3.206 -0.933 -1.952 
    ML   136   134 6   139     6     1     1    61    80  -6.250  -6.596  -1.310  -1.005  -6.446  -3.975  0.368 -0.385 -0.191  0.094 
    MR   137   134 6   139     6     1     1    60    80  -6.988  -5.717  -1.625  -5.695  -0.829  -3.908  0.368 -0.385 -0.191  0.094 
     D   138   134 6   139     6     0     0    58    78  -9.049  -7.747  -3.544  -4.226  -4.244  -0.319 
    IL   139   139 5   139     6     1     1    62    82  -2.579  -2.842  -0.760  -4.497  -5.274  -4.934  0.000  0.000  0.000  0.000 
    IR   140   140 6   140     5     1     1    61    81  -2.408  -0.496  -5.920  -4.087  -5.193          0.000  0.000  0.000  0.000 
                                             [ MATP   33 ]     26     69 C G - -
    MP   141   140 6   145     6     2     4    60    80  -8.946  -8.885  -0.024  -7.662  -7.941  -8.337 -3.633 -3.496 -3.464  0.174 -2.401 -3.979  3.110 -3.125 -3.503  0.552 -3.848 -1.485  1.193 -3.740  0.109 -2.376 
    ML   142   140 6   145     6     1     1    59    78  -6.250  -6.596  -1.310  -1.005  -6.446  -3.975  0.368 -0.385 -0.191  0.094 
    MR   143   140 6   145     6     1     1    58    78  -6.988  -5.717  -1.625  -5.695  -0.829  -3.908  0.368 -0.385 -0.191  0.094 
     D   144   140 6   145     6     0     0    56    76  -9.049  -7.747  -3.544  -4.226  -4.244  -0.319 
    IL   145   145 5   145     6     1     1    60    80  -2.579  -2.842  -0.760  -4.497  -5.274  -4.934  0.000  0.000  0.000  0.000 
    IR   146   146 6   146     5     1     1    59    79  -2.408  -0.496  -5.920  -4.087  -5.193          0.000  0.000  0.000  0.000 
                                             [ MATP   34 ]     27     68 C G - -
    MP   147   146 6   151     6     2     4    58    78  -8.946  -8.885  -0.024  -7.662  -7.941  -8.337 -3.442 -3.387 -3.353  0.240 -1.682 -3.938  3.072 -3.099 -3.389  0.533 -3.779 -1.448  1.218 -3.597  0.053 -2.295 
    ML   148   146 6   151     6     1     1    57    76  -6.250  -6.596  -1.310  -1.005  -6.446  -3.975  0.368 -0.385 -0.191  0.094 
    MR   149   146 6   151     6     1     1    56    76  -6.988  -5.717  -1.625  -5.695  -0.829  -3.908  0.368 -0.385 -0.191  0.094 
     D   150   146 6   151     6     0     0    54    74  -9.049  -7.747  -3.544  -4.226  -4.244  -0.319 
    IL   151   151 5   151     6     1     1    58    78  -2.579  -2.842  -0.760  -4.497  -5.274  -4.934  0.000  0.000  0.000  0.000 
    IR   152   152 6   152     5     1     1    57    77  -2.408  -0.496  -5.920  -4.087  -5.193          0.000  0.000  0.000  0.000 
                                             [ MATP   35 ]     28     67 G C - -
    MP   153   152 6   157     6     2     4    56    76  -8.946  -8.885  -0.024  -7.662  -7.941  -8.337 -3.921 -2.711 -3.978  0.717 -4.077 -4.341  0.370 -4.135 -3.739  3.355 -4.142 -0.396 -0.046 -3.917 -1.631 -2.868 
    ML   154   152 6   157     6     1     1    55    75  -6.250  -6.596  -1.310  -1.005  -6.446  -3.975  0.368 -0.385 -0.191  0.094 
    MR   155   152 6   157     6     1     1    55    74  -6.988  -5.717  -1.625  -5.695  -0.829  -3.908  0.368 -0.385 -0.191  0.094 
     D   156   152 6   157     6     0     0    52    72  -9.049  -7.747  -3.544  -4.226  -4.244  -0.319 
    IL   157   157 5   157     6     1     1    56    76  -2.579  -2.842  -0.760  -4.497  -5.274  -4.934  0.000  0.000  0.000  0.000 
    IR   158   158 6   158     5     1     1    55    75  -2.408  -0.496  -5.920  -4.087  -5.193          0.000  0.000  0.000  0.000 
                                             [ MATP   36 ]     29     66 u a - -
    MP   159   158 6   163     6     2     3    54    74  -8.946  -8.885  -0.024  -7.662  -7.941  -8.337 -3.307 -3.175 -3.240  0.446 -2.376 -3.861  1.915 -3.023 -3.273  0.834 -3.686 -1.182  2.642 -3.464  0.272 -2.167 
    ML   160   158 6   163     6     1     1    53    73  -6.250  -6.596  -1.310  -1.005  -6.446  -3.975  0.368 -0.385 -0.191  0.094 
    MR   161   158 6   163     6     1     1    53    73  -6.988  -5.717  -1.625  -5.695  -0.829  -3.908  0.368 -0.385 -0.191  0.094 
     D   162   158 6   163     6     0     0    51    71  -9.049  -7.747  -3.544  -4.226  -4.244  -0.319 
    IL   163   163 5   163     6     1     1    54    74  -2.579  -2.842  -0.760  -4.497  -5.274  -4.934  0.000  0.000  0.000  0.000 
    IR   164   164 6   164     5     1     1    53    73  -2.408  -0.496  -5.920  -4.087  -5.193          0.000  0.000  0.000  0.000 
                                             [ MATP   37 ]     30     65 g u - -
    MP   165   164 6   169     4     2     2    52    72  -6.479  -6.686  -0.074  -5.100                 -3.135 -2.144 -3.253  1.375 -3.569 -4.345  0.723 -3.352 -3.072  1.996 -3.575  2.280  0.360 -3.625 -1.213 -2.077 
    ML   166   164 6   169     4     1     1    52    72  -3.758  -3.940  -0.507  -2.670                  0.368 -0.385 -0.191  0.094 
    MR   167   164 6   169     4     1     1    52    72  -4.809  -3.838  -1.706  -0.766                  0.368 -0.385 -0.191  0.094 
     D   168   164 6   169     4     0     0    51    71  -4.568  -4.250  -2.265  -0.520                 
    IL   169   169 5   169     4     1     1    54    74  -1.686  -2.369  -1.117  -4.855                  0.000  0.000  0.000  0.000 
    IR   170   170 6   170     3     1     1    53    73  -1.442  -0.798  -4.142                          0.000  0.000  0.000  0.000 
                                             [ MATL   38 ]     31      - C - - -
    ML   171   170 6   173     3     1     1    50    69  -7.534  -0.028  -6.188                         -0.780  1.212 -1.549 -0.398 
     D   172   170 6   173     3     0     0    48    68  -6.174  -1.687  -0.566                         
    IL   173   173 3   173     3     1     1    52    72  -1.442  -0.798  -4.142                          0.000  0.000  0.000  0.000 
                                             [ MATL   39 ]     32      - U - - -
    ML   174   173 3   176     3     1     1    49    68  -7.534  -0.028  -6.188                         -0.743 -0.884 -1.424  1.315 
     D   175   173 3   176     3     0     0    47    67  -6.174  -1.687  -0.566                         
    IL   176   176 3   176     3     1     1    51    70  -1.442  -0.798  -4.142                          0.000  0.000  0.000  0.000 
                                             [ MATL   40 ]     33      - C - - -
    ML   177   176 3   179     3     1     1    47    67  -7.534  -0.028  -6.188                         -0.662  1.085 -1.429 -0.191 
     D   178   176 3   179     3     0     0    46    66  -6.174  -1.687  -0.566                         
    IL   179   179 3   179     3     1     1    49    69  -1.442  -0.798  -4.142                          0.000  0.000  0.000  0.000 
                                             [ MATL   41 ]     34      - A - - -
    ML   180   179 3   182     3     1     1    46    66  -7.534  -0.028  -6.188                          1.453 -1.536 -1.250 -1.009 
     D   181   179 3   182     3     0     0    45    65  -6.174  -1.687  -0.566                         
    IL   182   182 3   182     3     1     1    48    68  -1.442  -0.798  -4.142                          0.000  0.000  0.000  0.000 
                                             [ MATL   42 ]     35      - U - - -
    ML   183   182 3   185     3     1     1    45    65  -7.534  -0.028  -6.188                         -0.743 -0.884 -1.424  1.315 
     D   184   182 3   185     3     0     0    44    64  -6.174  -1.687  -0.566                         
    IL   185   185 3   185     3     1     1    47    67  -1.442  -0.798  -4.142                          0.000  0.000  0.000  0.000 
                                             [ MATL   43 ]     36      - U - - -
    ML   186   185 3   188     3     1     1    44    64  -7.534  -0.028  -6.188                         -0.743 -0.884 -1.424  1.315 
     D   187   185 3   188     3     0     0    43    62  -6.174  -1.687  -0.566                         
    IL   188   188 3   188     3     1     1    46    66  -1.442  -0.798  -4.142                          0.000  0.000  0.000  0.000 
                                             [ MATL   44 ]     37      - G - - -
    ML   189   188 3   191     3     1     1    43    63  -7.534  -0.028  -6.188                         -0.110 -1.357  1.061 -0.746 
     D   190   188 3   191     3     0     0    42    61  -6.174  -1.687  -0.566                         
    IL   191   191 3   191     3     1     1    45    65  -1.442  -0.798  -4.142                          0.000  0.000  0.000  0.000 
                                             [ MATL   45 ]     38      - c - - -
    ML   192   191 3   194     3     1     1    42    61  -7.534  -0.028  -6.188                         -0.467  0.954 -1.088 -0.202 
     D   193   191 3   194     3     0     0    41    60  -6.174  -1.687  -0.566                         
    IL   194   194 3   194     3     1     1    44    64  -1.442  -0.798  -4.142                          0.000  0.000  0.000  0.000 
                                             [ MATL   46 ]     39      - u - - -
    ML   195   194 3   197     3     1     1    41    60  -7.534  -0.028  -6.188                         -0.395  0.469 -1.137  0.487 
     D   196   194 3   197     3     0     0    40    59  -6.174  -1.687  -0.566                         
    IL   197   197 3   197     3     1     1    43    63  -1.442  -0.798  -4.142                          0.000  0.000  0.000  0.000 
                                             [ MATL   47 ]     40      - G - - -
    ML   198   197 3   200     3     1     1    40    59  -7.534  -0.028  -6.188                         -0.685 -1.737  1.389 -1.125 
     D   199   197 3   200     3     0     0    39    58  -6.174  -1.687  -0.566                         
    IL   200   200 3   200     3     1     1    42    62  -1.442  -0.798  -4.142                          0.000  0.000  0.000  0.000 
                                             [ MATL   48 ]     41      - U - - -
    ML   201   200 3   203     5     1     1    39    58  -6.726  -0.051  -6.541  -6.753  -7.645         -0.743 -0.884 -1.424  1.315 
     D   202   200 3   203     5     0     0    38    57  -4.959  -0.803  -4.221  -2.596  -2.508         
    IL   203   203 3   203     5     1     1    39    58  -2.408  -0.496  -4.087  -5.920  -5.193          0.000  0.000  0.000  0.000 
                                             [ MATP   49 ]     42     64 a u - -
    MP   204   203 3   208     6     2     2    38    57  -8.946  -8.885  -0.024  -7.662  -7.941  -8.337 -3.213 -2.409 -3.261  2.730 -3.308 -4.343  0.965 -3.326 -3.186  1.728 -3.701  0.002  0.537 -3.628 -0.984 -2.138 
    ML   205   203 3   208     6     1     1    37    56  -6.250  -6.596  -1.310  -1.005  -6.446  -3.975  0.368 -0.385 -0.191  0.094 
    MR   206   203 3   208     6     1     1    37    56  -6.988  -5.717  -1.625  -5.695  -0.829  -3.908  0.368 -0.385 -0.191  0.094 
     D   207   203 3   208     6     0     0    35    54  -9.049  -7.747  -3.544  -4.226  -4.244  -0.319 
    IL   208   208 5   208     6     1     1    38    57  -2.579  -2.842  -0.760  -4.497  -5.274  -4.934  0.000  0.000  0.000  0.000 
    IR   209   209 6   209     5     1     1    37    56  -2.408  -0.496  -5.920  -4.087  -5.193          0.000  0.000  0.000  0.000 
                                             [ MATP   50 ]     43     63 C G - -
    MP   210   209 6   214     4     2     2    36    55  -6.479  -6.686  -0.074  -5.100                 -3.634 -3.498 -3.465  0.172 -2.402 -3.980  3.111 -3.126 -3.505  0.552 -3.849 -1.486  1.192 -3.742  0.106 -2.377 
    ML   211   209 6   214     4     1     1    36    55  -3.758  -3.940  -0.507  -2.670                  0.368 -0.385 -0.191  0.094 
    MR   212   209 6   214     4     1     1    36    55  -4.809  -3.838  -1.706  -0.766                  0.368 -0.385 -0.191  0.094 
     D   213   209 6   214     4     0     0    35    54  -4.568  -4.250  -2.265  -0.520                 
    IL   214   214 5   214     4     1     1    38    57  -1.686  -2.369  -1.117  -4.855                  0.000  0.000  0.000  0.000 
    IR   215   215 6   215     3     1     1    37    56  -1.442  -0.798  -4.142                          0.000  0.000  0.000  0.000 
                                             [ MATL   51 ]     44      - U - - -
    ML   216   215 6   218     5     1     1    33    52  -6.726  -0.051  -6.541  -6.753  -7.645         -0.743 -0.884 -1.424  1.315 
     D   217   215 6   218     5     0     0    32    51  -4.959  -0.803  -4.221  -2.596  -2.508         
    IL   218   218 3   218     5     1     1    33    52  -2.408  -0.496  -4.087  -5.920  -5.193          0.000  0.000  0.000  0.000 
                                             [ MATP   52 ]     45     62 g u - -
    MP   219   218 3   223     6     2     2    32    51  -8.946  -8.885  -0.024  -7.662  -7.941  -8.337 -3.135 -2.144 -3.253  1.375 -3.569 -4.345  0.723 -3.352 -3.072  1.996 -3.575  2.280  0.360 -3.625 -1.213 -2.077 
    ML   220   218 3   223     6     1     1    31    49  -6.250  -6.596  -1.310  -1.005  -6.446  -3.975  0.368 -0.385 -0.191  0.094 
    MR   221   218 3   223     6     1     1    30    49  -6.988  -5.717  -1.625  -5.695  -0.829  -3.908  0.368 -0.385 -0.191  0.094 
     D   222   218 3   223     6     0     0    28    47  -9.049  -7.747  -3.544  -4.226  -4.244  -0.319 
    IL   223   223 5   223     6     1     1    32    51  -2.579  -2.842  -0.760  -4.497  -5.274  -4.934  0.000  0.000  0.000  0.000 
    IR   224   224 6   224     5     1     1    31    50  -2.408  -0.496  -5.920  -4.087  -5.193          0.000  0.000  0.000  0.000 
                                             [ MATP   53 ]     46     61 G C - -
    MP   225   224 6   229     6     2     2    30    49  -8.946  -8.885  -0.024  -7.662  -7.941  -8.337 -3.798 -2.622 -3.868  0.825 -4.110 -4.318  0.338 -4.083 -3.668  3.310 -4.087 -0.132 -0.014 -3.825 -1.656 -2.764 
    ML   226   224 6   229     6     1     1    29    47  -6.250  -6.596  -1.310  -1.005  -6.446  -3.975  0.368 -0.385 -0.191  0.094 
    MR   227   224 6   229     6     1     1    28    47  -6.988  -5.717  -1.625  -5.695  -0.829  -3.908  0.368 -0.385 -0.191  0.094 
     D   228   224 6   229     6     0     0    26    45  -9.049  -7.747  -3.544  -4.226  -4.244  -0.319 
    IL   229   229 5   229     6     1     1    30    49  -2.579  -2.842  -0.760  -4.497  -5.274  -4.934  0.000  0.000  0.000  0.000 
    IR   230   230 6   230     5     1     1    29    48  -2.408  -0.496  -5.920  -4.087  -5.193          0.000  0.000  0.000  0.000 
                                             [ MATP   54 ]     47     60 a u - -
    MP   231   230 6   235     6     2     2    28    47  -8.946  -8.885  -0.024  -7.662  -7.941  -8.337 -3.213 -2.409 -3.261  2.730 -3.308 -4.343  0.965 -3.326 -3.186  1.728 -3.701  0.002  0.537 -3.628 -0.984 -2.138 
    ML   232   230 6   235     6     1     1    27    45  -6.250  -6.596  -1.310  -1.005  -6.446  -3.975  0.368 -0.385 -0.191  0.094 
    MR   233   230 6   235     6     1     1    26    45  -6.988  -5.717  -1.625  -5.695  -0.829  -3.908  0.368 -0.385 -0.191  0.094 
     D   234   230 6   235     6     0     0    24    43  -9.049  -7.747  -3.544  -4.226  -4.244  -0.319 
    IL   235   235 5   235     6     1     1    28    47  -2.579  -2.842  -0.760  -4.497  -5.274  -4.934  0.000  0.000  0.000  0.000 
    IR   236   236 6   236     5     1     1    27    46  -2.408  -0.496  -5.920  -4.087  -5.193          0.000  0.000  0.000  0.000 
                                             [ MATP   55 ]     48     59 G C - -
    MP   237   236 6   241     6     2     2    26    45  -8.946  -8.885  -0.024  -7.662  -7.941  -8.337 -3.785 -2.614 -3.855  0.835 -4.103 -4.314  0.343 -4.072 -3.659  3.303 -4.079 -0.104 -0.006 -3.815 -1.649 -2.751 
    ML   238   236 6   241     6     1     1    25    43  -6.250  -6.596  -1.310  -1.005  -6.446  -3.975  0.368 -0.385 -0.191  0.094 
    MR   239   236 6   241     6     1     1    24    43  -6.988  -5.717  -1.625  -5.695  -0.829  -3.908  0.368 -0.385 -0.191  0.094 
     D   240   236 6   241     6     0     0    22    41  -9.049  -7.747  -3.544  -4.226  -4.244  -0.319 
    IL   241   241 5   241     6     1     1    26    45  -2.579  -2.842  -0.760  -4.497  -5.274  -4.934  0.000  0.000  0.000  0.000 
    IR   242   242 6   242     5     1     1    25    44  -2.408  -0.496  -5.920  -4.087  -5.193          0.000  0.000  0.000  0.000 
                                             [ MATP   56 ]     49     58 c g - -
    MP   243   242 6   247     6     2     2    24    43  -8.946  -8.885  -0.024  -7.662  -7.941  -8.337 -2.979 -2.903 -2.981  0.634 -2.230 -3.648  2.635 -1.981 -3.004  0.940 -3.449 -0.996  1.436 -3.177  0.671 -1.952 
    ML   244   242 6   247     6     1     1    23    42  -6.250  -6.596  -1.310  -1.005  -6.446  -3.975  0.368 -0.385 -0.191  0.094 
    MR   245   242 6   247     6     1     1    23    41  -6.988  -5.717  -1.625  -5.695  -0.829  -3.908  0.368 -0.385 -0.191  0.094 
     D   246   242 6   247     6     0     0    21    39  -9.049  -7.747  -3.544  -4.226  -4.244  -0.319 
    IL   247   247 5   247     6     1     1    24    43  -2.579  -2.842  -0.760  -4.497  -5.274  -4.934  0.000  0.000  0.000  0.000 
    IR   248   248 6   248     5     1     1    23    42  -2.408  -0.496  -5.920  -4.087  -5.193          0.000  0.000  0.000  0.000 
                                             [ MATP   57 ]     50     57 c g - -
    MP   249   248 6   253     6     2     2    22    41  -8.946  -8.885  -0.024  -7.662  -7.941  -8.337 -2.594 -2.533 -2.669  0.875 -2.183 -3.412  1.907 -2.701 -2.711  1.242 -3.202 -0.702  1.626 -2.132  1.375 -1.715 
    ML   250   248 6   253     6     1     1    21    40  -6.250  -6.596  -1.310  -1.005  -6.446  -3.975  0.368 -0.385 -0.191  0.094 
    MR   251   248 6   253     6     1     1    21    40  -6.988  -5.717  -1.625  -5.695  -0.829  -3.908  0.368 -0.385 -0.191  0.094 
     D   252   248 6   253     6     0     0    20    38  -9.049  -7.747  -3.544  -4.226  -4.244  -0.319 
    IL   253   253 5   253     6     1     1    22    41  -2.579  -2.842  -0.760  -4.497  -5.274  -4.934  0.000  0.000  0.000  0.000 
    IR   254   254 6   254     5     1     1    21    40  -2.408  -0.496  -5.920  -4.087  -5.193          0.000  0.000  0.000  0.000 
                                             [ MATP   58 ]     51     56 a u - -
    MP   255   254 6   259     4     2     2    20    39  -6.479  -6.686  -0.074  -5.100                 -3.213 -2.409 -3.261  2.730 -3.308 -4.343  0.965 -3.326 -3.186  1.728 -3.701  0.002  0.537 -3.628 -0.984 -2.138 
    ML   256   254 6   259     4     1     1    21    39  -3.758  -3.940  -0.507  -2.670                  0.368 -0.385 -0.191  0.094 
    MR   257   254 6   259     4     1     1    20    39  -4.809  -3.838  -1.706  -0.766                  0.368 -0.385 -0.191  0.094 
     D   258   254 6   259     4     0     0    19    38  -4.568  -4.250  -2.265  -0.520                 
    IL   259   259 5   259     4     1     1    22    41  -1.686  -2.369  -1.117  -4.855                  0.000  0.000  0.000  0.000 
    IR   260   260 6   260     3     1     1    21    40  -1.442  -0.798  -4.142                          0.000  0.000  0.000  0.000 
                                             [ MATL   59 ]     52      - U - - -
    ML   261   260 6   263     3     1     1    17    35  -7.534  -0.028  -6.188                         -0.743 -0.884 -1.424  1.315 
     D   262   260 6   263     3     0     0    16    35  -6.174  -1.687  -0.566                         
    IL   263   263 3   263     3     1     1    20    38  -1.442  -0.798  -4.142                          0.000  0.000  0.000  0.000 
                                             [ MATL   60 ]     53      - U - - -
    ML   264   263 3   266     3     1     1    15    34  -7.534  -0.028  -6.188                         -0.743 -0.884 -1.424  1.315 
     D   265   263 3   266     3     0     0    15    33  -6.174  -1.687  -0.566                         
    IL   266   266 3   266     3     1     1    19    37  -1.442  -0.798  -4.142                          0.000  0.000  0.000  0.000 
                                             [ MATL   61 ]     54      - A - - -
    ML   267   266 3   269     3     1     1    13    32  -7.534  -0.028  -6.188                          1.453 -1.536 -1.250 -1.009 
     D   268   266 3   269     3     0     0    13    32  -6.174  -1.687  -0.566                         
    IL   269   269 3   269     3     1     1    18    36  -1.442  -0.798  -4.142                          0.000  0.000  0.000  0.000 
                                             [ MATL   62 ]     55      - G - - -
    ML   270   269 3   272     2     1     1     1     1       *   0.000                                 -0.685 -1.737  1.389 -1.125 
     D   271   269 3   272     2     0     0     0     0       *   0.000                                 
    IL   272   272 3   272     2     1     1    13    28  -1.823  -0.479                                  0.000  0.000  0.000  0.000 
                                             [ END    63 ]      -      - - - - -
     E   273   272 3    -1     0     0     0     0     0                                                 
//
HMMER3/f [3.1b3 | July 2016]
NAME  t_nt_zoro_orzo_maxS_round5_0001
LENG  90
MAXL  187
ALPH  RNA
RF    no
MM    no
CONS  yes
CS    yes
MAP   yes
DATE  Thu Jan 23 20:56:55 2020
COM   [1] cmbuild /home/co78wid/projects/master/results/ta_systems/zoro_orzo/zoro_orzo_maxS/2_structure_analysis/infernal_search/t_nt_zoro_orzo_maxS_cmbuild.txt /home/co78wid/projects/master/results/ta_systems/zoro_orzo/zoro_orzo_maxS/1_sequence_analysis/fold/t_nt_zoro_orzo_maxS_round5.stk
NSEQ  23
EFFN  1.664917
CKSUM 2882626822
STATS LOCAL MSV       -8.5311  0.71868
STATS LOCAL VITERBI   -9.8817  0.71868
STATS LOCAL FORWARD   -3.3982  0.71868
HMM          A        C        G        U   
            m->m     m->i     m->d     i->m     i->i     d->m     d->d
  COMPO   1.40069  1.56428  1.32513  1.27809
          1.38629  1.38629  1.38629  1.38629
          0.05064  3.70136  3.70136  1.46634  0.26236  0.00000        *
      1   0.22898  2.88502  2.64451  2.55409      1 A - - :
          1.38629  1.38629  1.38629  1.38629
          0.05064  3.70136  3.70136  1.46634  0.26236  1.09861  0.40547
      2   2.28431  2.30533  2.78551  0.30553      2 U - - :
          1.38629  1.38629  1.38629  1.38629
          0.05064  3.70136  3.70136  1.46634  0.26236  1.09861  0.40547
      3   2.32726  3.14773  0.23101  2.72178      3 G - - :
          1.38629  1.38629  1.38629  1.38629
          0.05064  3.70136  3.70136  1.46634  0.26236  1.09861  0.40547
      4   2.32726  3.14773  0.23101  2.72178      4 G - - :
          1.38629  1.38629  1.38629  1.38629
          0.05064  3.70136  3.70136  1.46634  0.26236  1.09861  0.40547
      5   0.22898  2.88502  2.64451  2.55409      5 A - - :
          1.38629  1.38629  1.38629  1.38629
          0.05064  3.70136  3.70136  1.46634  0.26236  1.09861  0.40547
      6   2.41976  0.31249  2.98415  2.04909      6 C - - :
          1.38629  1.38629  1.38629  1.38629
          0.05064  3.70136  3.70136  1.46634  0.26236  1.09861  0.40547
      7   0.55230  2.20049  2.19590  1.59766      7 A - - :
          1.38629  1.38629  1.38629  1.38629
          0.05064  3.70136  3.70136  1.46634  0.26236  1.09861  0.40547
      8   2.41976  0.31249  2.98415  2.04909      8 C - - :
          1.38629  1.38629  1.38629  1.38629
          0.05064  3.70136  3.70136  1.46634  0.26236  1.09861  0.40547
      9   1.77370  2.53441  0.41118  2.42909      9 G - - <
          1.38629  1.38629  1.38629  1.38629
          0.05064  3.70136  3.70136  1.46634  0.26236  1.09861  0.40547
     10   2.84670  0.34454  2.57386  1.85037     10 C - - <
          1.38629  1.38629  1.38629  1.38629
          0.05064  3.70136  3.70136  1.46634  0.26236  1.09861  0.40547
     11   2.60699  1.64270  2.31060  0.45636     11 U - - <
          1.38629  1.38629  1.38629  1.38629
          0.05064  3.70136  3.70136  1.46634  0.26236  1.09861  0.40547
     12   2.32726  3.14773  0.23101  2.72178     12 G - - -
          1.38629  1.38629  1.38629  1.38629
          0.05064  3.70136  3.70136  1.46634  0.26236  1.09861  0.40547
     13   0.22898  2.88502  2.64451  2.55409     13 A - - -
          1.38629  1.38629  1.38629  1.38629
          0.05064  3.70136  3.70136  1.46634  0.26236  1.09861  0.40547
     14   2.03995  0.48622  2.44199  1.78360     14 C - - -
          1.38629  1.38629  1.38629  1.38629
          0.05064  3.70136  3.70136  1.46634  0.26236  1.09861  0.40547
     15   0.51948  2.36963  1.54655  2.31596     15 A - - <
          1.38629  1.38629  1.38629  1.38629
          0.05064  3.70136  3.70136  1.46634  0.26236  1.09861  0.40547
     16   2.84599  0.34466  2.57357  1.85026     16 C - - <
          1.38629  1.38629  1.38629  1.38629
          0.05064  3.70136  3.70136  1.46634  0.26236  1.09861  0.40547
     17   0.57472  2.43619  1.38192  2.31724     17 A - - <
          1.38629  1.38629  1.38629  1.38629
          0.05064  3.70136  3.70136  1.46634  0.26236  1.09861  0.40547
     18   0.51890  2.37094  1.54659  2.31810     18 A - - <
          1.38629  1.38629  1.38629  1.38629
          0.05064  3.70136  3.70136  1.46634  0.26236  1.09861  0.40547
     19   0.51893  2.37087  1.54659  2.31798     19 A - - <
          1.38629  1.38629  1.38629  1.38629
          0.05064  3.70136  3.70136  1.46634  0.26236  1.09861  0.40547
     20   0.64614  2.39438  1.27066  2.26280     20 A - - <
          1.38629  1.38629  1.38629  1.38629
          0.05064  3.70136  3.70136  1.46634  0.26236  1.09861  0.40547
     21   1.77266  2.53277  0.41195  2.42675     21 G - - <
          1.38629  1.38629  1.38629  1.38629
          0.05064  3.70136  3.70136  1.46634  0.26236  1.09861  0.40547
     22   2.60290  1.64272  2.30913  0.45706     22 U - - <
          1.38629  1.38629  1.38629  1.38629
          0.05064  3.70136  3.70136  1.46634  0.26236  1.09861  0.40547
     23   2.61434  1.41659  2.35978  0.52797     23 U - - <
          1.38629  1.38629  1.38629  1.38629
          0.05064  3.70136  3.70136  1.46634  0.26236  1.09861  0.40547
     24   0.51918  2.37032  1.54657  2.31708     24 A - - <
          1.38629  1.38629  1.38629  1.38629
          0.05064  3.70136  3.70136  1.46634  0.26236  1.09861  0.40547
     25   0.67145  2.25672  1.33172  2.11763     25 A - - <
          1.38629  1.38629  1.38629  1.38629
          0.05064  3.70136  3.70136  1.46634  0.26236  1.09861  0.40547
     26   2.71286  0.42758  2.44762  1.63440     26 C - - <
          1.38629  1.38629  1.38629  1.38629
          0.05064  3.70136  3.70136  1.46634  0.26236  1.09861  0.40547
     27   2.60496  0.44764  2.37551  1.63994     27 C - - <
          1.38629  1.38629  1.38629  1.38629
          0.05064  3.70136  3.70136  1.46634  0.26236  1.09861  0.40547
     28   2.35973  2.86604  0.23751  2.81267     28 G - - <
          1.38629  1.38629  1.38629  1.38629
          0.05064  3.70136  3.70136  1.46634  0.26236  1.09861  0.40547
     29   2.48216  1.50963  2.20638  0.53555     29 U - - <
          1.38629  1.38629  1.38629  1.38629
          0.05064  3.70136  3.70136  1.46634  0.26236  1.09861  0.40547
     30   1.77391  2.53473  0.41102  2.42957     30 G - - <
          1.38629  1.38629  1.38629  1.38629
          0.05064  3.70136  3.70136  1.46634  0.26236  1.09861  0.40547
     31   2.41976  0.31249  2.98415  2.04909     31 C - - -
          1.38629  1.38629  1.38629  1.38629
          0.05064  3.70136  3.70136  1.46634  0.26236  1.09861  0.40547
     32   2.28431  2.30533  2.78551  0.30553     32 U - - -
          1.38629  1.38629  1.38629  1.38629
          0.05064  3.70136  3.70136  1.46634  0.26236  1.09861  0.40547
     33   2.22367  0.41748  2.78670  1.76339     33 C - - -
          1.38629  1.38629  1.38629  1.38629
          0.05064  3.70136  3.70136  1.46634  0.26236  1.09861  0.40547
     34   0.22898  2.88502  2.64451  2.55409     34 A - - -
          1.38629  1.38629  1.38629  1.38629
          0.05064  3.70136  3.70136  1.46634  0.26236  1.09861  0.40547
     35   2.28431  2.30533  2.78551  0.30553     35 U - - -
          1.38629  1.38629  1.38629  1.38629
          0.05064  3.70136  3.70136  1.46634  0.26236  1.09861  0.40547
     36   2.28431  2.30533  2.78551  0.30553     36 U - - -
          1.38629  1.38629  1.38629  1.38629
          0.05064  3.70136  3.70136  1.46634  0.26236  1.09861  0.40547
     37   1.61691  2.63511  0.47634  2.21894     37 G - - -
          1.38629  1.38629  1.38629  1.38629
          0.05064  3.70136  3.70136  1.46634  0.26236  1.09861  0.40547
     38   2.03573  0.48902  2.43437  1.78060     38 C - - -
          1.38629  1.38629  1.38629  1.38629
          0.05064  3.70136  3.70136  1.46634  0.26236  1.09861  0.40547
     39   1.83850  0.93492  2.37912  1.03368     39 c - - -
          1.38629  1.38629  1.38629  1.38629
          0.05064  3.70136  3.70136  1.46634  0.26236  1.09861  0.40547
     40   2.32726  3.14773  0.23101  2.72178     40 G - - -
          1.38629  1.38629  1.38629  1.38629
          0.05064  3.70136  3.70136  1.46634  0.26236  1.09861  0.40547
     41   2.28431  2.30533  2.78551  0.30553     41 U - - -
          1.38629  1.38629  1.38629  1.38629
          0.05064  3.70136  3.70136  1.46634  0.26236  1.09861  0.40547
     42   0.51890  2.37095  1.54659  2.31811     42 A - - <
          1.38629  1.38629  1.38629  1.38629
          0.05064  3.70136  3.70136  1.46634  0.26236  1.09861  0.40547
     43   2.71746  0.42599  2.45043  1.63693     43 C - - <
          1.38629  1.38629  1.38629  1.38629
          0.05064  3.70136  3.70136  1.46634  0.26236  1.09861  0.40547
     44   2.28431  2.30533  2.78551  0.30553     44 U - - -
          1.38629  1.38629  1.38629  1.38629
          0.05064  3.70136  3.70136  1.46634  0.26236  1.09861  0.40547
     45   1.77426  2.53529  0.41076  2.43036     45 G - - <
          1.38629  1.38629  1.38629  1.38629
          0.05064  3.70136  3.70136  1.46634  0.26236  1.09861  0.40547
     46   2.24665  2.83463  0.26025  2.73875     46 G - - <
          1.38629  1.38629  1.38629  1.38629
          0.05064  3.70136  3.70136  1.46634  0.26236  1.09861  0.40547
     47   0.51893  2.37087  1.54659  2.31798     47 A - - <
          1.38629  1.38629  1.38629  1.38629
          0.05064  3.70136  3.70136  1.46634  0.26236  1.09861  0.40547
     48   2.23545  2.82381  0.26369  2.72626     48 G - - <
          1.38629  1.38629  1.38629  1.38629
          0.05064  3.70136  3.70136  1.46634  0.26236  1.09861  0.40547
     49   2.20393  0.78330  1.96941  1.22691     49 c - - <
          1.38629  1.38629  1.38629  1.38629
          0.05064  3.70136  3.70136  1.46634  0.26236  1.09861  0.40547
     50   2.01227  1.40312  1.76104  0.80158     50 u - - <
          1.38629  1.38629  1.38629  1.38629
          0.05064  3.70136  3.70136  1.46634  0.26236  1.09861  0.40547
     51   0.51910  2.37049  1.54658  2.31736     51 A - - <
          1.38629  1.38629  1.38629  1.38629
          0.05064  3.70136  3.70136  1.46634  0.26236  1.09861  0.40547
     52   2.28431  2.30533  2.78551  0.30553     52 U - - _
          1.38629  1.38629  1.38629  1.38629
          0.05064  3.70136  3.70136  1.46634  0.26236  1.09861  0.40547
     53   2.28431  2.30533  2.78551  0.30553     53 U - - _
          1.38629  1.38629  1.38629  1.38629
          0.05064  3.70136  3.70136  1.46634  0.26236  1.09861  0.40547
     54   0.22898  2.88502  2.64451  2.55409     54 A - - _
          1.38629  1.38629  1.38629  1.38629
          0.05064  3.70136  3.70136  1.46634  0.26236  1.09861  0.40547
     55   2.32726  3.14773  0.23101  2.72178     55 G - - _
          1.38629  1.38629  1.38629  1.38629
          0.05064  3.70136  3.70136  1.46634  0.26236  1.09861  0.40547
     56   2.54733  1.80132  2.18596  0.43965     56 U - - >
          1.38629  1.38629  1.38629  1.38629
          0.05064  3.70136  3.70136  1.46634  0.26236  1.09861  0.40547
     57   1.48991  1.86186  0.78735  1.80683     57 g - - >
          1.38629  1.38629  1.38629  1.38629
          0.05064  3.70136  3.70136  1.46634  0.26236  1.09861  0.40547
     58   1.68321  2.13611  0.60226  1.90691     58 G - - >
          1.38629  1.38629  1.38629  1.38629
          0.05064  3.70136  3.70136  1.46634  0.26236  1.09861  0.40547
     59   2.94059  0.32474  2.64697  1.87348     59 C - - >
          1.38629  1.38629  1.38629  1.38629
          0.05064  3.70136  3.70136  1.46634  0.26236  1.09861  0.40547
     60   2.54578  1.80124  2.18549  0.43995     60 U - - >
          1.38629  1.38629  1.38629  1.38629
          0.05064  3.70136  3.70136  1.46634  0.26236  1.09861  0.40547
     61   2.94614  0.31991  2.65554  1.89059     61 C - - >
          1.38629  1.38629  1.38629  1.38629
          0.05064  3.70136  3.70136  1.46634  0.26236  1.09861  0.40547
     62   2.63728  1.61588  2.33726  0.45707     62 U - - >
          1.38629  1.38629  1.38629  1.38629
          0.05064  3.70136  3.70136  1.46634  0.26236  1.09861  0.40547
     63   1.97861  2.60805  0.35105  2.47562     63 G - - >
          1.38629  1.38629  1.38629  1.38629
          0.05064  3.70136  3.70136  1.46634  0.26236  1.09861  0.40547
     64   2.54163  1.80103  2.18422  0.44073     64 U - - >
          1.38629  1.38629  1.38629  1.38629
          0.05064  3.70136  3.70136  1.46634  0.26236  1.09861  0.40547
     65   2.64696  1.61578  2.34075  0.45548     65 U - - >
          1.38629  1.38629  1.38629  1.38629
          0.05064  3.70136  3.70136  1.46634  0.26236  1.09861  0.40547
     66   0.66058  2.36894  1.25655  2.25157     66 A - - >
          1.38629  1.38629  1.38629  1.38629
          0.05064  3.70136  3.70136  1.46634  0.26236  1.09861  0.40547
     67   3.02756  0.27791  2.69563  2.06590     67 C - - >
          1.38629  1.38629  1.38629  1.38629
          0.05064  3.70136  3.70136  1.46634  0.26236  1.09861  0.40547
     68   1.87984  2.53889  0.39165  2.38067     68 G - - >
          1.38629  1.38629  1.38629  1.38629
          0.05064  3.70136  3.70136  1.46634  0.26236  1.09861  0.40547
     69   1.97795  2.60733  0.35130  2.47524     69 G - - >
          1.38629  1.38629  1.38629  1.38629
          0.05064  3.70136  3.70136  1.46634  0.26236  1.09861  0.40547
     70   2.34217  1.43676  2.06431  0.61752     70 U - - >
          1.38629  1.38629  1.38629  1.38629
          0.05064  3.70136  3.70136  1.46634  0.26236  1.09861  0.40547
     71   2.54802  1.80136  2.18617  0.43953     71 U - - >
          1.38629  1.38629  1.38629  1.38629
          0.05064  3.70136  3.70136  1.46634  0.26236  1.09861  0.40547
     72   1.91002  2.53172  0.38762  2.36736     72 G - - >
          1.38629  1.38629  1.38629  1.38629
          0.05064  3.70136  3.70136  1.46634  0.26236  1.09861  0.40547
     73   0.51979  2.48747  1.47931  2.35979     73 A - - >
          1.38629  1.38629  1.38629  1.38629
          0.05064  3.70136  3.70136  1.46634  0.26236  1.09861  0.40547
     74   2.65077  1.61574  2.34211  0.45486     74 U - - >
          1.38629  1.38629  1.38629  1.38629
          0.05064  3.70136  3.70136  1.46634  0.26236  1.09861  0.40547
     75   2.49172  1.62137  2.20832  0.49476     75 U - - >
          1.38629  1.38629  1.38629  1.38629
          0.05064  3.70136  3.70136  1.46634  0.26236  1.09861  0.40547
     76   2.32726  3.14773  0.23101  2.72178     76 G - - -
          1.38629  1.38629  1.38629  1.38629
          0.05064  3.70136  3.70136  1.46634  0.26236  1.09861  0.40547
     77   0.22898  2.88502  2.64451  2.55409     77 A - - -
          1.38629  1.38629  1.38629  1.38629
          0.05064  3.70136  3.70136  1.46634  0.26236  1.09861  0.40547
     78   2.54955  1.80144  2.18664  0.43924     78 U - - >
          1.38629  1.38629  1.38629  1.38629
          0.05064  3.70136  3.70136  1.46634  0.26236  1.09861  0.40547
     79   2.55038  1.80148  2.18689  0.43908     79 U - - >
          1.38629  1.38629  1.38629  1.38629
          0.05064  3.70136  3.70136  1.46634  0.26236  1.09861  0.40547
     80   2.54052  1.68647  2.24687  0.46160     80 U - - >
          1.38629  1.38629  1.38629  1.38629
          0.05064  3.70136  3.70136  1.46634  0.26236  1.09861  0.40547
     81   2.12612  2.74256  0.29769  2.60688     81 G - - >
          1.38629  1.38629  1.38629  1.38629
          0.05064  3.70136  3.70136  1.46634  0.26236  1.09861  0.40547
     82   2.55410  1.80167  2.18801  0.43839     82 U - - >
          1.38629  1.38629  1.38629  1.38629
          0.05064  3.70136  3.70136  1.46634  0.26236  1.09861  0.40547
     83   2.28431  2.30533  2.78551  0.30553     83 U - - -
          1.38629  1.38629  1.38629  1.38629
          0.05064  3.70136  3.70136  1.46634  0.26236  1.09861  0.40547
     84   2.32726  3.14773  0.23101  2.72178     84 G - - -
          1.38629  1.38629  1.38629  1.38629
          0.05064  3.70136  3.70136  1.46634  0.26236  1.09861  0.40547
     85   0.22898  2.88502  2.64451  2.55409     85 A - - -
          1.38629  1.38629  1.38629  1.38629
          0.05064  3.70136  3.70136  1.46634  0.26236  1.09861  0.40547
     86   0.51942  2.48851  1.47928  2.36124     86 A - - >
          1.38629  1.38629  1.38629  1.38629
          0.05064  3.70136  3.70136  1.46634  0.26236  1.09861  0.40547
     87   2.12625  2.74271  0.29764  2.60708     87 G - - >
          1.38629  1.38629  1.38629  1.38629
          0.05064  3.70136  3.70136  1.46634  0.26236  1.09861  0.40547
     88   2.65603  1.61569  2.34399  0.45401     88 U - - >
          1.38629  1.38629  1.38629  1.38629
          0.05064  3.70136  3.70136  1.46634  0.26236  1.09861  0.40547
     89   0.22898  2.88502  2.64451  2.55409     89 A - - :
          1.38629  1.38629  1.38629  1.38629
          0.05064  3.70136  3.70136  1.46634  0.26236  1.09861  0.40547
     90   0.22898  2.88502  2.64451  2.55409     90 A - - :
          1.38629  1.38629  1.38629  1.38629
          0.02564  3.67636        *  1.46634  0.26236  0.00000        *
//
