INFERNAL1/a [1.1.2 | July 2016]
NAME     at_nt_srnb_srnc_round5_0001
STATES   184
NODES    44
CLEN     60
W        75
ALPH     RNA
RF       no
CONS     yes
MAP      yes
DATE     Fri Dec 20 05:13:38 2019
COM      [1] cmbuild /home/co78wid/projects/master/results/ta_systems/srnb_srnc/2_structure_analysis/infernal_search/at_nt_srnb_srnc_cmbuild.txt /home/co78wid/projects/master/results/ta_systems/srnb_srnc/1_sequence_analysis/fold/at_nt_srnb_srnc_round5.stk
COM      [2] cmcalibrate --cpu 30 /home/co78wid/projects/master/results/ta_systems/srnb_srnc/2_structure_analysis/infernal_search/at_nt_srnb_srnc_cmbuild.txt
PBEGIN   0.05
PEND     0.05
WBETA    1e-07
QDBBETA1 1e-07
QDBBETA2 1e-15
N2OMEGA  1.52588e-05
N3OMEGA  1.52588e-05
ELSELF   -0.08926734
NSEQ     25
EFFN     1.858521
CKSUM    2381649023
NULL     0.000  0.000  0.000  0.000 
EFP7GF   -10.3800 0.71928
ECMLC    0.65211    -5.24866     3.71901     1600000      415796  0.002886
ECMGC    0.42673   -15.58282    -1.61426     1600000      155166  0.002578
ECMLI    0.65588    -3.26262     4.71680     1600000      224956  0.005334
ECMGI    0.48543   -10.39205     1.07392     1600000      104552  0.003826
CM
                                             [ ROOT    0 ]      -      - - - - -
     S     0    -1 0     1     4     1     1    75    95  -6.919  -7.126  -0.338  -2.372                 
    IL     1     1 2     1     4     1    12    79    99  -1.686  -2.369  -1.117  -4.855                  0.000  0.000  0.000  0.000 
    IR     2     2 3     2     3     1    11    78    98  -1.442  -0.798  -4.142                          0.000  0.000  0.000  0.000 
                                             [ MATL    1 ]      3      - a - - -
    ML     3     2 3     5     3     1    11    75    95  -7.687  -0.025  -6.341                          0.738 -0.784 -0.651  0.157 
     D     4     2 3     5     3     0     6    74    94  -7.463  -0.478  -1.855                         
    IL     5     5 3     5     3     1    10    77    97  -1.442  -0.798  -4.142                          0.000  0.000  0.000  0.000 
                                             [ MATL    2 ]      4      - A - - -
    ML     6     5 3     8     3     1    10    74    94  -7.937  -0.021  -6.591                          1.707 -2.317 -1.954 -1.854 
     D     7     5 3     8     3     0     3    73    92  -6.174  -1.687  -0.566                         
    IL     8     8 3     8     3     1     9    76    96  -1.442  -0.798  -4.142                          0.000  0.000  0.000  0.000 
                                             [ MATL    3 ]      5      - a - - -
    ML     9     8 3    11     3     1     9    73    92  -7.937  -0.021  -6.591                          0.314 -0.423  0.029 -0.013 
     D    10     8 3    11     3     0     3    72    91  -6.174  -1.687  -0.566                         
    IL    11    11 3    11     3     1     8    75    95  -1.442  -0.798  -4.142                          0.000  0.000  0.000  0.000 
                                             [ MATL    4 ]      6      - G - - -
    ML    12    11 3    14     3     1     8    72    91  -7.937  -0.021  -6.591                         -0.422 -1.934  1.377 -1.339 
     D    13    11 3    14     3     0     2    71    90  -6.174  -1.687  -0.566                         
    IL    14    14 3    14     3     1     7    74    94  -1.442  -0.798  -4.142                          0.000  0.000  0.000  0.000 
                                             [ MATL    5 ]      7      - U - - -
    ML    15    14 3    17     3     1     7    71    90  -7.937  -0.021  -6.591                         -0.600 -1.012 -1.536  1.321 
     D    16    14 3    17     3     0     2    70    89  -6.174  -1.687  -0.566                         
    IL    17    17 3    17     3     1     6    73    93  -1.442  -0.798  -4.142                          0.000  0.000  0.000  0.000 
                                             [ MATL    6 ]      8      - A - - -
    ML    18    17 3    20     3     1     7    70    89  -7.937  -0.021  -6.591                          1.474 -1.742 -0.993 -1.246 
     D    19    17 3    20     3     0     1    69    88  -6.174  -1.687  -0.566                         
    IL    20    20 3    20     3     1     5    72    92  -1.442  -0.798  -4.142                          0.000  0.000  0.000  0.000 
                                             [ MATL    7 ]      9      - C - - -
    ML    21    20 3    23     3     1     6    69    88  -7.937  -0.021  -6.591                         -1.675  1.606 -2.497 -1.102 
     D    22    20 3    23     3     0     1    68    87  -6.174  -1.687  -0.566                         
    IL    23    23 3    23     3     1     5    71    91  -1.442  -0.798  -4.142                          0.000  0.000  0.000  0.000 
                                             [ MATL    8 ]     10      - U - - -
    ML    24    23 3    26     3     1     5    68    87  -7.937  -0.021  -6.591                         -0.271 -0.911 -1.349  1.168 
     D    25    23 3    26     3     0     0    66    86  -6.174  -1.687  -0.566                         
    IL    26    26 3    26     3     1     4    70    89  -1.442  -0.798  -4.142                          0.000  0.000  0.000  0.000 
                                             [ MATL    9 ]     11      - U - - -
    ML    27    26 3    29     3     1     4    67    86  -7.937  -0.021  -6.591                         -1.436 -1.441 -2.167  1.604 
     D    28    26 3    29     3     0     0    65    85  -6.174  -1.687  -0.566                         
    IL    29    29 3    29     3     1     3    69    88  -1.442  -0.798  -4.142                          0.000  0.000  0.000  0.000 
                                             [ MATL   10 ]     12      - C - - -
    ML    30    29 3    32     3     1     4    66    85  -8.329  -0.019  -6.647                         -1.675  1.606 -2.497 -1.102 
     D    31    29 3    32     3     0     0    64    83  -5.620  -0.734  -1.403                         
    IL    32    32 3    32     3     1     2    66    85  -1.925  -0.554  -4.164                          0.000  0.000  0.000  0.000 
                                             [ MATR   11 ]      -     62 - U - -
    MR    33    32 3    35     3     1     3    65    84  -8.329  -0.019  -6.647                         -1.436 -1.441 -2.167  1.604 
     D    34    32 3    35     3     0     0    63    82  -6.390  -1.568  -0.620                         
    IR    35    35 3    35     3     1     2    65    84  -1.925  -0.554  -4.164                          0.000  0.000  0.000  0.000 
                                             [ MATR   12 ]      -     61 - C - -
    MR    36    35 3    38     3     1     3    64    83  -8.329  -0.019  -6.647                         -1.675  1.606 -2.497 -1.102 
     D    37    35 3    38     3     0     0    62    81  -6.390  -1.568  -0.620                         
    IR    38    38 3    38     3     1     1    64    83  -1.925  -0.554  -4.164                          0.000  0.000  0.000  0.000 
                                             [ MATR   13 ]      -     60 - U - -
    MR    39    38 3    41     3     1     2    63    82  -8.329  -0.019  -6.647                         -1.436 -1.441 -2.167  1.604 
     D    40    38 3    41     3     0     0    61    80  -6.390  -1.568  -0.620                         
    IR    41    41 3    41     3     1     1    63    82  -1.925  -0.554  -4.164                          0.000  0.000  0.000  0.000 
                                             [ MATR   14 ]      -     59 - U - -
    MR    42    41 3    44     5     1     2    62    81  -7.070  -0.040  -6.885  -7.097  -7.989         -1.132 -0.980 -1.862  1.466 
     D    43    41 3    44     5     0     0    60    79  -5.352  -0.707  -2.978  -4.409  -2.404         
    IR    44    44 3    44     5     1     1    62    81  -2.408  -0.496  -5.920  -4.087  -5.193          0.000  0.000  0.000  0.000 
                                             [ MATP   15 ]     13     58 A U - -
    MP    45    44 3    49     6     2     3    61    80  -9.096  -9.036  -0.021  -7.812  -8.092  -8.487 -3.749 -2.792 -3.771  3.304 -4.088 -5.147  0.209 -3.816 -3.664  1.124 -4.210 -0.275 -0.209 -4.342 -1.732 -2.607 
    ML    46    44 3    49     6     1     1    59    78  -6.250  -6.596  -1.310  -1.005  -6.446  -3.975  0.368 -0.385 -0.191  0.094 
    MR    47    44 3    49     6     1     1    59    78  -6.988  -5.717  -1.625  -5.695  -0.829  -3.908  0.368 -0.385 -0.191  0.094 
     D    48    44 3    49     6     0     0    57    76  -9.049  -7.747  -3.544  -4.226  -4.244  -0.319 
    IL    49    49 5    49     6     1     1    60    79  -2.579  -2.842  -0.760  -4.497  -5.274  -4.934  0.000  0.000  0.000  0.000 
    IR    50    50 6    50     5     1     1    60    79  -2.408  -0.496  -5.920  -4.087  -5.193          0.000  0.000  0.000  0.000 
                                             [ MATP   16 ]     14     57 U A - -
    MP    51    50 6    55     6     2     3    59    78  -9.096  -9.036  -0.021  -7.812  -8.092  -8.487 -3.532 -3.469 -3.592  0.019 -3.029 -4.341  1.129 -3.570 -3.618  0.343 -4.113 -1.580  3.266 -2.496 -0.800 -2.535 
    ML    52    50 6    55     6     1     1    57    76  -6.250  -6.596  -1.310  -1.005  -6.446  -3.975  0.368 -0.385 -0.191  0.094 
    MR    53    50 6    55     6     1     1    57    76  -6.988  -5.717  -1.625  -5.695  -0.829  -3.908  0.368 -0.385 -0.191  0.094 
     D    54    50 6    55     6     0     0    55    74  -9.049  -7.747  -3.544  -4.226  -4.244  -0.319 
    IL    55    55 5    55     6     1     1    58    77  -2.579  -2.842  -0.760  -4.497  -5.274  -4.934  0.000  0.000  0.000  0.000 
    IR    56    56 6    56     5     1     1    58    77  -2.408  -0.496  -5.920  -4.087  -5.193          0.000  0.000  0.000  0.000 
                                             [ MATP   17 ]     15     56 G C - -
    MP    57    56 6    61     6     2     3    57    76  -9.096  -9.036  -0.021  -7.812  -8.092  -8.487 -4.693 -3.070 -4.787  0.233 -5.163 -4.674 -0.540 -5.026 -4.295  3.626 -4.636 -0.768 -0.927 -4.435 -2.574 -3.665 
    ML    58    56 6    61     6     1     1    55    74  -6.250  -6.596  -1.310  -1.005  -6.446  -3.975  0.368 -0.385 -0.191  0.094 
    MR    59    56 6    61     6     1     1    55    74  -6.988  -5.717  -1.625  -5.695  -0.829  -3.908  0.368 -0.385 -0.191  0.094 
     D    60    56 6    61     6     0     0    53    72  -9.049  -7.747  -3.544  -4.226  -4.244  -0.319 
    IL    61    61 5    61     6     1     1    56    75  -2.579  -2.842  -0.760  -4.497  -5.274  -4.934  0.000  0.000  0.000  0.000 
    IR    62    62 6    62     5     1     1    56    75  -2.408  -0.496  -5.920  -4.087  -5.193          0.000  0.000  0.000  0.000 
                                             [ MATP   18 ]     16     55 C G - -
    MP    63    62 6    67     4     2     2    55    74  -6.837  -8.083  -0.082  -4.536                 -4.499 -4.400 -4.197 -0.637 -2.926 -4.616  3.535 -3.731 -4.245 -0.390 -4.511 -2.347  0.593 -4.571 -0.632 -3.086 
    ML    64    62 6    67     4     1     1    54    73  -2.408  -4.532  -1.293  -1.473                  0.368 -0.385 -0.191  0.094 
    MR    65    62 6    67     4     1     1    54    73  -4.102 -12.528  -0.390  -2.485                  0.368 -0.385 -0.191  0.094 
     D    66    62 6    67     4     0     0    52    71 -12.737 -14.007  -2.036  -0.404                 
    IL    67    67 5    67     4     1     1    54    73  -2.817  -4.319  -0.613  -2.698                  0.000  0.000  0.000  0.000 
    IR    68    68 6    68     3     1     1    54    73  -1.925  -0.554  -4.164                          0.000  0.000  0.000  0.000 
                                             [ MATR   19 ]      -     54 - C - -
    MR    69    68 6    71     3     1     1    53    72  -8.329  -0.019  -6.647                         -1.378  1.471 -2.200 -0.678 
     D    70    68 6    71     3     0     0    51    70  -6.390  -1.568  -0.620                         
    IR    71    71 3    71     3     1     1    53    72  -1.925  -0.554  -4.164                          0.000  0.000  0.000  0.000 
                                             [ MATR   20 ]      -     53 - U - -
    MR    72    71 3    74     5     1     1    52    71  -7.070  -0.040  -6.885  -7.097  -7.989         -1.436 -1.441 -2.167  1.604 
     D    73    71 3    74     5     0     0    50    69  -5.352  -0.707  -2.978  -4.409  -2.404         
    IR    74    74 3    74     5     1     1    52    71  -2.408  -0.496  -5.920  -4.087  -5.193          0.000  0.000  0.000  0.000 
                                             [ MATP   21 ]     17     52 A U - -
    MP    75    74 3    79     6     2     2    51    70  -9.096  -9.036  -0.021  -7.812  -8.092  -8.487 -3.749 -2.792 -3.771  3.304 -4.088 -5.147  0.209 -3.816 -3.664  1.124 -4.210 -0.275 -0.209 -4.342 -1.732 -2.607 
    ML    76    74 3    79     6     1     1    49    68  -6.250  -6.596  -1.310  -1.005  -6.446  -3.975  0.368 -0.385 -0.191  0.094 
    MR    77    74 3    79     6     1     1    49    68  -6.988  -5.717  -1.625  -5.695  -0.829  -3.908  0.368 -0.385 -0.191  0.094 
     D    78    74 3    79     6     0     0    47    66  -9.049  -7.747  -3.544  -4.226  -4.244  -0.319 
    IL    79    79 5    79     6     1     1    50    69  -2.579  -2.842  -0.760  -4.497  -5.274  -4.934  0.000  0.000  0.000  0.000 
    IR    80    80 6    80     5     1     1    50    69  -2.408  -0.496  -5.920  -4.087  -5.193          0.000  0.000  0.000  0.000 
                                             [ MATP   22 ]     18     51 G C - -
    MP    81    80 6    85     6     2     2    49    68  -9.096  -9.036  -0.021  -7.812  -8.092  -8.487 -4.693 -3.070 -4.787  0.233 -5.163 -4.674 -0.540 -5.026 -4.295  3.626 -4.636 -0.768 -0.927 -4.435 -2.574 -3.665 
    ML    82    80 6    85     6     1     1    47    66  -6.250  -6.596  -1.310  -1.005  -6.446  -3.975  0.368 -0.385 -0.191  0.094 
    MR    83    80 6    85     6     1     1    47    66  -6.988  -5.717  -1.625  -5.695  -0.829  -3.908  0.368 -0.385 -0.191  0.094 
     D    84    80 6    85     6     0     0    45    64  -9.049  -7.747  -3.544  -4.226  -4.244  -0.319 
    IL    85    85 5    85     6     1     1    48    67  -2.579  -2.842  -0.760  -4.497  -5.274  -4.934  0.000  0.000  0.000  0.000 
    IR    86    86 6    86     5     1     1    48    67  -2.408  -0.496  -5.920  -4.087  -5.193          0.000  0.000  0.000  0.000 
                                             [ MATP   23 ]     19     50 a u - -
    MP    87    86 6    91     6     2     2    47    66  -9.096  -9.036  -0.021  -7.812  -8.092  -8.487 -3.344 -2.421 -3.441  2.867 -3.953 -4.725  0.271 -3.619 -3.334  1.573 -3.885  1.133  0.006 -3.853 -1.622 -2.298 
    ML    88    86 6    91     6     1     1    45    64  -6.250  -6.596  -1.310  -1.005  -6.446  -3.975  0.368 -0.385 -0.191  0.094 
    MR    89    86 6    91     6     1     1    45    64  -6.988  -5.717  -1.625  -5.695  -0.829  -3.908  0.368 -0.385 -0.191  0.094 
     D    90    86 6    91     6     0     0    43    62  -9.049  -7.747  -3.544  -4.226  -4.244  -0.319 
    IL    91    91 5    91     6     1     1    46    65  -2.579  -2.842  -0.760  -4.497  -5.274  -4.934  0.000  0.000  0.000  0.000 
    IR    92    92 6    92     5     1     1    46    65  -2.408  -0.496  -5.920  -4.087  -5.193          0.000  0.000  0.000  0.000 
                                             [ MATP   24 ]     20     49 C G - -
    MP    93    92 6    97     6     2     2    44    64  -9.096  -9.036  -0.021  -7.812  -8.092  -8.487 -4.499 -4.400 -4.197 -0.637 -2.926 -4.616  3.535 -3.731 -4.245 -0.390 -4.511 -2.347  0.593 -4.571 -0.632 -3.086 
    ML    94    92 6    97     6     1     1    43    62  -6.250  -6.596  -1.310  -1.005  -6.446  -3.975  0.368 -0.385 -0.191  0.094 
    MR    95    92 6    97     6     1     1    43    62  -6.988  -5.717  -1.625  -5.695  -0.829  -3.908  0.368 -0.385 -0.191  0.094 
     D    96    92 6    97     6     0     0    41    60  -9.049  -7.747  -3.544  -4.226  -4.244  -0.319 
    IL    97    97 5    97     6     1     1    44    63  -2.579  -2.842  -0.760  -4.497  -5.274  -4.934  0.000  0.000  0.000  0.000 
    IR    98    98 6    98     5     1     1    44    63  -2.408  -0.496  -5.920  -4.087  -5.193          0.000  0.000  0.000  0.000 
                                             [ MATP   25 ]     21     48 C G - -
    MP    99    98 6   103     6     2     2    42    62  -9.096  -9.036  -0.021  -7.812  -8.092  -8.487 -4.499 -4.400 -4.197 -0.637 -2.926 -4.616  3.535 -3.731 -4.245 -0.390 -4.511 -2.347  0.593 -4.571 -0.632 -3.086 
    ML   100    98 6   103     6     1     1    41    60  -6.250  -6.596  -1.310  -1.005  -6.446  -3.975  0.368 -0.385 -0.191  0.094 
    MR   101    98 6   103     6     1     1    41    60  -6.988  -5.717  -1.625  -5.695  -0.829  -3.908  0.368 -0.385 -0.191  0.094 
     D   102    98 6   103     6     0     0    39    58  -9.049  -7.747  -3.544  -4.226  -4.244  -0.319 
    IL   103   103 5   103     6     1     1    42    61  -2.579  -2.842  -0.760  -4.497  -5.274  -4.934  0.000  0.000  0.000  0.000 
    IR   104   104 6   104     5     1     1    42    61  -2.408  -0.496  -5.920  -4.087  -5.193          0.000  0.000  0.000  0.000 
                                             [ MATP   26 ]     22     47 u g - -
    MP   105   104 6   109     6     2     2    40    60  -9.096  -9.036  -0.021  -7.812  -8.092  -8.487 -4.037 -3.956 -3.752 -0.295 -2.526 -4.185  1.759 -3.294 -3.791 -0.093 -4.089 -1.958  0.918 -4.127  2.971 -2.665 
    ML   106   104 6   109     6     1     1    39    58  -6.250  -6.596  -1.310  -1.005  -6.446  -3.975  0.368 -0.385 -0.191  0.094 
    MR   107   104 6   109     6     1     1    39    58  -6.988  -5.717  -1.625  -5.695  -0.829  -3.908  0.368 -0.385 -0.191  0.094 
     D   108   104 6   109     6     0     0    37    56  -9.049  -7.747  -3.544  -4.226  -4.244  -0.319 
    IL   109   109 5   109     6     1     1    40    59  -2.579  -2.842  -0.760  -4.497  -5.274  -4.934  0.000  0.000  0.000  0.000 
    IR   110   110 6   110     5     1     1    40    59  -2.408  -0.496  -5.920  -4.087  -5.193          0.000  0.000  0.000  0.000 
                                             [ MATP   27 ]     23     46 C G - -
    MP   111   110 6   115     6     2     2    38    58  -9.096  -9.036  -0.021  -7.812  -8.092  -8.487 -4.499 -4.400 -4.197 -0.637 -2.926 -4.616  3.535 -3.731 -4.245 -0.390 -4.511 -2.347  0.593 -4.571 -0.632 -3.086 
    ML   112   110 6   115     6     1     1    37    56  -6.250  -6.596  -1.310  -1.005  -6.446  -3.975  0.368 -0.385 -0.191  0.094 
    MR   113   110 6   115     6     1     1    37    56  -6.988  -5.717  -1.625  -5.695  -0.829  -3.908  0.368 -0.385 -0.191  0.094 
     D   114   110 6   115     6     0     0    35    54  -9.049  -7.747  -3.544  -4.226  -4.244  -0.319 
    IL   115   115 5   115     6     1     1    38    57  -2.579  -2.842  -0.760  -4.497  -5.274  -4.934  0.000  0.000  0.000  0.000 
    IR   116   116 6   116     5     1     1    38    57  -2.408  -0.496  -5.920  -4.087  -5.193          0.000  0.000  0.000  0.000 
                                             [ MATP   28 ]     24     45 A U - -
    MP   117   116 6   121     6     2     2    36    56  -9.096  -9.036  -0.021  -7.812  -8.092  -8.487 -3.749 -2.792 -3.771  3.304 -4.088 -5.147  0.209 -3.816 -3.664  1.124 -4.210 -0.275 -0.209 -4.342 -1.732 -2.607 
    ML   118   116 6   121     6     1     1    36    55  -6.250  -6.596  -1.310  -1.005  -6.446  -3.975  0.368 -0.385 -0.191  0.094 
    MR   119   116 6   121     6     1     1    36    55  -6.988  -5.717  -1.625  -5.695  -0.829  -3.908  0.368 -0.385 -0.191  0.094 
     D   120   116 6   121     6     0     0    34    53  -9.049  -7.747  -3.544  -4.226  -4.244  -0.319 
    IL   121   121 5   121     6     1     1    36    55  -2.579  -2.842  -0.760  -4.497  -5.274  -4.934  0.000  0.000  0.000  0.000 
    IR   122   122 6   122     5     1     1    36    55  -2.408  -0.496  -5.920  -4.087  -5.193          0.000  0.000  0.000  0.000 
                                             [ MATP   29 ]     25     44 C G - -
    MP   123   122 6   127     4     2     2    34    54  -6.919  -7.126  -0.054  -5.540                 -4.499 -4.400 -4.197 -0.637 -2.926 -4.616  3.535 -3.731 -4.245 -0.390 -4.511 -2.347  0.593 -4.571 -0.632 -3.086 
    ML   124   122 6   127     4     1     1    35    54  -3.758  -3.940  -0.507  -2.670                  0.368 -0.385 -0.191  0.094 
    MR   125   122 6   127     4     1     1    35    54  -4.809  -3.838  -1.706  -0.766                  0.368 -0.385 -0.191  0.094 
     D   126   122 6   127     4     0     0    34    53  -4.568  -4.250  -2.265  -0.520                 
    IL   127   127 5   127     4     1     1    36    56  -1.686  -2.369  -1.117  -4.855                  0.000  0.000  0.000  0.000 
    IR   128   128 6   128     3     1     1    35    55  -1.442  -0.798  -4.142                          0.000  0.000  0.000  0.000 
                                             [ MATL   30 ]     26      - G - - -
    ML   129   128 6   131     3     1     1    32    51  -7.937  -0.021  -6.591                         -1.523 -2.734  1.710 -2.120 
     D   130   128 6   131     3     0     0    31    50  -6.174  -1.687  -0.566                         
    IL   131   131 3   131     3     1     1    34    53  -1.442  -0.798  -4.142                          0.000  0.000  0.000  0.000 
                                             [ MATL   31 ]     27      - A - - -
    ML   132   131 3   134     3     1     1    31    49  -8.329  -0.019  -6.647                          1.707 -2.317 -1.954 -1.854 
     D   133   131 3   134     3     0     0    29    48  -5.620  -0.734  -1.403                         
    IL   134   134 3   134     3     1     1    32    50  -1.925  -0.554  -4.164                          0.000  0.000  0.000  0.000 
                                             [ MATR   32 ]      -     43 - A - -
    MR   135   134 3   137     3     1     1    30    48  -8.329  -0.019  -6.647                          1.707 -2.317 -1.954 -1.854 
     D   136   134 3   137     3     0     0    28    47  -6.390  -1.568  -0.620                         
    IR   137   137 3   137     3     1     1    31    49  -1.925  -0.554  -4.164                          0.000  0.000  0.000  0.000 
                                             [ MATR   33 ]      -     42 - g - -
    MR   138   137 3   140     5     1     1    29    47  -7.070  -0.040  -6.885  -7.097  -7.989          0.582 -1.399  0.634 -0.806 
     D   139   137 3   140     5     0     0    27    46  -5.352  -0.707  -2.978  -4.409  -2.404         
    IR   140   140 3   140     5     1     1    29    48  -2.408  -0.496  -5.920  -4.087  -5.193          0.000  0.000  0.000  0.000 
                                             [ MATP   34 ]     28     41 G C - -
    MP   141   140 3   145     6     2     2    28    46  -9.096  -9.036  -0.021  -7.812  -8.092  -8.487 -4.693 -3.070 -4.787  0.233 -5.163 -4.674 -0.540 -5.026 -4.295  3.626 -4.636 -0.768 -0.927 -4.435 -2.574 -3.665 
    ML   142   140 3   145     6     1     1    26    45  -6.250  -6.596  -1.310  -1.005  -6.446  -3.975  0.368 -0.385 -0.191  0.094 
    MR   143   140 3   145     6     1     1    26    45  -6.988  -5.717  -1.625  -5.695  -0.829  -3.908  0.368 -0.385 -0.191  0.094 
     D   144   140 3   145     6     0     0    24    43  -9.049  -7.747  -3.544  -4.226  -4.244  -0.319 
    IL   145   145 5   145     6     1     1    27    46  -2.579  -2.842  -0.760  -4.497  -5.274  -4.934  0.000  0.000  0.000  0.000 
    IR   146   146 6   146     5     1     1    27    46  -2.408  -0.496  -5.920  -4.087  -5.193          0.000  0.000  0.000  0.000 
                                             [ MATP   35 ]     29     40 U A - -
    MP   147   146 6   151     6     2     2    26    44  -9.096  -9.036  -0.021  -7.812  -8.092  -8.487 -4.137 -3.960 -3.981 -0.259 -2.935 -4.550  1.393 -3.627 -3.986  0.003 -4.362 -1.861  3.302 -4.290 -0.612 -2.816 
    ML   148   146 6   151     6     1     1    24    43  -6.250  -6.596  -1.310  -1.005  -6.446  -3.975  0.368 -0.385 -0.191  0.094 
    MR   149   146 6   151     6     1     1    24    43  -6.988  -5.717  -1.625  -5.695  -0.829  -3.908  0.368 -0.385 -0.191  0.094 
     D   150   146 6   151     6     0     0    22    41  -9.049  -7.747  -3.544  -4.226  -4.244  -0.319 
    IL   151   151 5   151     6     1     1    25    44  -2.579  -2.842  -0.760  -4.497  -5.274  -4.934  0.000  0.000  0.000  0.000 
    IR   152   152 6   152     5     1     1    25    44  -2.408  -0.496  -5.920  -4.087  -5.193          0.000  0.000  0.000  0.000 
                                             [ MATP   36 ]     30     39 U A - -
    MP   153   152 6   157     6     2     2    24    42  -9.096  -9.036  -0.021  -7.812  -8.092  -8.487 -4.137 -3.960 -3.981 -0.259 -2.935 -4.550  1.393 -3.627 -3.986  0.003 -4.362 -1.861  3.302 -4.290 -0.612 -2.816 
    ML   154   152 6   157     6     1     1    22    41  -6.250  -6.596  -1.310  -1.005  -6.446  -3.975  0.368 -0.385 -0.191  0.094 
    MR   155   152 6   157     6     1     1    22    41  -6.988  -5.717  -1.625  -5.695  -0.829  -3.908  0.368 -0.385 -0.191  0.094 
     D   156   152 6   157     6     0     0    20    39  -9.049  -7.747  -3.544  -4.226  -4.244  -0.319 
    IL   157   157 5   157     6     1     1    23    42  -2.579  -2.842  -0.760  -4.497  -5.274  -4.934  0.000  0.000  0.000  0.000 
    IR   158   158 6   158     5     1     1    23    42  -2.408  -0.496  -5.920  -4.087  -5.193          0.000  0.000  0.000  0.000 
                                             [ MATP   37 ]     31     38 A U - -
    MP   159   158 6   163     6     2     2    22    40  -9.096  -9.036  -0.021  -7.812  -8.092  -8.487 -3.749 -2.792 -3.771  3.304 -4.088 -5.147  0.209 -3.816 -3.664  1.124 -4.210 -0.275 -0.209 -4.342 -1.732 -2.607 
    ML   160   158 6   163     6     1     1    21    40  -6.250  -6.596  -1.310  -1.005  -6.446  -3.975  0.368 -0.385 -0.191  0.094 
    MR   161   158 6   163     6     1     1    21    40  -6.988  -5.717  -1.625  -5.695  -0.829  -3.908  0.368 -0.385 -0.191  0.094 
     D   162   158 6   163     6     0     0    19    38  -9.049  -7.747  -3.544  -4.226  -4.244  -0.319 
    IL   163   163 5   163     6     1     1    22    40  -2.579  -2.842  -0.760  -4.497  -5.274  -4.934  0.000  0.000  0.000  0.000 
    IR   164   164 6   164     5     1     1    21    40  -2.408  -0.496  -5.920  -4.087  -5.193          0.000  0.000  0.000  0.000 
                                             [ MATP   38 ]     32     37 A U - -
    MP   165   164 6   169     4     2     2    20    38  -6.919  -7.126  -0.054  -5.540                 -3.749 -2.792 -3.771  3.304 -4.088 -5.147  0.209 -3.816 -3.664  1.124 -4.210 -0.275 -0.209 -4.342 -1.732 -2.607 
    ML   166   164 6   169     4     1     1    21    39  -3.758  -3.940  -0.507  -2.670                  0.368 -0.385 -0.191  0.094 
    MR   167   164 6   169     4     1     1    20    39  -4.809  -3.838  -1.706  -0.766                  0.368 -0.385 -0.191  0.094 
     D   168   164 6   169     4     0     0    19    38  -4.568  -4.250  -2.265  -0.520                 
    IL   169   169 5   169     4     1     1    22    41  -1.686  -2.369  -1.117  -4.855                  0.000  0.000  0.000  0.000 
    IR   170   170 6   170     3     1     1    21    40  -1.442  -0.798  -4.142                          0.000  0.000  0.000  0.000 
                                             [ MATL   39 ]     33      - U - - -
    ML   171   170 6   173     3     1     1    16    35  -7.937  -0.021  -6.591                         -0.762 -0.815 -1.304  1.285 
     D   172   170 6   173     3     0     0    16    34  -6.174  -1.687  -0.566                         
    IL   173   173 3   173     3     1     1    20    38  -1.442  -0.798  -4.142                          0.000  0.000  0.000  0.000 
                                             [ MATL   40 ]     34      - G - - -
    ML   174   173 3   176     3     1     1    15    33  -7.937  -0.021  -6.591                         -1.523 -2.734  1.710 -2.120 
     D   175   173 3   176     3     0     0    15    33  -6.174  -1.687  -0.566                         
    IL   176   176 3   176     3     1     1    19    37  -1.442  -0.798  -4.142                          0.000  0.000  0.000  0.000 
                                             [ MATL   41 ]     35      - G - - -
    ML   177   176 3   179     3     1     1    13    31  -7.937  -0.021  -6.591                         -1.523 -2.734  1.710 -2.120 
     D   178   176 3   179     3     0     0    13    32  -6.174  -1.687  -0.566                         
    IL   179   179 3   179     3     1     1    18    36  -1.442  -0.798  -4.142                          0.000  0.000  0.000  0.000 
                                             [ MATL   42 ]     36      - A - - -
    ML   180   179 3   182     2     1     1     1     1       *   0.000                                  1.707 -2.317 -1.954 -1.854 
     D   181   179 3   182     2     0     0     0     0       *   0.000                                 
    IL   182   182 3   182     2     1     1    13    28  -1.823  -0.479                                  0.000  0.000  0.000  0.000 
                                             [ END    43 ]      -      - - - - -
     E   183   182 3    -1     0     0     0     0     0                                                 
//
HMMER3/f [3.1b3 | July 2016]
NAME  at_nt_srnb_srnc_round5_0001
LENG  60
MAXL  143
ALPH  RNA
RF    no
MM    no
CONS  yes
CS    yes
MAP   yes
DATE  Fri Dec 20 05:13:38 2019
COM   [1] cmbuild /home/co78wid/projects/master/results/ta_systems/srnb_srnc/2_structure_analysis/infernal_search/at_nt_srnb_srnc_cmbuild.txt /home/co78wid/projects/master/results/ta_systems/srnb_srnc/1_sequence_analysis/fold/at_nt_srnb_srnc_round5.stk
NSEQ  25
EFFN  2.548218
CKSUM 2381649023
STATS LOCAL MSV       -8.2067  0.71928
STATS LOCAL VITERBI   -8.3291  0.71928
STATS LOCAL FORWARD   -3.9847  0.71928
HMM          A        C        G        U   
            m->m     m->i     m->d     i->m     i->i     d->m     d->d
  COMPO   1.40629  1.48817  1.38260  1.27929
          1.38629  1.38629  1.38629  1.38629
          0.45795  1.67261  1.71666  0.63217  0.75808  0.00000        *
      1   0.83960  1.98536  1.87593  1.28168      3 a - - :
          1.38629  1.38629  1.38629  1.38629
          0.04734  3.76713  3.76713  1.46634  0.26236  0.19566  1.72763
      2   0.13943  3.33694  3.05153  3.05093      4 A - - :
          1.38629  1.38629  1.38629  1.38629
          0.03960  3.94179  3.94179  1.46634  0.26236  1.09861  0.40547
      3   1.17076  1.68335  1.33205  1.42636      5 a - - :
          1.38629  1.38629  1.38629  1.38629
          0.03960  3.94179  3.94179  1.46634  0.26236  1.09861  0.40547
      4   1.79266  2.96657  0.34907  2.56837      6 G - - :
          1.38629  1.38629  1.38629  1.38629
          0.03960  3.94179  3.94179  1.46634  0.26236  1.09861  0.40547
      5   1.93526  2.24767  2.64821  0.38685      7 U - - :
          1.38629  1.38629  1.38629  1.38629
          0.03960  3.94179  3.94179  1.46634  0.26236  1.09861  0.40547
      6   0.29833  2.80542  2.16766  2.48870      8 A - - :
          1.38629  1.38629  1.38629  1.38629
          0.03960  3.94179  3.94179  1.46634  0.26236  1.09861  0.40547
      7   2.96476  0.17903  3.54097  2.48456      9 C - - :
          1.38629  1.38629  1.38629  1.38629
          0.03960  3.94179  3.94179  1.46634  0.26236  1.09861  0.40547
      8   1.64749  2.15072  2.47810  0.49895     10 U - - :
          1.38629  1.38629  1.38629  1.38629
          0.03960  3.94179  3.94179  1.46634  0.26236  1.09861  0.40547
      9   2.70191  2.65031  3.22287  0.19546     11 U - - :
          1.38629  1.38629  1.38629  1.38629
          0.03960  3.94179  3.94179  1.46634  0.26236  1.09861  0.40547
     10   2.96476  0.17903  3.54097  2.48456     12 C - - :
          1.38629  1.38629  1.38629  1.38629
          0.03960  3.94179  3.94179  1.46634  0.26236  1.09861  0.40547
     11   0.30394  2.89184  1.91791  2.81824     13 A - - <
          1.38629  1.38629  1.38629  1.38629
          0.03960  3.94179  3.94179  1.46634  0.26236  1.09861  0.40547
     12   2.90694  2.22527  2.65653  0.26510     14 U - - <
          1.38629  1.38629  1.38629  1.38629
          0.03960  3.94179  3.94179  1.46634  0.26236  1.09861  0.40547
     13   2.64851  3.33925  0.15540  3.27784     15 G - - <
          1.38629  1.38629  1.38629  1.38629
          0.03960  3.94179  3.94179  1.46634  0.26236  1.09861  0.40547
     14   3.29617  0.21725  3.08280  2.18556     16 C - - <
          1.38629  1.38629  1.38629  1.38629
          0.03960  3.94179  3.94179  1.46634  0.26236  1.09861  0.40547
     15   0.30533  2.88582  1.91670  2.80973     17 A - - <
          1.38629  1.38629  1.38629  1.38629
          0.03960  3.94179  3.94179  1.46634  0.26236  1.09861  0.40547
     16   2.64330  3.33282  0.15650  3.26896     18 G - - <
          1.38629  1.38629  1.38629  1.38629
          0.03960  3.94179  3.94179  1.46634  0.26236  1.09861  0.40547
     17   0.60517  2.75479  1.15731  2.57616     19 A - - <
          1.38629  1.38629  1.38629  1.38629
          0.03960  3.94179  3.94179  1.46634  0.26236  1.09861  0.40547
     18   3.29158  0.21770  3.08055  2.18474     20 C - - <
          1.38629  1.38629  1.38629  1.38629
          0.03960  3.94179  3.94179  1.46634  0.26236  1.09861  0.40547
     19   3.29187  0.21768  3.08069  2.18479     21 C - - <
          1.38629  1.38629  1.38629  1.38629
          0.03960  3.94179  3.94179  1.46634  0.26236  1.09861  0.40547
     20   3.02518  1.62478  2.82983  0.36316     22 U - - <
          1.38629  1.38629  1.38629  1.38629
          0.03960  3.94179  3.94179  1.46634  0.26236  1.09861  0.40547
     21   3.29119  0.21774  3.08036  2.18467     23 C - - <
          1.38629  1.38629  1.38629  1.38629
          0.03960  3.94179  3.94179  1.46634  0.26236  1.09861  0.40547
     22   0.30419  2.89077  1.91770  2.81673     24 A - - <
          1.38629  1.38629  1.38629  1.38629
          0.03960  3.94179  3.94179  1.46634  0.26236  1.09861  0.40547
     23   3.29027  0.21783  3.07991  2.18450     25 C - - <
          1.38629  1.38629  1.38629  1.38629
          0.03960  3.94179  3.94179  1.46634  0.26236  1.09861  0.40547
     24   2.80009  3.69127  0.13226  3.26638     26 G - - -
          1.38629  1.38629  1.38629  1.38629
          0.03960  3.94179  3.94179  1.46634  0.26236  1.09861  0.40547
     25   0.13943  3.33694  3.05153  3.05093     27 A - - -
          1.38629  1.38629  1.38629  1.38629
          0.03960  3.94179  3.94179  1.46634  0.26236  1.09861  0.40547
     26   2.64733  3.33780  0.15565  3.27583     28 G - - <
          1.38629  1.38629  1.38629  1.38629
          0.03960  3.94179  3.94179  1.46634  0.26236  1.09861  0.40547
     27   3.08170  1.98648  2.84363  0.27611     29 U - - <
          1.38629  1.38629  1.38629  1.38629
          0.03960  3.94179  3.94179  1.46634  0.26236  1.09861  0.40547
     28   3.08183  1.98649  2.84370  0.27610     30 U - - <
          1.38629  1.38629  1.38629  1.38629
          0.03960  3.94179  3.94179  1.46634  0.26236  1.09861  0.40547
     29   0.30379  2.89253  1.91805  2.81922     31 A - - <
          1.38629  1.38629  1.38629  1.38629
          0.03960  3.94179  3.94179  1.46634  0.26236  1.09861  0.40547
     30   0.30386  2.89220  1.91798  2.81874     32 A - - <
          1.38629  1.38629  1.38629  1.38629
          0.03960  3.94179  3.94179  1.46634  0.26236  1.09861  0.40547
     31   2.09252  2.07179  2.43373  0.41105     33 U - - _
          1.38629  1.38629  1.38629  1.38629
          0.03960  3.94179  3.94179  1.46634  0.26236  1.09861  0.40547
     32   2.80009  3.69127  0.13226  3.26638     34 G - - _
          1.38629  1.38629  1.38629  1.38629
          0.03960  3.94179  3.94179  1.46634  0.26236  1.09861  0.40547
     33   2.80009  3.69127  0.13226  3.26638     35 G - - _
          1.38629  1.38629  1.38629  1.38629
          0.03960  3.94179  3.94179  1.46634  0.26236  1.09861  0.40547
     34   0.13943  3.33694  3.05153  3.05093     36 A - - _
          1.38629  1.38629  1.38629  1.38629
          0.03960  3.94179  3.94179  1.46634  0.26236  1.09861  0.40547
     35   3.04469  2.22353  2.70325  0.25209     37 U - - >
          1.38629  1.38629  1.38629  1.38629
          0.03960  3.94179  3.94179  1.46634  0.26236  1.09861  0.40547
     36   3.04648  2.22377  2.70395  0.25189     38 U - - >
          1.38629  1.38629  1.38629  1.38629
          0.03960  3.94179  3.94179  1.46634  0.26236  1.09861  0.40547
     37   0.31285  3.03155  1.82354  2.83117     39 A - - >
          1.38629  1.38629  1.38629  1.38629
          0.03960  3.94179  3.94179  1.46634  0.26236  1.09861  0.40547
     38   0.31255  3.03315  1.82373  2.83308     40 A - - >
          1.38629  1.38629  1.38629  1.38629
          0.03960  3.94179  3.94179  1.46634  0.26236  1.09861  0.40547
     39   3.49471  0.18302  3.18409  2.34890     41 C - - >
          1.38629  1.38629  1.38629  1.38629
          0.03960  3.94179  3.94179  1.46634  0.26236  1.09861  0.40547
     40   0.95769  2.51520  0.88102  2.11187     42 g - - -
          1.38629  1.38629  1.38629  1.38629
          0.03960  3.94179  3.94179  1.46634  0.26236  1.09861  0.40547
     41   0.13943  3.33694  3.05153  3.05093     43 A - - -
          1.38629  1.38629  1.38629  1.38629
          0.03960  3.94179  3.94179  1.46634  0.26236  1.09861  0.40547
     42   2.46152  3.24671  0.18811  3.05184     44 G - - >
          1.38629  1.38629  1.38629  1.38629
          0.03960  3.94179  3.94179  1.46634  0.26236  1.09861  0.40547
     43   3.04000  2.22290  2.70141  0.25262     45 U - - >
          1.38629  1.38629  1.38629  1.38629
          0.03960  3.94179  3.94179  1.46634  0.26236  1.09861  0.40547
     44   2.46206  3.24746  0.18797  3.05273     46 G - - >
          1.38629  1.38629  1.38629  1.38629
          0.03960  3.94179  3.94179  1.46634  0.26236  1.09861  0.40547
     45   2.17713  3.00874  0.25563  2.76700     47 G - - >
          1.38629  1.38629  1.38629  1.38629
          0.03960  3.94179  3.94179  1.46634  0.26236  1.09861  0.40547
     46   2.46290  3.24866  0.18775  3.05415     48 G - - >
          1.38629  1.38629  1.38629  1.38629
          0.03960  3.94179  3.94179  1.46634  0.26236  1.09861  0.40547
     47   2.46352  3.24953  0.18758  3.05518     49 G - - >
          1.38629  1.38629  1.38629  1.38629
          0.03960  3.94179  3.94179  1.46634  0.26236  1.09861  0.40547
     48   2.79356  1.79322  2.55559  0.36424     50 U - - >
          1.38629  1.38629  1.38629  1.38629
          0.03960  3.94179  3.94179  1.46634  0.26236  1.09861  0.40547
     49   3.48055  0.18416  3.17776  2.34625     51 C - - >
          1.38629  1.38629  1.38629  1.38629
          0.03960  3.94179  3.94179  1.46634  0.26236  1.09861  0.40547
     50   3.05099  2.22436  2.70572  0.25138     52 U - - >
          1.38629  1.38629  1.38629  1.38629
          0.03960  3.94179  3.94179  1.46634  0.26236  1.09861  0.40547
     51   2.70191  2.65031  3.22287  0.19546     53 U - - -
          1.38629  1.38629  1.38629  1.38629
          0.03960  3.94179  3.94179  1.46634  0.26236  1.09861  0.40547
     52   2.66719  0.26818  3.24968  2.06357     54 C - - -
          1.38629  1.38629  1.38629  1.38629
          0.03960  3.94179  3.94179  1.46634  0.26236  1.09861  0.40547
     53   2.46487  3.25143  0.18723  3.05744     55 G - - >
          1.38629  1.38629  1.38629  1.38629
          0.03960  3.94179  3.94179  1.46634  0.26236  1.09861  0.40547
     54   3.48234  0.18401  3.17856  2.34658     56 C - - >
          1.38629  1.38629  1.38629  1.38629
          0.03960  3.94179  3.94179  1.46634  0.26236  1.09861  0.40547
     55   0.30360  2.71937  2.05363  2.69326     57 A - - >
          1.38629  1.38629  1.38629  1.38629
          0.03960  3.94179  3.94179  1.46634  0.26236  1.09861  0.40547
     56   3.05623  2.22506  2.70777  0.25079     58 U - - >
          1.38629  1.38629  1.38629  1.38629
          0.03960  3.94179  3.94179  1.46634  0.26236  1.09861  0.40547
     57   2.40582  2.20810  2.91965  0.29310     59 U - - :
          1.38629  1.38629  1.38629  1.38629
          0.03960  3.94179  3.94179  1.46634  0.26236  1.09861  0.40547
     58   2.70191  2.65031  3.22287  0.19546     60 U - - :
          1.38629  1.38629  1.38629  1.38629
          0.03960  3.94179  3.94179  1.46634  0.26236  1.09861  0.40547
     59   2.96476  0.17903  3.54097  2.48456     61 C - - :
          1.38629  1.38629  1.38629  1.38629
          0.03960  3.94179  3.94179  1.46634  0.26236  1.09861  0.40547
     60   2.70191  2.65031  3.22287  0.19546     62 U - - :
          1.38629  1.38629  1.38629  1.38629
          0.02000  3.92218        *  1.46634  0.26236  0.00000        *
//
