INFERNAL1/a [1.1.2 | July 2016]
NAME     t_pro_srnb_srnc_round5_0001
STATES   445
NODES    149
CLEN     147
W        248
ALPH     RNA
RF       no
CONS     yes
MAP      yes
DATE     Fri Dec 20 05:44:51 2019
COM      [1] cmbuild /home/co78wid/projects/master/results/ta_systems/srnb_srnc/2_structure_analysis/infernal_search/t_pro_srnb_srnc_cmbuild.txt /home/co78wid/projects/master/results/ta_systems/srnb_srnc/1_sequence_analysis/fold/t_pro_srnb_srnc_round5.stk
COM      [2] cmcalibrate --cpu 30 /home/co78wid/projects/master/results/ta_systems/srnb_srnc/2_structure_analysis/infernal_search/t_pro_srnb_srnc_cmbuild.txt
PBEGIN   0.05
PEND     0.05
WBETA    1e-07
QDBBETA1 1e-07
QDBBETA2 1e-15
N2OMEGA  1.52588e-05
N3OMEGA  1.52588e-05
ELSELF   -0.08926734
NSEQ     1220
EFFN     8.232803
CKSUM    3670869830
NULL     0.000  0.000  0.000  0.000 
EFP7GF   -9.7945 0.71779
ECMLC    0.66790   -11.35804    -2.21885     1600000      537196  0.002234
ECMGC    0.37523   -19.52521   -10.03412     1600000       14084  0.028401
ECMLI    0.58589    -9.81267    -0.26244     1600000      323024  0.003715
ECMGI    0.41299   -10.38397    -1.80103     1600000       13851  0.028879
CM
                                             [ ROOT    0 ]      -      - - - - -
     S     0    -1 0     1     4     1     1   248   376  -8.428  -8.635  -0.523  -1.743                 
    IL     1     1 2     1     4    37    86   250   378  -1.686  -2.369  -1.117  -4.855                  0.000  0.000  0.000  0.000 
    IR     2     2 3     2     3    36    85   250   378  -1.442  -0.798  -4.142                          0.000  0.000  0.000  0.000 
                                             [ MATL    1 ]     46      - C - - -
    ML     3     2 3     5     3    37    86   249   376  -6.243  -0.039  -6.243                         -0.379  1.183 -1.634 -0.649 
     D     4     2 3     5     3    30    78   243   371 -14.948  -4.982  -0.046                         
    IL     5     5 3     5     3    39    88   253   381  -0.384  -2.121  -8.028                          0.000  0.000  0.000  0.000 
                                             [ MATL    2 ]     47      - u - - -
    ML     6     5 3     8     3    37    85   247   375  -5.293  -0.068  -5.628                         -0.048  0.248 -0.935  0.403 
     D     7     5 3     8     3    30    78   243   371 -14.948  -4.333  -0.073                         
    IL     8     8 3     8     3    38    86   248   375  -2.576  -0.266 -10.220                          0.000  0.000  0.000  0.000 
                                             [ MATL    3 ]     49      - G - - -
    ML     9     8 3    11     3    37    85   246   374  -4.343  -0.093  -6.243                         -0.646 -1.754  1.390 -1.173 
     D    10     8 3    11     3    30    78   243   371 -14.946  -0.968  -1.033                         
    IL    11    11 3    11     3    39    87   251   379  -0.382  -2.103 -13.551                          0.000  0.000  0.000  0.000 
                                             [ MATL    4 ]     56      - c - - -
    ML    12    11 3    14     3    36    84   245   373  -6.506  -0.032  -6.506                          0.343  0.622 -0.662 -0.835 
     D    13    11 3    14     3    28    76   239   367 -14.004  -3.267  -0.158                         
    IL    14    14 3    14     3    38    86   250   378  -0.384  -2.121  -8.028                          0.000  0.000  0.000  0.000 
                                             [ MATL    5 ]     57      - a - - -
    ML    15    14 3    17     3    36    84   244   372  -6.517  -0.034  -6.310                          0.624 -0.238 -0.068 -0.606 
     D    16    14 3    17     3    28    76   239   366 -13.941  -3.932  -0.098                         
    IL    17    17 3    17     3    37    86   249   377  -0.384  -2.121  -8.028                          0.000  0.000  0.000  0.000 
                                             [ MATL    6 ]     58      - a - - -
    ML    18    17 3    20     3    35    83   243   371  -4.909  -0.065  -6.515                          0.749 -0.689 -0.042 -0.458 
     D    19    17 3    20     3    28    75   238   366 -13.952  -1.364  -0.710                         
    IL    20    20 3    20     3    38    86   253   380  -0.265  -2.574 -13.613                          0.000  0.000  0.000  0.000 
                                             [ MATL    7 ]     65      - A - - -
    ML    21    20 3    23     3    35    82   241   369  -6.595  -0.030  -6.595                          1.359 -0.784 -1.532 -0.975 
     D    22    20 3    23     3    27    74   235   363 -13.384  -3.418  -0.142                         
    IL    23    23 3    23     3    36    84   246   374  -0.384  -2.121  -8.028                          0.000  0.000  0.000  0.000 
                                             [ MATL    8 ]     66      - A - - -
    ML    24    23 3    26     3    34    82   240   368  -6.595  -0.030  -6.595                          1.354 -1.515 -0.421 -1.524 
     D    25    23 3    26     3    27    74   235   363 -13.384  -3.375  -0.146                         
    IL    26    26 3    26     3    36    84   245   373  -0.384  -2.121  -8.028                          0.000  0.000  0.000  0.000 
                                             [ MATL    9 ]     67      - a - - -
    ML    27    26 3    29     3    34    81   239   367  -6.595  -0.030  -6.595                          0.686 -0.609  0.074 -0.550 
     D    28    26 3    29     3    27    74   234   362 -13.380  -2.664  -0.248                         
    IL    29    29 3    29     3    35    83   244   372  -0.384  -2.121  -8.028                          0.000  0.000  0.000  0.000 
                                             [ MATL   10 ]     68      - u - - -
    ML    30    29 3    32     3    33    80   238   366  -6.605  -0.030  -6.605                         -0.029 -0.273 -0.119  0.346 
     D    31    29 3    32     3    26    73   233   361 -13.285  -3.319  -0.153                         
    IL    32    32 3    32     3    35    82   243   370  -0.384  -2.121  -8.028                          0.000  0.000  0.000  0.000 
                                             [ MATL   11 ]     69      - c - - -
    ML    33    32 3    35     3    33    80   237   365  -6.605  -0.041  -5.833                          0.289  0.606 -0.841 -0.519 
     D    34    32 3    35     3    26    73   233   361 -13.285  -3.112  -0.178                         
    IL    35    35 3    35     3    35    82   242   369  -0.384  -2.121  -8.028                          0.000  0.000  0.000  0.000 
                                             [ MATL   12 ]     70      - u - - -
    ML    36    35 3    38     3    32    79   236   364  -6.597  -0.030  -6.597                         -0.673 -0.201  0.093  0.522 
     D    37    35 3    38     3    26    73   232   360 -13.362  -1.311  -0.745                         
    IL    38    38 3    38     3    34    81   240   368  -0.384  -2.121  -8.028                          0.000  0.000  0.000  0.000 
                                             [ MATL   13 ]     71      - g - - -
    ML    39    38 3    41     3    32    78   234   362  -6.644  -0.029  -6.644                          0.225 -0.476  0.566 -0.662 
     D    40    38 3    41     3    25    71   230   358 -12.831  -1.954  -0.431                         
    IL    41    41 3    41     3    33    80   239   367  -0.384  -2.121  -8.028                          0.000  0.000  0.000  0.000 
                                             [ MATL   14 ]     72      - u - - -
    ML    42    41 3    44     3    31    77   233   361  -6.657  -0.029  -6.614                         -0.746  0.207 -0.731  0.720 
     D    43    41 3    44     3    24    70   229   357 -12.645  -2.679  -0.245                         
    IL    44    44 3    44     3    33    79   238   366  -0.384  -2.121  -8.028                          0.000  0.000  0.000  0.000 
                                             [ MATL   15 ]     73      - g - - -
    ML    45    44 3    47     3    31    77   232   360  -6.657  -0.029  -6.657                         -0.313  0.135  0.244 -0.132 
     D    46    44 3    47     3    24    70   228   356 -12.652  -2.432  -0.296                         
    IL    47    47 3    47     3    32    79   237   365  -0.384  -2.121  -8.028                          0.000  0.000  0.000  0.000 
                                             [ MATL   16 ]     74      - u - - -
    ML    48    47 3    50     3    30    76   231   359  -6.659  -0.029  -6.623                         -0.423  0.146 -0.420  0.485 
     D    49    47 3    50     3    23    69   227   355 -12.608  -2.642  -0.252                         
    IL    50    50 3    50     3    32    78   236   364  -0.384  -2.121  -8.028                          0.000  0.000  0.000  0.000 
                                             [ MATL   17 ]     75      - U - - -
    ML    51    50 3    53     3    29    75   230   358  -6.659  -0.029  -6.659                         -2.310 -0.949 -2.735  1.646 
     D    52    50 3    53     3    23    69   226   354 -12.614  -2.606  -0.259                         
    IL    53    53 3    53     3    31    77   235   363  -0.384  -2.121  -8.028                          0.000  0.000  0.000  0.000 
                                             [ MATL   18 ]     76      - a - - -
    ML    54    53 3    56     3    29    74   229   357  -6.660  -0.029  -6.660                          0.200 -0.367 -0.048  0.148 
     D    55    53 3    56     3    23    69   226   354 -12.607  -2.562  -0.268                         
    IL    56    56 3    56     3    30    76   234   362  -0.384  -2.121  -8.028                          0.000  0.000  0.000  0.000 
                                             [ MATL   19 ]     77      - g - - -
    ML    57    56 3    59     3    28    73   228   356  -6.660  -0.032  -6.392                          0.065 -0.323  0.128  0.086 
     D    58    56 3    59     3    22    68   225   353 -12.594  -2.628  -0.255                         
    IL    59    59 3    59     3    30    75   233   361  -0.384  -2.121  -8.028                          0.000  0.000  0.000  0.000 
                                             [ MATL   20 ]     78      - U - - -
    ML    60    59 3    62     3    27    73   227   355  -6.657  -0.029  -6.657                         -0.804 -0.802 -0.362  1.054 
     D    61    59 3    62     3    22    68   224   352 -12.641  -0.968  -1.033                         
    IL    62    62 3    62     3    29    74   232   360  -0.384  -2.121  -8.028                          0.000  0.000  0.000  0.000 
                                             [ MATL   21 ]     79      - g - - -
    ML    63    62 3    65     3    26    72   226   354  -6.689  -0.028  -6.689                         -0.340 -0.108  0.531 -0.256 
     D    64    62 3    65     3    20    66   222   350 -12.009  -1.728  -0.519                         
    IL    65    65 3    65     3    28    73   231   359  -0.384  -2.121  -8.028                          0.000  0.000  0.000  0.000 
                                             [ MATL   22 ]     80      - g - - -
    ML    66    65 3    68     3    26    71   225   353  -6.693  -0.028  -6.693                         -0.153 -1.425  0.681  0.170 
     D    67    65 3    68     3    20    65   221   348 -11.921  -1.919  -0.444                         
    IL    68    68 3    68     3    27    73   230   358  -0.384  -2.121  -8.028                          0.000  0.000  0.000  0.000 
                                             [ MATL   23 ]     81      - c - - -
    ML    69    68 3    71     3    25    70   224   352  -6.693  -0.033  -6.307                         -0.796  0.521  0.317 -0.427 
     D    70    68 3    71     3    19    64   219   347 -11.912  -1.774  -0.500                         
    IL    71    71 3    71     3    27    72   229   357  -0.384  -2.121  -8.028                          0.000  0.000  0.000  0.000 
                                             [ MATL   24 ]     82      - c - - -
    ML    72    71 3    74     3    24    69   223   351  -6.691  -0.028  -6.691                         -0.019  0.174 -0.023 -0.151 
     D    73    71 3    74     3    18    64   216   344 -11.977  -2.012  -0.412                         
    IL    74    74 3    74     3    26    71   228   356  -0.384  -2.121  -8.028                          0.000  0.000  0.000  0.000 
                                             [ MATL   25 ]     83      - u - - -
    ML    75    74 3    77     3    24    68   222   350  -6.691  -0.029  -6.648                         -0.432  0.225 -0.189  0.279 
     D    76    74 3    77     3    18    63   213   339 -11.977  -2.012  -0.412                         
    IL    77    77 3    77     3    25    70   227   355  -0.384  -2.121  -8.028                          0.000  0.000  0.000  0.000 
                                             [ MATL   26 ]     84      - U - - -
    ML    78    77 3    80     3    23    67   221   349  -4.773  -0.068  -6.690                         -2.910 -1.323 -3.165  1.747 
     D    79    77 3    80     3    17    62   205   314 -11.988  -1.604  -0.576                         
    IL    80    80 3    80     3    26    70   242   371  -0.207  -2.906 -14.376                          0.000  0.000  0.000  0.000 
                                             [ MATL   27 ]     94      - g - - -
    ML    81    80 3    83     3    22    66   207   307  -6.695  -0.028  -6.695                          0.223 -0.319  0.502 -0.701 
     D    82    80 3    83     3    16    61   204   304 -11.863  -1.897  -0.451                         
    IL    83    83 3    83     3    24    68   213   313  -0.384  -2.121  -8.028                          0.000  0.000  0.000  0.000 
                                             [ MATL   28 ]     95      - a - - -
    ML    84    83 3    86     3    21    66   206   306  -6.695  -0.028  -6.695                          0.765 -0.660 -0.383 -0.150 
     D    85    83 3    86     3    16    61   203   303 -11.863  -1.897  -0.451                         
    IL    86    86 3    86     3    23    67   212   312  -0.384  -2.121  -8.028                          0.000  0.000  0.000  0.000 
                                             [ MATL   29 ]     96      - U - - -
    ML    87    86 3    89     3    20    65   205   305  -6.695  -0.059  -5.034                         -2.562 -1.222 -2.834  1.706 
     D    88    86 3    89     3    15    60   202   303 -11.863  -1.897  -0.451                         
    IL    89    89 3    89     3    22    67   211   311  -0.384  -2.121  -8.028                          0.000  0.000  0.000  0.000 
                                             [ MATL   30 ]     97      - c - - -
    ML    90    89 3    92     3    20    64   204   304  -6.665  -0.032  -6.371                         -0.028  0.511 -0.411 -0.249 
     D    91    89 3    92     3    15    59   201   302 -12.523  -0.897  -1.112                         
    IL    92    92 3    92     3    22    66   209   310  -0.384  -2.121  -8.028                          0.000  0.000  0.000  0.000 
                                             [ MATL   31 ]     98      - G - - -
    ML    93    92 3    95     3    19    63   203   303  -6.692  -0.030  -6.520                          0.105 -2.133  1.275 -1.855 
     D    94    92 3    95     3    13    57   199   300 -11.948  -1.883  -0.457                         
    IL    95    95 3    95     3    21    65   208   309  -0.384  -2.121  -8.028                          0.000  0.000  0.000  0.000 
                                             [ MATL   32 ]     99      - U - - -
    ML    96    95 3    98     3    19    62   201   302  -5.598  -0.044  -6.691                         -2.551 -0.474 -2.992  1.577 
     D    97    95 3    98     3    13    57   198   299 -11.968  -1.847  -0.470                         
    IL    98    98 3    98     3    20    64   204   305  -0.570  -1.617 -11.839                          0.000  0.000  0.000  0.000 
                                             [ MATL   33 ]    103      - c - - -
    ML    99    98 3   101     3    18    61   200   301  -6.693  -0.028  -6.693                         -0.360  0.392 -0.170  0.028 
     D   100    98 3   101     3    12    56   197   298 -11.927  -1.540  -0.609                         
    IL   101   101 3   101     3    19    63   206   307  -0.384  -2.121  -8.028                          0.000  0.000  0.000  0.000 
                                             [ MATL   34 ]    104      - a - - -
    ML   102   101 3   104     3    17    61   199   300  -6.697  -0.028  -6.697                          0.478 -0.515  0.422 -0.818 
     D   103   101 3   104     3    11    55   196   296 -11.795  -1.829  -0.477                         
    IL   104   104 3   104     3    19    62   205   305  -0.384  -2.121  -8.028                          0.000  0.000  0.000  0.000 
                                             [ MATL   35 ]    105      - U - - -
    ML   105   104 3   107     3    17    60   198   299  -6.697  -0.028  -6.697                         -3.301 -2.102 -3.509  1.839 
     D   106   104 3   107     3    11    54   195   295 -11.795  -1.657  -0.551                         
    IL   107   107 3   107     3    18    61   204   304  -0.384  -2.121  -8.028                          0.000  0.000  0.000  0.000 
                                             [ MATL   36 ]    106      - c - - -
    ML   108   107 3   110     3    16    59   197   298  -6.699  -0.030  -6.544                         -0.650  0.289  0.171  0.022 
     D   109   107 3   110     3    10    53   194   294 -11.743  -1.777  -0.498                         
    IL   110   110 3   110     3    17    61   203   303  -0.384  -2.121  -8.028                          0.000  0.000  0.000  0.000 
                                             [ MATL   37 ]    107      - U - - -
    ML   111   110 3   113     3    15    58   196   296  -6.697  -0.028  -6.697                         -2.341 -2.631 -2.656  1.800 
     D   112   110 3   113     3     9    52   192   292 -11.790  -1.669  -0.545                         
    IL   113   113 3   113     3    17    60   202   302  -0.384  -2.121  -8.028                          0.000  0.000  0.000  0.000 
                                             [ MATL   38 ]    108      - G - - -
    ML   114   113 3   116     3    15    57   195   295  -6.699  -0.028  -6.699                         -2.078 -2.719  1.791 -2.724 
     D   115   113 3   116     3     9    52   190   290 -11.743  -1.777  -0.498                         
    IL   116   116 3   116     3    16    59   201   301  -0.384  -2.121  -8.028                          0.000  0.000  0.000  0.000 
                                             [ MATL   39 ]    109      - U - - -
    ML   117   116 3   119     3    14    56   194   294  -5.165  -0.055  -6.699                         -2.079  0.092 -2.392  1.326 
     D   118   116 3   119     3     8    51   188   286 -11.743  -1.777  -0.498                         
    IL   119   119 3   119     3    16    59   208   311  -0.266  -2.573 -13.506                          0.000  0.000  0.000  0.000 
                                             [ MATL   40 ]    116      - u - - -
    ML   120   119 3   122     3    13    55   190   288  -6.699  -0.028  -6.699                          0.314 -0.786 -0.128  0.335 
     D   121   119 3   122     3     7    50   187   285 -11.743  -1.777  -0.498                         
    IL   122   122 3   122     3    15    57   196   294  -0.384  -2.121  -8.028                          0.000  0.000  0.000  0.000 
                                             [ MATL   41 ]    117      - U - - -
    ML   123   122 3   125     3    13    55   189   287  -6.699  -0.028  -6.655                         -2.091 -0.725 -1.591  1.500 
     D   124   122 3   125     3     7    49   186   284 -11.743  -1.777  -0.498                         
    IL   125   125 3   125     3    14    56   195   293  -0.384  -2.121  -8.028                          0.000  0.000  0.000  0.000 
                                             [ MATL   42 ]    118      - c - - -
    ML   126   125 3   128     3    12    54   188   286  -6.699  -0.028  -6.699                         -0.122  0.313 -0.148 -0.095 
     D   127   125 3   128     3     6    48   185   283 -11.756  -1.647  -0.555                         
    IL   128   128 3   128     3    13    55   194   292  -0.384  -2.121  -8.028                          0.000  0.000  0.000  0.000 
                                             [ MATL   43 ]    119      - A - - -
    ML   129   128 3   131     3    11    53   186   285  -6.700  -0.028  -6.700                          1.864 -3.459 -2.587 -3.283 
     D   130   128 3   131     3     5    47   183   282 -11.712  -1.746  -0.511                         
    IL   131   131 3   131     3    13    55   193   290  -0.384  -2.121  -8.028                          0.000  0.000  0.000  0.000 
                                             [ MATL   44 ]    120      - C - - -
    ML   132   131 3   134     3    11    52   185   284  -6.700  -0.028  -6.700                         -3.818  1.884 -4.143 -2.453 
     D   133   131 3   134     3     5    47   182   281 -11.712  -1.746  -0.511                         
    IL   134   134 3   134     3    12    54   191   289  -0.384  -2.121  -8.028                          0.000  0.000  0.000  0.000 
                                             [ MATL   45 ]    121      - g - - -
    ML   135   134 3   137     3    10    51   184   282  -6.700  -0.028  -6.700                         -0.572 -0.263  0.915 -0.716 
     D   136   134 3   137     3     4    46   181   279 -11.712  -1.746  -0.511                         
    IL   137   137 3   137     3    11    53   190   288  -0.384  -2.121  -8.028                          0.000  0.000  0.000  0.000 
                                             [ MATL   46 ]    122      - g - - -
    ML   138   137 3   140     3     9    50   183   281  -6.700  -0.029  -6.649                         -0.371 -0.383  0.961 -0.961 
     D   139   137 3   140     3     3    45   180   278 -11.712  -1.746  -0.511                         
    IL   140   140 3   140     3    11    52   189   287  -0.384  -2.121  -8.028                          0.000  0.000  0.000  0.000 
                                             [ MATL   47 ]    123      - U - - -
    ML   141   140 3   143     3     9    49   182   280  -6.700  -0.028  -6.700                         -2.870 -0.666 -2.932  1.633 
     D   142   140 3   143     3     3    44   179   277 -11.727  -1.510  -0.624                         
    IL   143   143 3   143     3    10    51   188   286  -0.384  -2.121  -8.028                          0.000  0.000  0.000  0.000 
                                             [ MATL   48 ]    124      - a - - -
    ML   144   143 3   146     3     8    48   181   279  -6.702  -0.028  -6.702                          0.194 -0.267  0.043 -0.007 
     D   145   143 3   146     3     2    43   178   276 -11.644  -1.597  -0.580                         
    IL   146   146 3   146     3     9    50   187   285  -0.384  -2.121  -8.028                          0.000  0.000  0.000  0.000 
                                             [ MATL   49 ]    125      - u - - -
    ML   147   146 3   149     3     7    48   180   278  -6.703  -0.028  -6.703                         -0.065  0.108 -0.776  0.467 
     D   148   146 3   149     3     1    42   177   275 -11.617  -1.652  -0.553                         
    IL   149   149 3   149     3     9    49   186   284  -0.384  -2.121  -8.028                          0.000  0.000  0.000  0.000 
                                             [ MATL   50 ]    126      - U - - -
    ML   150   149 3   152     3     7    47   179   277  -6.703  -0.028  -6.703                         -3.449 -2.700 -3.421  1.872 
     D   151   149 3   152     3     1    42   176   274 -11.617  -1.652  -0.553                         
    IL   152   152 3   152     3     8    48   185   283  -0.384  -2.121  -8.028                          0.000  0.000  0.000  0.000 
                                             [ MATL   51 ]    127      - g - - -
    ML   153   152 3   155     3     6    46   177   276  -6.703  -0.028  -6.703                          0.040 -1.048  0.969 -0.913 
     D   154   152 3   155     3     0    41   174   273 -11.617  -1.652  -0.553                         
    IL   155   155 3   155     3     8    48   184   282  -0.384  -2.121  -8.028                          0.000  0.000  0.000  0.000 
                                             [ MATL   52 ]    128      - g - - -
    ML   156   155 3   158     3     6    45   176   275  -6.703  -0.028  -6.703                         -0.077 -1.010  0.498  0.193 
     D   157   155 3   158     3     0    40   173   272 -11.617  -1.652  -0.553                         
    IL   158   158 3   158     3     7    47   182   280  -0.384  -2.121  -8.028                          0.000  0.000  0.000  0.000 
                                             [ MATL   53 ]    129      - u - - -
    ML   159   158 3   161     3     5    44   175   274  -6.703  -0.028  -6.703                         -1.365 -0.701  0.224  0.871 
     D   160   158 3   161     3     0    39   172   271 -11.617  -1.652  -0.553                         
    IL   161   161 3   161     3     6    46   181   279  -0.384  -2.121  -8.028                          0.000  0.000  0.000  0.000 
                                             [ MATL   54 ]    130      - a - - -
    ML   162   161 3   164     3     5    43   174   272  -6.703  -0.028  -6.703                          0.398 -0.654 -0.005  0.071 
     D   163   161 3   164     3     0    38   171   270 -11.617  -1.652  -0.553                         
    IL   164   164 3   164     3     6    45   180   278  -0.384  -2.121  -8.028                          0.000  0.000  0.000  0.000 
                                             [ MATL   55 ]    131      - u - - -
    ML   165   164 3   167     3     4    42   173   271  -6.703  -0.028  -6.703                         -0.235 -1.036 -0.499  0.967 
     D   166   164 3   167     3     0    37   170   268 -11.617  -1.652  -0.553                         
    IL   167   167 3   167     3     5    44   179   277  -0.384  -2.121  -8.028                          0.000  0.000  0.000  0.000 
                                             [ MATL   56 ]    132      - U - - -
    ML   168   167 3   170     3     3    41   172   270  -6.703  -0.029  -6.603                         -2.052 -0.349 -1.586  1.401 
     D   169   167 3   170     3     0    36   169   267 -11.617  -1.652  -0.553                         
    IL   170   170 3   170     3     5    43   178   276  -0.384  -2.121  -8.028                          0.000  0.000  0.000  0.000 
                                             [ MATL   57 ]    133      - c - - -
    ML   171   170 3   173     3     3    41   171   269  -6.702  -0.028  -6.702                         -0.721  0.342 -0.167  0.305 
     D   172   170 3   173     3     0    36   168   266 -11.650  -1.443  -0.662                         
    IL   173   173 3   173     3     4    42   177   275  -0.384  -2.121  -8.028                          0.000  0.000  0.000  0.000 
                                             [ MATL   58 ]    134      - a - - -
    ML   174   173 3   176     3     2    40   169   268  -6.705  -0.028  -6.705                          0.860 -1.208  0.065 -0.503 
     D   175   173 3   176     3     0    35   167   265 -11.566  -1.556  -0.600                         
    IL   176   176 3   176     3     3    41   176   274  -0.384  -2.121  -8.028                          0.000  0.000  0.000  0.000 
                                             [ MATL   59 ]    135      - C - - -
    ML   177   176 3   179     3     2    39   168   267  -6.705  -0.030  -6.498                         -2.804  1.312 -2.856  0.305 
     D   178   176 3   179     3     0    34   165   264 -11.551  -1.585  -0.585                         
    IL   179   179 3   179     3     3    41   174   273  -0.384  -2.121  -8.028                          0.000  0.000  0.000  0.000 
                                             [ MATL   60 ]    136      - a - - -
    ML   180   179 3   182     3     2    38   167   266  -6.703  -0.028  -6.703                          0.291  0.287 -0.171 -0.581 
     D   181   179 3   182     3     0    33   164   263 -11.624  -1.658  -0.551                         
    IL   182   182 3   182     3     3    40   173   272  -0.384  -2.121  -8.028                          0.000  0.000  0.000  0.000 
                                             [ MATL   61 ]    137      - u - - -
    ML   183   182 3   185     3     1    37   166   265  -6.703  -0.028  -6.652                         -1.724  0.510 -1.650  0.967 
     D   184   182 3   185     3     0    32   163   262 -11.624  -1.658  -0.551                         
    IL   185   185 3   185     3     2    39   172   270  -0.384  -2.121  -8.028                          0.000  0.000  0.000  0.000 
                                             [ MATL   62 ]    138      - u - - -
    ML   186   185 3   188     3     1    36   165   264  -6.702  -0.028  -6.650                         -0.890 -1.000  0.431  0.689 
     D   187   185 3   188     3     0    31   162   261 -11.640  -1.674  -0.543                         
    IL   188   188 3   188     3     2    38   171   269  -0.384  -2.121  -8.028                          0.000  0.000  0.000  0.000 
                                             [ MATL   63 ]    139      - G - - -
    ML   189   188 3   191     3     1    35   164   262  -6.702  -0.028  -6.702                         -0.772 -0.720  1.133 -0.702 
     D   190   188 3   191     3     0    30   161   260 -11.656  -1.484  -0.639                         
    IL   191   191 3   191     3     2    37   170   268  -0.384  -2.121  -8.028                          0.000  0.000  0.000  0.000 
                                             [ MATL   64 ]    140      - a - - -
    ML   192   191 3   194     3     1    34   163   261  -6.704  -0.028  -6.704                          0.573  0.066 -0.367 -0.533 
     D   193   191 3   194     3     0    29   160   259 -11.586  -1.569  -0.594                         
    IL   194   194 3   194     3     1    36   169   267  -0.384  -2.121  -8.028                          0.000  0.000  0.000  0.000 
                                             [ MATL   65 ]    141      - U - - -
    ML   195   194 3   197     3     1    34   162   260  -6.704  -0.028  -6.704                         -3.441 -2.431 -3.715  1.866 
     D   196   194 3   197     3     0    29   159   257 -11.569  -1.551  -0.603                         
    IL   197   197 3   197     3     1    35   168   266  -0.384  -2.121  -8.028                          0.000  0.000  0.000  0.000 
                                             [ MATL   66 ]    142      - g - - -
    ML   198   197 3   200     3     1    33   160   259  -6.705  -0.028  -6.705                          0.067 -1.296  0.946 -0.693 
     D   199   197 3   200     3     0    28   158   256 -11.551  -1.585  -0.585                         
    IL   200   200 3   200     3     1    34   167   265  -0.384  -2.121  -8.028                          0.000  0.000  0.000  0.000 
                                             [ MATL   67 ]    143      - a - - -
    ML   201   200 3   203     3     1    32   159   258  -6.705  -0.028  -6.705                          0.760 -1.232  0.220 -0.482 
     D   202   200 3   203     3     0    27   156   255 -11.551  -1.585  -0.585                         
    IL   203   203 3   203     3     1    34   165   264  -0.384  -2.121  -8.028                          0.000  0.000  0.000  0.000 
                                             [ MATL   68 ]    144      - u - - -
    ML   204   203 3   206     3     1    31   158   257  -6.705  -0.028  -6.705                         -1.356  0.508 -1.678  0.906 
     D   205   203 3   206     3     0    26   155   254 -11.551  -1.585  -0.585                         
    IL   206   206 3   206     3     1    33   164   263  -0.384  -2.121  -8.028                          0.000  0.000  0.000  0.000 
                                             [ MATL   69 ]    145      - g - - -
    ML   207   206 3   209     3     1    30   157   256  -6.705  -0.028  -6.705                          0.073  0.088  0.273 -0.564 
     D   208   206 3   209     3     0    25   154   253 -11.551  -1.585  -0.585                         
    IL   209   209 3   209     3     1    32   163   262  -0.384  -2.121  -8.028                          0.000  0.000  0.000  0.000 
                                             [ MATL   70 ]    146      - c - - -
    ML   210   209 3   212     3     1    29   156   255  -6.705  -0.028  -6.705                          0.470  0.762 -1.056 -1.188 
     D   211   209 3   212     3     0    24   153   252 -11.551  -1.585  -0.585                         
    IL   212   212 3   212     3     1    31   162   260  -0.384  -2.121  -8.028                          0.000  0.000  0.000  0.000 
                                             [ MATL   71 ]    147      - G - - -
    ML   213   212 3   215     3     1    28   155   254  -6.705  -0.028  -6.705                         -0.670 -2.907  1.626 -2.718 
     D   214   212 3   215     3     0    23   152   251 -11.551  -1.585  -0.585                         
    IL   215   215 3   215     3     1    30   161   259  -0.384  -2.121  -8.028                          0.000  0.000  0.000  0.000 
                                             [ MATL   72 ]    148      - g - - -
    ML   216   215 3   218     3     1    27   154   252  -6.705  -0.029  -6.639                          0.034  0.042  0.329 -0.534 
     D   217   215 3   218     3     0    22   151   250 -11.551  -1.585  -0.585                         
    IL   218   218 3   218     3     1    29   160   258  -0.384  -2.121  -8.028                          0.000  0.000  0.000  0.000 
                                             [ MATL   73 ]    149      - G - - -
    ML   219   218 3   221     3     1    27   152   251  -6.217  -0.034  -6.704                          0.270 -1.519  1.026 -1.286 
     D   220   218 3   221     3     0    21   150   249 -11.573  -1.542  -0.608                         
    IL   221   221 3   221     3     1    27   153   252  -1.729  -0.521  -9.373                          0.000  0.000  0.000  0.000 
                                             [ MATL   74 ]    151      - A - - -
    ML   222   221 3   224     3     1    26   151   250  -6.705  -0.028  -6.705                          1.330 -2.040 -0.040 -1.890 
     D   223   221 3   224     3     0    21   149   248 -11.551  -1.585  -0.585                         
    IL   224   224 3   224     3     1    27   158   256  -0.384  -2.121  -8.028                          0.000  0.000  0.000  0.000 
                                             [ MATL   75 ]    152      - u - - -
    ML   225   224 3   227     3     1    25   150   249  -6.705  -0.029  -6.633                          0.254  0.182 -1.297  0.340 
     D   226   224 3   227     3     0    20   148   246 -11.551  -1.585  -0.585                         
    IL   227   227 3   227     3     1    27   156   255  -0.384  -2.121  -8.028                          0.000  0.000  0.000  0.000 
                                             [ MATL   76 ]    153      - u - - -
    ML   228   227 3   230     3     1    24   149   248  -6.704  -0.028  -6.704                         -0.333 -0.517 -0.397  0.806 
     D   229   227 3   230     3     0    19   146   245 -11.576  -1.538  -0.610                         
    IL   230   230 3   230     3     1    26   155   254  -0.384  -2.121  -8.028                          0.000  0.000  0.000  0.000 
                                             [ MATL   77 ]    154      - c - - -
    ML   231   230 3   233     3     1    23   148   247  -6.705  -0.028  -6.705                         -0.216  0.903 -0.310 -1.113 
     D   232   230 3   233     3     0    18   145   244 -11.551  -1.585  -0.585                         
    IL   233   233 3   233     3     1    25   154   253  -0.384  -2.121  -8.028                          0.000  0.000  0.000  0.000 
                                             [ MATL   78 ]    155      - g - - -
    ML   234   233 3   236     3     1    22   147   246  -6.705  -0.028  -6.705                         -0.036 -0.154  0.664 -0.886 
     D   235   233 3   236     3     0    17   144   243 -11.551  -1.585  -0.585                         
    IL   236   236 3   236     3     1    24   153   252  -0.384  -2.121  -8.028                          0.000  0.000  0.000  0.000 
                                             [ MATL   79 ]    156      - C - - -
    ML   237   236 3   239     3     1    21   146   245  -6.705  -0.029  -6.631                         -2.717  1.501 -2.958 -0.171 
     D   238   236 3   239     3     0    16   143   242 -11.551  -1.585  -0.585                         
    IL   239   239 3   239     3     1    23   152   251  -0.384  -2.121  -8.028                          0.000  0.000  0.000  0.000 
                                             [ MATL   80 ]    157      - U - - -
    ML   240   239 3   242     3     1    21   145   244  -6.704  -0.028  -6.704                         -3.439 -2.530 -3.652  1.870 
     D   241   239 3   242     3     0    15   142   241 -11.576  -1.537  -0.611                         
    IL   242   242 3   242     3     1    22   151   249  -0.384  -2.121  -8.028                          0.000  0.000  0.000  0.000 
                                             [ MATL   81 ]    158      - g - - -
    ML   243   242 3   245     3     1    20   144   243  -6.705  -0.028  -6.705                         -0.069 -0.108  0.384 -0.297 
     D   244   242 3   245     3     0    14   141   240 -11.551  -1.585  -0.585                         
    IL   245   245 3   245     3     1    21   150   248  -0.384  -2.121  -8.028                          0.000  0.000  0.000  0.000 
                                             [ MATL   82 ]    159      - U - - -
    ML   246   245 3   248     3     1    19   142   241  -6.705  -0.028  -6.705                         -3.622 -3.180 -4.073  1.907 
     D   247   245 3   248     3     0    13   140   239 -11.551  -1.585  -0.585                         
    IL   248   248 3   248     3     1    21   149   247  -0.384  -2.121  -8.028                          0.000  0.000  0.000  0.000 
                                             [ MATL   83 ]    160      - G - - -
    ML   249   248 3   251     3     1    18   141   240  -6.705  -0.028  -6.705                         -2.015 -4.007  1.853 -3.705 
     D   250   248 3   251     3     0    13   138   238 -11.551  -1.585  -0.585                         
    IL   251   251 3   251     3     1    20   147   246  -0.384  -2.121  -8.028                          0.000  0.000  0.000  0.000 
                                             [ MATL   84 ]    161      - c - - -
    ML   252   251 3   254     3     1    17   140   239  -6.705  -0.028  -6.705                         -2.740  0.925 -2.917  0.863 
     D   253   251 3   254     3     0    12   137   236 -11.551  -1.585  -0.585                         
    IL   254   254 3   254     3     1    19   146   245  -0.384  -2.121  -8.028                          0.000  0.000  0.000  0.000 
                                             [ MATL   85 ]    162      - G - - -
    ML   255   254 3   257     3     1    16   139   238  -6.705  -0.028  -6.705                         -1.787 -2.965  1.748 -2.159 
     D   256   254 3   257     3     0    11   136   235 -11.551  -1.585  -0.585                         
    IL   257   257 3   257     3     1    18   145   244  -0.384  -2.121  -8.028                          0.000  0.000  0.000  0.000 
                                             [ MATL   86 ]    163      - A - - -
    ML   258   257 3   260     3     1    16   138   237  -6.705  -0.028  -6.705                          1.558 -1.494 -1.401 -1.639 
     D   259   257 3   260     3     0    10   135   234 -11.551  -1.585  -0.585                         
    IL   260   260 3   260     3     1    17   144   243  -0.384  -2.121  -8.028                          0.000  0.000  0.000  0.000 
                                             [ MATL   87 ]    164      - G - - -
    ML   261   260 3   263     3     1    15   137   236  -6.705  -0.029  -6.625                          0.231 -1.919  1.106 -1.289 
     D   262   260 3   263     3     0     9   134   233 -11.551  -1.585  -0.585                         
    IL   263   263 3   263     3     1    16   143   242  -0.384  -2.121  -8.028                          0.000  0.000  0.000  0.000 
                                             [ MATL   88 ]    165      - u - - -
    ML   264   263 3   266     3     1    14   136   235  -6.704  -0.028  -6.704                         -0.476  0.186 -0.004  0.197 
     D   265   263 3   266     3     0     8   133   232 -11.579  -1.613  -0.572                         
    IL   266   266 3   266     3     1    16   142   241  -0.384  -2.121  -8.028                          0.000  0.000  0.000  0.000 
                                             [ MATL   89 ]    166      - U - - -
    ML   267   266 3   269     3     1    13   134   234  -6.704  -0.028  -6.704                         -3.700 -3.168 -3.863  1.904 
     D   268   266 3   269     3     0     7   132   231 -11.579  -1.613  -0.572                         
    IL   269   269 3   269     3     1    15   141   239  -0.384  -2.121  -8.028                          0.000  0.000  0.000  0.000 
                                             [ MATL   90 ]    167      - g - - -
    ML   270   269 3   272     3     1    12   133   233  -6.704  -0.028  -6.704                         -0.133 -0.132  0.396 -0.218 
     D   271   269 3   272     3     0     6   130   230 -11.579  -1.613  -0.572                         
    IL   272   272 3   272     3     1    14   139   238  -0.384  -2.121  -8.028                          0.000  0.000  0.000  0.000 
                                             [ MATL   91 ]    168      - c - - -
    ML   273   272 3   275     3     1    12   132   231  -6.704  -0.028  -6.704                          0.167  0.918 -0.996 -1.038 
     D   274   272 3   275     3     0     6   129   229 -11.579  -1.613  -0.572                         
    IL   275   275 3   275     3     1    13   138   237  -0.384  -2.121  -8.028                          0.000  0.000  0.000  0.000 
                                             [ MATL   92 ]    169      - G - - -
    ML   276   275 3   278     3     1    11   131   230  -6.704  -0.028  -6.704                          0.043 -1.184  1.136 -1.594 
     D   277   275 3   278     3     0     5   128   227 -11.579  -1.613  -0.572                         
    IL   278   278 3   278     3     1    12   137   236  -0.384  -2.121  -8.028                          0.000  0.000  0.000  0.000 
                                             [ MATL   93 ]    170      - u - - -
    ML   279   278 3   281     3     1    10   130   229  -6.704  -0.028  -6.704                         -0.118 -0.340  0.142  0.244 
     D   280   278 3   281     3     0     4   127   226 -11.579  -1.613  -0.572                         
    IL   281   281 3   281     3     1    12   136   235  -0.384  -2.121  -8.028                          0.000  0.000  0.000  0.000 
                                             [ MATL   94 ]    171      - a - - -
    ML   282   281 3   284     3     1     9   129   228  -6.704  -0.028  -6.704                          0.861 -0.584 -0.681 -0.164 
     D   283   281 3   284     3     0     3   126   225 -11.579  -1.613  -0.572                         
    IL   284   284 3   284     3     1    11   135   234  -0.384  -2.121  -8.028                          0.000  0.000  0.000  0.000 
                                             [ MATL   95 ]    172      - U - - -
    ML   285   284 3   287     3     1     9   128   227  -6.704  -0.028  -6.704                         -1.068 -2.051 -2.462  1.632 
     D   286   284 3   287     3     0     2   125   224 -11.579  -1.613  -0.572                         
    IL   287   287 3   287     3     1    10   134   233  -0.384  -2.121  -8.028                          0.000  0.000  0.000  0.000 
                                             [ MATL   96 ]    173      - c - - -
    ML   288   287 3   290     3     1     8   127   226  -6.704  -0.031  -6.458                         -0.545  0.606 -0.594  0.177 
     D   289   287 3   290     3     0     0   124   223 -11.579  -1.613  -0.572                         
    IL   290   290 3   290     3     1     9   133   232  -0.384  -2.121  -8.028                          0.000  0.000  0.000  0.000 
                                             [ MATL   97 ]    174      - a - - -
    ML   291   290 3   293     3     1     7   125   225  -6.702  -0.028  -6.702                          0.777  0.458 -1.407 -0.899 
     D   292   290 3   293     3     0     0   122   222 -11.664  -1.698  -0.532                         
    IL   293   293 3   293     3     1     9   132   231  -0.384  -2.121  -8.028                          0.000  0.000  0.000  0.000 
                                             [ MATL   98 ]    175      - g - - -
    ML   294   293 3   296     3     1     6   124   224  -6.702  -0.028  -6.702                          0.747 -2.141  0.855 -1.804 
     D   295   293 3   296     3     0     0   121   221 -11.664  -1.698  -0.532                         
    IL   296   296 3   296     3     1     8   130   229  -0.384  -2.121  -8.028                          0.000  0.000  0.000  0.000 
                                             [ MATL   99 ]    176      - a - - -
    ML   297   296 3   299     3     1     6   123   223  -6.702  -0.028  -6.702                          0.571 -0.358  0.128 -0.641 
     D   298   296 3   299     3     0     0   120   220 -11.664  -1.698  -0.532                         
    IL   299   299 3   299     3     1     7   129   228  -0.384  -2.121  -8.028                          0.000  0.000  0.000  0.000 
                                             [ MATL  100 ]    177      - g - - -
    ML   300   299 3   302     3     1     5   122   221  -6.702  -0.028  -6.702                          0.151 -0.042  0.274 -0.496 
     D   301   299 3   302     3     0     0   119   218 -11.664  -1.698  -0.532                         
    IL   302   302 3   302     3     1     6   128   227  -0.384  -2.121  -8.028                          0.000  0.000  0.000  0.000 
                                             [ MATL  101 ]    178      - a - - -
    ML   303   302 3   305     3     1     4   121   220  -6.702  -0.028  -6.702                          0.825 -0.333 -0.442 -0.516 
     D   304   302 3   305     3     0     0   118   217 -11.664  -1.698  -0.532                         
    IL   305   305 3   305     3     1     6   127   226  -0.384  -2.121  -8.028                          0.000  0.000  0.000  0.000 
                                             [ MATL  102 ]    179      - g - - -
    ML   306   305 3   308     3     1     4   120   219  -6.702  -0.028  -6.702                         -0.576  0.198  0.439 -0.275 
     D   307   305 3   308     3     0     0   117   216 -11.664  -1.698  -0.532                         
    IL   308   308 3   308     3     1     5   126   225  -0.384  -2.121  -8.028                          0.000  0.000  0.000  0.000 
                                             [ MATL  103 ]    180      - G - - -
    ML   309   308 3   311     3     1     3   119   218  -6.702  -0.028  -6.702                         -1.050 -0.964  1.393 -1.402 
     D   310   308 3   311     3     0     0   116   215 -11.664  -1.698  -0.532                         
    IL   311   311 3   311     3     1     4   125   224  -0.384  -2.121  -8.028                          0.000  0.000  0.000  0.000 
                                             [ MATL  104 ]    181      - G - - -
    ML   312   311 3   314     3     1     2   117   217  -6.702  -0.037  -6.019                         -0.753 -1.764  1.534 -2.210 
     D   313   311 3   314     3     0     0   115   214 -11.664  -1.698  -0.532                         
    IL   314   314 3   314     3     1     4   124   223  -0.384  -2.121  -8.028                          0.000  0.000  0.000  0.000 
                                             [ MATL  105 ]    182      - a - - -
    ML   315   314 3   317     3     1     2   116   216  -6.693  -0.028  -6.693                          0.295 -0.208 -0.141  0.000 
     D   316   314 3   317     3     0     0   113   213 -11.910  -1.262  -0.779                         
    IL   317   317 3   317     3     1     3   122   222  -0.384  -2.121  -8.028                          0.000  0.000  0.000  0.000 
                                             [ MATL  106 ]    183      - a - - -
    ML   318   317 3   320     3     1     2   115   215  -6.702  -0.028  -6.702                          0.660 -0.229 -0.045 -0.743 
     D   319   317 3   320     3     0     0   112   211 -11.664  -1.698  -0.532                         
    IL   320   320 3   320     3     1     3   121   221  -0.384  -2.121  -8.028                          0.000  0.000  0.000  0.000 
                                             [ MATL  107 ]    184      - A - - -
    ML   321   320 3   323     3     1     1   114   214  -6.702  -0.028  -6.702                          1.141 -1.127 -0.207 -1.085 
     D   322   320 3   323     3     0     0   110   210 -11.664  -1.698  -0.532                         
    IL   323   323 3   323     3     1     2   120   219  -0.384  -2.121  -8.028                          0.000  0.000  0.000  0.000 
                                             [ MATL  108 ]    185      - u - - -
    ML   324   323 3   326     3     1     1   113   213  -6.702  -0.028  -6.702                         -0.370 -0.009 -0.362  0.540 
     D   325   323 3   326     3     0     0   108   208 -11.664  -1.698  -0.532                         
    IL   326   326 3   326     3     1     2   119   218  -0.384  -2.121  -8.028                          0.000  0.000  0.000  0.000 
                                             [ MATL  109 ]    186      - A - - -
    ML   327   326 3   329     3     1     1   112   212  -6.702  -0.028  -6.702                          1.232 -1.021 -0.952 -0.643 
     D   328   326 3   329     3     0     0   105   204 -11.664  -1.698  -0.532                         
    IL   329   329 3   329     3     1     2   118   217  -0.384  -2.121  -8.028                          0.000  0.000  0.000  0.000 
                                             [ MATL  110 ]    187      - c - - -
    ML   330   329 3   332     3     1     1   111   210  -5.041  -0.059  -6.702                         -0.479  0.692 -0.517 -0.046 
     D   331   329 3   332     3     0     0    98   185 -11.664  -1.698  -0.532                         
    IL   332   332 3   332     3     1     3   128   228  -0.265  -2.574 -13.692                          0.000  0.000  0.000  0.000 
                                             [ MATL  111 ]    194      - g - - -
    ML   333   332 3   335     3     1     1   100   175  -6.702  -0.028  -6.702                         -0.287 -0.923  0.901 -0.347 
     D   334   332 3   335     3     0     0    97   172 -11.664  -1.698  -0.532                         
    IL   335   335 3   335     3     1     1   108   185  -0.384  -2.121  -8.028                          0.000  0.000  0.000  0.000 
                                             [ MATL  112 ]    195      - G - - -
    ML   336   335 3   338     3     1     1    99   174  -6.702  -0.028  -6.702                         -1.197 -2.676  1.693 -2.528 
     D   337   335 3   338     3     0     0    95   170 -11.664  -1.698  -0.532                         
    IL   338   338 3   338     3     1     1   107   183  -0.384  -2.121  -8.028                          0.000  0.000  0.000  0.000 
                                             [ MATL  113 ]    196      - A - - -
    ML   339   338 3   341     3     1     1    97   173  -6.702  -0.028  -6.702                          1.239 -1.103 -1.440 -0.311 
     D   340   338 3   341     3     0     0    94   169 -11.664  -1.698  -0.532                         
    IL   341   341 3   341     3     1     1   106   182  -0.384  -2.121  -8.028                          0.000  0.000  0.000  0.000 
                                             [ MATL  114 ]    197      - G - - -
    ML   342   341 3   344     3     1     1    96   171  -6.702  -0.028  -6.702                         -0.984 -1.913  1.542 -1.658 
     D   343   341 3   344     3     0     0    93   168 -11.664  -1.698  -0.532                         
    IL   344   344 3   344     3     1     1   104   180  -0.384  -2.121  -8.028                          0.000  0.000  0.000  0.000 
                                             [ MATL  115 ]    198      - g - - -
    ML   345   344 3   347     3     1     1    95   170  -6.702  -0.028  -6.702                         -0.516 -0.544  0.711 -0.033 
     D   346   344 3   347     3     0     0    91   166 -11.664  -1.698  -0.532                         
    IL   347   347 3   347     3     1     1   103   179  -0.384  -2.121  -8.028                          0.000  0.000  0.000  0.000 
                                             [ MATL  116 ]    199      - U - - -
    ML   348   347 3   350     3     1     1    93   168  -6.702  -0.028  -6.702                         -3.389 -2.607 -3.882  1.877 
     D   349   347 3   350     3     0     0    90   165 -11.664  -1.698  -0.532                         
    IL   350   350 3   350     3     1     1   102   178  -0.384  -2.121  -8.028                          0.000  0.000  0.000  0.000 
                                             [ MATL  117 ]    200      - u - - -
    ML   351   350 3   353     3     1     1    92   167  -6.226  -0.034  -6.702                         -0.962 -0.122 -0.096  0.707 
     D   352   350 3   353     3     0     0    89   164 -11.664  -1.698  -0.532                         
    IL   353   353 3   353     3     1     1    93   167  -1.704  -0.532  -9.348                          0.000  0.000  0.000  0.000 
                                             [ MATL  118 ]    202      - g - - -
    ML   354   353 3   356     3     1     1    91   166  -6.702  -0.034  -6.157                         -0.291 -0.366  0.974 -1.178 
     D   355   353 3   356     3     0     0    88   162 -11.664  -1.698  -0.532                         
    IL   356   356 3   356     3     1     1    99   175  -0.384  -2.121  -8.028                          0.000  0.000  0.000  0.000 
                                             [ MATL  119 ]    203      - c - - -
    ML   357   356 3   359     3     1     1    90   164  -6.039  -0.036  -6.695                         -0.039  0.722 -0.991 -0.194 
     D   358   356 3   359     3     0     0    87   161 -11.854  -1.889  -0.455                         
    IL   359   359 3   359     3     1     1    90   165  -2.066  -0.396  -9.710                          0.000  0.000  0.000  0.000 
                                             [ MATL  120 ]    205      - G - - -
    ML   360   359 3   362     3     1     1    89   163  -6.695  -0.029  -6.644                         -0.592 -1.430  1.127 -0.357 
     D   361   359 3   362     3     0     0    85   160 -11.854  -1.889  -0.455                         
    IL   362   362 3   362     3     1     1    97   173  -0.384  -2.121  -8.028                          0.000  0.000  0.000  0.000 
                                             [ MATL  121 ]    206      - G - - -
    ML   363   362 3   365     3     1     1    87   162  -6.695  -0.028  -6.695                         -1.267 -2.318  1.693 -2.738 
     D   364   362 3   365     3     0     0    84   158 -11.868  -1.358  -0.714                         
    IL   365   365 3   365     3     1     1    96   171  -0.384  -2.121  -8.028                          0.000  0.000  0.000  0.000 
                                             [ MATL  122 ]    207      - C - - -
    ML   366   365 3   368     3     1     1    86   160  -6.701  -0.028  -6.701                         -2.622  1.311 -2.955  0.295 
     D   367   365 3   368     3     0     0    83   157 -11.680  -1.714  -0.525                         
    IL   368   368 3   368     3     1     1    95   170  -0.384  -2.121  -8.028                          0.000  0.000  0.000  0.000 
                                             [ MATL  123 ]    208      - a - - -
    ML   369   368 3   371     3     1     1    85   159  -6.701  -0.028  -6.656                          0.275 -0.136 -0.230  0.039 
     D   370   368 3   371     3     0     0    81   155 -11.680  -1.714  -0.525                         
    IL   371   371 3   371     3     1     1    93   168  -0.384  -2.121  -8.028                          0.000  0.000  0.000  0.000 
                                             [ MATL  124 ]    209      - a - - -
    ML   372   371 3   374     3     1     1    83   157  -6.701  -0.028  -6.701                          0.441 -0.837 -0.326  0.361 
     D   373   371 3   374     3     0     0    80   153 -11.694  -1.728  -0.519                         
    IL   374   374 3   374     3     1     1    92   167  -0.384  -2.121  -8.028                          0.000  0.000  0.000  0.000 
                                             [ MATL  125 ]    210      - u - - -
    ML   375   374 3   377     3     1     1    82   156  -6.701  -0.028  -6.701                         -0.529 -0.327 -0.529  0.861 
     D   376   374 3   377     3     0     0    78   152 -11.694  -1.728  -0.519                         
    IL   377   377 3   377     3     1     1    91   165  -0.384  -2.121  -8.028                          0.000  0.000  0.000  0.000 
                                             [ MATL  126 ]    211      - u - - -
    ML   378   377 3   380     3     1     1    81   154  -6.701  -0.028  -6.701                         -0.753  0.360 -0.412  0.456 
     D   379   377 3   380     3     0     0    77   150 -11.694  -1.728  -0.519                         
    IL   380   380 3   380     3     1     1    89   164  -0.384  -2.121  -8.028                          0.000  0.000  0.000  0.000 
                                             [ MATL  127 ]    212      - u - - -
    ML   381   380 3   383     3     1     1    79   153  -6.701  -0.028  -6.701                         -0.062  0.120 -1.139  0.586 
     D   382   380 3   383     3     0     0    76   149 -11.694  -1.728  -0.519                         
    IL   383   383 3   383     3     1     1    88   163  -0.384  -2.121  -8.028                          0.000  0.000  0.000  0.000 
                                             [ MATL  128 ]    213      - U - - -
    ML   384   383 3   386     3     1     1    78   151  -6.701  -0.028  -6.701                         -2.959 -0.694 -3.105  1.649 
     D   385   383 3   386     3     0     0    74   147 -11.694  -1.728  -0.519                         
    IL   386   386 3   386     3     1     1    87   161  -0.384  -2.121  -8.028                          0.000  0.000  0.000  0.000 
                                             [ MATL  129 ]    214      - g - - -
    ML   387   386 3   389     3     1     1    76   149  -6.701  -0.028  -6.701                          0.270 -0.482  0.578 -0.773 
     D   388   386 3   389     3     0     0    73   145 -11.694  -1.728  -0.519                         
    IL   389   389 3   389     3     1     1    86   160  -0.384  -2.121  -8.028                          0.000  0.000  0.000  0.000 
                                             [ MATL  130 ]    215      - G - - -
    ML   390   389 3   392     3     1     1    75   148  -6.701  -0.028  -6.701                         -1.548 -1.713  1.613 -1.764 
     D   391   389 3   392     3     0     0    71   144 -11.694  -1.728  -0.519                         
    IL   392   392 3   392     3     1     1    84   158  -0.384  -2.121  -8.028                          0.000  0.000  0.000  0.000 
                                             [ MATL  131 ]    216      - C - - -
    ML   393   392 3   395     3     1     1    73   146  -6.701  -0.034  -6.225                         -0.889  1.517 -2.507 -1.244 
     D   394   392 3   395     3     0     0    70   142 -11.694  -1.728  -0.519                         
    IL   395   395 3   395     3     1     1    83   156  -0.384  -2.121  -8.028                          0.000  0.000  0.000  0.000 
                                             [ MATL  132 ]    217      - u - - -
    ML   396   395 3   398     3     1     1    72   144  -6.695  -0.029  -6.651                         -1.140  0.322 -0.868  0.806 
     D   397   395 3   398     3     0     0    68   140 -11.855  -1.889  -0.455                         
    IL   398   398 3   398     3     1     1    82   155  -0.384  -2.121  -8.028                          0.000  0.000  0.000  0.000 
                                             [ MATL  133 ]    218      - U - - -
    ML   399   398 3   401     3     1     1    70   143  -6.695  -0.028  -6.695                         -2.829 -2.423 -2.114  1.783 
     D   400   398 3   401     3     0     0    66   138 -11.867  -1.901  -0.450                         
    IL   401   401 3   401     3     1     1    80   153  -0.384  -2.121  -8.028                          0.000  0.000  0.000  0.000 
                                             [ MATL  134 ]    219      - a - - -
    ML   402   401 3   404     3     1     1    69   141  -6.695  -0.028  -6.695                          0.999 -1.642  0.262 -1.054 
     D   403   401 3   404     3     0     0    65   136 -11.867  -1.901  -0.450                         
    IL   404   404 3   404     3     1     1    79   152  -0.384  -2.121  -8.028                          0.000  0.000  0.000  0.000 
                                             [ MATL  135 ]    220      - C - - -
    ML   405   404 3   407     3     1     1    67   139  -6.695  -0.045  -5.586                         -3.180  1.546 -3.458 -0.187 
     D   406   404 3   407     3     0     0    63   134 -11.867  -1.901  -0.450                         
    IL   407   407 3   407     3     1     1    77   150  -0.384  -2.121  -8.028                          0.000  0.000  0.000  0.000 
                                             [ MATL  136 ]    221      - G - - -
    ML   408   407 3   410     3     1     1    66   137  -6.679  -0.028  -6.679                         -0.518 -2.097  1.453 -1.599 
     D   409   407 3   410     3     0     0    61   132 -12.256  -2.290  -0.330                         
    IL   410   410 3   410     3     1     1    76   149  -0.384  -2.121  -8.028                          0.000  0.000  0.000  0.000 
                                             [ MATL  137 ]    222      - A - - -
    ML   411   410 3   413     3     1     1    64   136  -6.679  -0.028  -6.679                          1.584 -1.482 -1.622 -1.648 
     D   412   410 3   413     3     0     0    59   130 -12.256  -2.290  -0.330                         
    IL   413   413 3   413     3     1     1    75   147  -0.384  -2.121  -8.028                          0.000  0.000  0.000  0.000 
                                             [ MATL  138 ]    223      - A - - -
    ML   414   413 3   416     3     1     1    63   134  -6.679  -0.115  -3.907                          1.065 -0.896 -0.581 -0.511 
     D   415   413 3   416     3     0     0    57   128 -12.256  -1.876  -0.459                         
    IL   416   416 3   416     3     1     1    73   145  -0.384  -2.121  -8.028                          0.000  0.000  0.000  0.000 
                                             [ MATL  139 ]    224      - u - - -
    ML   417   416 3   419     3     1     1    61   132  -6.599  -0.030  -6.599                         -0.773 -0.364  0.206  0.570 
     D   418   416 3   419     3     0     0    53   124 -13.343  -3.377  -0.146                         
    IL   419   419 3   419     3     1     1    72   144  -0.384  -2.121  -8.028                          0.000  0.000  0.000  0.000 
                                             [ MATL  140 ]    225      - C - - -
    ML   420   419 3   422     3     1     1    59   130  -6.599  -0.030  -6.599                         -0.756  1.034 -1.364 -0.042 
     D   421   419 3   422     3     0     0    51   121 -13.343  -3.377  -0.146                         
    IL   422   422 3   422     3     1     1    70   142  -0.384  -2.121  -8.028                          0.000  0.000  0.000  0.000 
                                             [ MATL  141 ]    226      - c - - -
    ML   423   422 3   425     3     1     1    57   127  -6.014  -0.102  -4.252                         -0.177  0.109  0.044  0.008 
     D   424   422 3   425     3     0     0    49   119 -13.343  -3.377  -0.146                         
    IL   425   425 3   425     3     1     1    58   128  -1.928  -0.442  -9.572                          0.000  0.000  0.000  0.000 
                                             [ MATL  142 ]    228      - a - - -
    ML   426   425 3   428     3     1     1    56   127  -6.537  -0.031  -6.537                          0.772 -0.911  0.377 -1.113 
     D   427   425 3   428     3     0     0    46   116 -13.821  -3.856  -0.103                         
    IL   428   428 3   428     3     1     1    68   139  -0.384  -2.121  -8.028                          0.000  0.000  0.000  0.000 
                                             [ MATL  143 ]    229      - a - - -
    ML   429   428 3   431     3     1     1    54   124  -6.537  -0.039  -5.952                          0.997 -1.118 -0.022 -0.840 
     D   430   428 3   431     3     0     0    44   113 -13.821  -3.856  -0.103                         
    IL   431   431 3   431     3     1     1    67   137  -0.384  -2.121  -8.028                          0.000  0.000  0.000  0.000 
                                             [ MATL  144 ]    230      - g - - -
    ML   432   431 3   434     3     1     1    51   121  -3.317  -0.359  -3.059                          0.054 -0.788  0.829 -0.722 
     D   433   431 3   434     3     0     0    41   110 -13.870  -3.905  -0.100                         
    IL   434   434 3   434     3     1     1    53   123  -0.868  -1.145 -14.169                          0.000  0.000  0.000  0.000 
                                             [ MATL  145 ]    234      - a - - -
    ML   435   434 3   437     3     1     1    50   120  -6.362  -0.044  -5.797                          0.491 -0.006  0.054 -0.836 
     D   436   434 3   437     3     0     0    35   104 -14.613  -4.647  -0.059                         
    IL   437   437 3   437     3     1     1    64   134  -0.384  -2.121  -8.028                          0.000  0.000  0.000  0.000 
                                             [ MATL  146 ]    235      - A - - -
    ML   438   437 3   440     3     1     1    46   116  -6.354  -0.039  -6.088                          1.182 -2.283  0.337 -1.934 
     D   439   437 3   440     3     0     0    24    93 -14.640  -4.675  -0.058                         
    IL   440   440 3   440     3     1     1    62   131  -0.384  -2.121  -8.028                          0.000  0.000  0.000  0.000 
                                             [ MATL  147 ]    236      - G - - -
    ML   441   440 3   443     2     1     1     1     1       *   0.000                                 -1.269 -1.947  1.457 -0.785 
     D   442   440 3   443     2     0     0     0     0       *   0.000                                 
    IL   443   443 3   443     2     1     1    13    28  -1.823  -0.479                                  0.000  0.000  0.000  0.000 
                                             [ END   148 ]      -      - - - - -
     E   444   443 3    -1     0     0     0     0     0                                                 
//
HMMER3/f [3.1b3 | July 2016]
NAME  t_pro_srnb_srnc_round5_0001
LENG  147
MAXL  248
ALPH  RNA
RF    no
MM    no
CONS  yes
CS    yes
MAP   no
DATE  Fri Dec 20 05:44:52 2019
COM   [1] cmbuild /home/co78wid/projects/master/results/ta_systems/srnb_srnc/2_structure_analysis/infernal_search/t_pro_srnb_srnc_cmbuild.txt /home/co78wid/projects/master/results/ta_systems/srnb_srnc/1_sequence_analysis/fold/t_pro_srnb_srnc_round5.stk
COM   [2] cmbuild /home/co78wid/projects/master/results/ta_systems/srnb_srnc/2_structure_analysis/infernal_search/t_pro_srnb_srnc_cmbuild.txt /home/co78wid/projects/master/results/ta_systems/srnb_srnc/1_sequence_analysis/fold/t_pro_srnb_srnc_round5.stk
NSEQ  1220
EFFN  8.232803
STATS LOCAL MSV       -9.8281  0.71779
STATS LOCAL VITERBI  -10.9022  0.71779
STATS LOCAL FORWARD   -3.9963  0.71779
HMM          A        C        G        U   
            m->m     m->i     m->d     i->m     i->i     d->m     d->d
  COMPO   1.44464  1.54948  1.33327  1.24411
          1.38629  1.38629  1.38629  1.38629
          0.35933  5.84207  1.20747  0.39730  1.11515  0.00000        *
      1   1.64877  0.56610  2.51905  1.83608      - C - - :
          1.38629  1.38629  1.38629  1.38629
          0.02677  4.32707  4.32707  1.46634  0.26236  3.45335  0.03215
      2   1.41951  1.21440  2.03448  1.10705      - u - - :
          1.38629  1.38629  1.38629  1.38629
          0.04682  3.66857  3.90074  0.18368  1.78498  3.00305  0.05091
      3   1.83439  2.60177  0.42266  2.19962      - G - - :
          1.38629  1.38629  1.38629  1.38629
          0.06453  3.01005  4.32756  1.45783  0.26493  0.67085  0.71595
      4   1.14883  0.95496  1.84495  1.96517      - c - - :
          1.38629  1.38629  1.38629  1.38629
          0.02225  4.50975  4.50975  1.46634  0.26236  2.26415  0.10972
      5   0.95384  1.55100  1.43366  1.80625      - a - - :
          1.38629  1.38629  1.38629  1.38629
          0.02380  4.51750  4.37405  1.46634  0.26236  2.72533  0.06777
      6   0.86729  1.86387  1.41522  1.70393      - a - - :
          1.38629  1.38629  1.38629  1.38629
          0.04522  3.40260  4.51615  1.78381  0.18392  0.94552  0.49180
      7   0.44451  1.92982  2.44786  2.06192      - A - - :
          1.38629  1.38629  1.38629  1.38629
          0.02091  4.57097  4.57097  1.46634  0.26236  2.36930  0.09822
      8   0.44799  2.43671  1.67817  2.44272      - A - - :
          1.38629  1.38629  1.38629  1.38629
          0.02091  4.57097  4.57097  1.46634  0.26236  2.33903  0.10139
      9   0.91074  1.80868  1.33516  1.76734      - a - - :
          1.38629  1.38629  1.38629  1.38629
          0.02091  4.57129  4.57129  1.46634  0.26236  1.84656  0.17171
     10   1.40626  1.57529  1.46891  1.14627      - u - - :
          1.38629  1.38629  1.38629  1.38629
          0.02076  4.57832  4.57832  1.46634  0.26236  2.30032  0.10561
     11   1.18607  0.96618  1.96891  1.74620      - c - - :
          1.38629  1.38629  1.38629  1.38629
          0.02820  4.57832  4.04344  1.46634  0.26236  2.15686  0.12294
     12   1.85272  1.52530  1.32167  1.02458      - u - - :
          1.38629  1.38629  1.38629  1.38629
          0.02088  4.57262  4.57262  1.46634  0.26236  0.90838  0.51613
     13   1.23009  1.71626  0.99422  1.84526      - g - - :
          1.38629  1.38629  1.38629  1.38629
          0.02019  4.60560  4.60560  1.46634  0.26236  1.35414  0.29863
     14   1.90348  1.24253  1.89287  0.88756      - u - - :
          1.38629  1.38629  1.38629  1.38629
          0.02032  4.61437  4.58468  1.46634  0.26236  1.85693  0.16978
     15   1.60336  1.29273  1.21684  1.47799      - g - - :
          1.38629  1.38629  1.38629  1.38629
          0.02002  4.61407  4.61407  1.46634  0.26236  1.68547  0.20501
     16   1.67919  1.28485  1.67763  1.04992      - u - - :
          1.38629  1.38629  1.38629  1.38629
          0.02024  4.61598  4.59044  1.46634  0.26236  1.83123  0.17461
     17   2.98750  2.04387  3.28208  0.24525      - U - - :
          1.38629  1.38629  1.38629  1.38629
          0.01999  4.61572  4.61572  1.46634  0.26236  1.80592  0.17951
     18   1.24740  1.64051  1.41968  1.28346      - a - - :
          1.38629  1.38629  1.38629  1.38629
          0.01998  4.61602  4.61602  1.46634  0.26236  1.77580  0.18554
     19   1.34123  1.61036  1.29742  1.32642      - g - - :
          1.38629  1.38629  1.38629  1.38629
          0.02203  4.61657  4.43077  1.46634  0.26236  1.82152  0.17647
     20   1.94383  1.94233  1.63737  0.65588      - U - - :
          1.38629  1.38629  1.38629  1.38629
          0.02001  4.61455  4.61455  1.46634  0.26236  0.67101  0.71579
     21   1.62206  1.46132  1.01842  1.56345      - g - - :
          1.38629  1.38629  1.38629  1.38629
          0.01957  4.63673  4.63673  1.46634  0.26236  1.19777  0.35935
     22   1.49241  2.37372  0.91444  1.26835      - g - - :
          1.38629  1.38629  1.38629  1.38629
          0.01952  4.63910  4.63910  1.46634  0.26236  1.32957  0.30733
     23   1.93781  1.02544  1.16670  1.68229      - c - - :
          1.38629  1.38629  1.38629  1.38629
          0.02255  4.63935  4.37171  1.46634  0.26236  1.22914  0.34608
     24   1.39977  1.26551  1.40205  1.49095      - c - - :
          1.38629  1.38629  1.38629  1.38629
          0.01955  4.63760  4.63760  1.46634  0.26236  1.39414  0.28508
     25   1.68599  1.23066  1.51701  1.19312      - u - - :
          1.38629  1.38629  1.38629  1.38629
          0.01985  4.63760  4.60816  1.46634  0.26236  1.39414  0.28508
     26   3.40366  2.30347  3.58005  0.17559      - U - - :
          1.38629  1.38629  1.38629  1.38629
          0.04735  3.30861  4.63731  2.01456  0.14315  1.11128  0.39919
     27   1.23204  1.60713  1.03832  1.87216      - g - - :
          1.38629  1.38629  1.38629  1.38629
          0.01949  4.64057  4.64057  1.46634  0.26236  1.31497  0.31263
     28   0.85610  1.84353  1.65207  1.49044      - a - - :
          1.38629  1.38629  1.38629  1.38629
          0.01949  4.64057  4.64057  1.46634  0.26236  1.31497  0.31263
     29   3.16239  2.23316  3.35095  0.20403      - U - - :
          1.38629  1.38629  1.38629  1.38629
          0.04100  4.64057  3.48941  1.46634  0.26236  1.31497  0.31263
     30   1.40558  1.03206  1.67083  1.55869      - c - - :
          1.38629  1.38629  1.38629  1.38629
          0.02219  4.61948  4.41585  1.46634  0.26236  0.62150  0.77033
     31   1.31373  2.86458  0.50239  2.67230      - G - - :
          1.38629  1.38629  1.38629  1.38629
          0.02079  4.63839  4.51911  1.46634  0.26236  1.30469  0.31643
     32   3.15473  1.71516  3.46045  0.29303      - U - - :
          1.38629  1.38629  1.38629  1.38629
          0.03080  3.87996  4.63785  1.12070  0.39460  1.28014  0.32573
     33   1.63564  1.11429  1.50419  1.36717      - c - - :
          1.38629  1.38629  1.38629  1.38629
          0.01953  4.63895  4.63895  1.46634  0.26236  1.06704  0.42163
     34   1.05500  1.74307  1.09367  1.95306      - a - - :
          1.38629  1.38629  1.38629  1.38629
          0.01946  4.64222  4.64222  1.46634  0.26236  1.26781  0.33052
     35   3.67436  2.84322  3.81869  0.11156      - U - - :
          1.38629  1.38629  1.38629  1.38629
          0.01946  4.64222  4.64222  1.46634  0.26236  1.14854  0.38141
     36   1.83686  1.18572  1.26798  1.37137      - c - - :
          1.38629  1.38629  1.38629  1.38629
          0.02055  4.64345  4.53590  1.46634  0.26236  1.23151  0.34510
     37   3.00918  3.21008  3.22701  0.13853      - U - - :
          1.38629  1.38629  1.38629  1.38629
          0.01946  4.64235  4.64235  1.46634  0.26236  1.15656  0.37770
     38   2.82635  3.27105  0.14505  3.27473      - G - - :
          1.38629  1.38629  1.38629  1.38629
          0.01944  4.64345  4.64345  1.46634  0.26236  1.23151  0.34510
     39   2.82724  1.32259  3.04453  0.46719      - U - - :
          1.38629  1.38629  1.38629  1.38629
          0.03821  3.58029  4.64344  1.78320  0.18404  1.23151  0.34510
     40   1.16836  1.93088  1.47476  1.15433      - u - - :
          1.38629  1.38629  1.38629  1.38629
          0.01944  4.64344  4.64344  1.46634  0.26236  1.23151  0.34510
     41   2.83540  1.88913  2.48893  0.34658      - U - - :
          1.38629  1.38629  1.38629  1.38629
          0.01974  4.64345  4.61284  1.46634  0.26236  1.23151  0.34510
     42   1.47088  1.16934  1.48890  1.45207      - c - - :
          1.38629  1.38629  1.38629  1.38629
          0.01944  4.64315  4.64315  1.46634  0.26236  1.14167  0.38461
     43   0.09431  3.78390  3.17979  3.66224      - A - - :
          1.38629  1.38629  1.38629  1.38629
          0.01942  4.64415  4.64415  1.46634  0.26236  1.21002  0.35410
     44   4.03272  0.08070  4.25806  3.08657      - C - - :
          1.38629  1.38629  1.38629  1.38629
          0.01942  4.64415  4.64415  1.46634  0.26236  1.21002  0.35410
     45   1.78249  1.56849  0.75238  1.88269      - g - - :
          1.38629  1.38629  1.38629  1.38629
          0.01942  4.64415  4.64415  1.46634  0.26236  1.21002  0.35410
     46   1.64323  1.65200  0.72049  2.05209      - g - - :
          1.38629  1.38629  1.38629  1.38629
          0.01977  4.64415  4.60905  1.46634  0.26236  1.21002  0.35410
     47   3.37543  1.84804  3.41840  0.25426      - U - - :
          1.38629  1.38629  1.38629  1.38629
          0.01943  4.64380  4.64380  1.46634  0.26236  1.04668  0.43248
     48   1.25204  1.57145  1.35647  1.39124      - a - - :
          1.38629  1.38629  1.38629  1.38629
          0.01939  4.64563  4.64563  1.46634  0.26236  1.10632  0.40163
     49   1.43115  1.31122  1.92432  1.06276      - u - - :
          1.38629  1.38629  1.38629  1.38629
          0.01938  4.64619  4.64619  1.46634  0.26236  1.14456  0.38326
     50   3.77710  3.25786  3.75755  0.08850      - U - - :
          1.38629  1.38629  1.38629  1.38629
          0.01938  4.64619  4.64619  1.46634  0.26236  1.14456  0.38326
     51   1.35891  2.11302  0.71448  2.01936      - g - - :
          1.38629  1.38629  1.38629  1.38629
          0.01938  4.64619  4.64619  1.46634  0.26236  1.14456  0.38326
     52   1.43980  2.08608  1.04088  1.25279      - g - - :
          1.38629  1.38629  1.38629  1.38629
          0.01938  4.64619  4.64619  1.46634  0.26236  1.14456  0.38326
     53   2.33211  1.87238  1.23074  0.78291      - u - - :
          1.38629  1.38629  1.38629  1.38629
          0.01938  4.64619  4.64619  1.46634  0.26236  1.14456  0.38326
     54   1.11049  1.83940  1.38968  1.33737      - a - - :
          1.38629  1.38629  1.38629  1.38629
          0.01938  4.64619  4.64619  1.46634  0.26236  1.14456  0.38326
     55   1.54895  2.10456  1.73251  0.71582      - u - - :
          1.38629  1.38629  1.38629  1.38629
          0.01938  4.64619  4.64619  1.46634  0.26236  1.14456  0.38326
     56   2.80889  1.62809  2.48547  0.41531      - U - - :
          1.38629  1.38629  1.38629  1.38629
          0.02009  4.64619  4.57692  1.46634  0.26236  1.14456  0.38326
     57   1.88610  1.14918  1.50203  1.17518      - c - - :
          1.38629  1.38629  1.38629  1.38629
          0.01940  4.64550  4.64550  1.46634  0.26236  1.00021  0.45856
     58   0.79009  2.22328  1.34114  1.73502      - a - - :
          1.38629  1.38629  1.38629  1.38629
          0.01936  4.64724  4.64724  1.46634  0.26236  1.07830  0.41578
     59   3.33017  0.47666  3.36597  1.17497      - C - - :
          1.38629  1.38629  1.38629  1.38629
          0.02087  4.64754  4.50409  1.46634  0.26236  1.09861  0.40547
     60   1.18457  1.18744  1.50512  1.78899      - a - - :
          1.38629  1.38629  1.38629  1.38629
          0.01939  4.64606  4.64606  1.46634  0.26236  1.14875  0.38131
     61   2.58140  1.03301  2.52991  0.71594      - u - - :
          1.38629  1.38629  1.38629  1.38629
          0.01974  4.64606  4.61061  1.46634  0.26236  1.14875  0.38131
     62   2.00302  2.07973  1.08737  0.90881      - u - - :
          1.38629  1.38629  1.38629  1.38629
          0.01975  4.64571  4.60962  1.46634  0.26236  1.16013  0.37607
     63   1.92121  1.88559  0.60120  1.87289      - G - - :
          1.38629  1.38629  1.38629  1.38629
          0.01940  4.64536  4.64536  1.46634  0.26236  1.02813  0.44266
     64   0.98945  1.34084  1.64096  1.75562      - a - - :
          1.38629  1.38629  1.38629  1.38629
          0.01937  4.64684  4.64684  1.46634  0.26236  1.08715  0.41124
     65   3.77108  3.07130  3.96155  0.09258      - U - - :
          1.38629  1.38629  1.38629  1.38629
          0.01936  4.64719  4.64719  1.46634  0.26236  1.07469  0.41764
     66   1.33966  2.28484  0.73059  1.86659      - g - - :
          1.38629  1.38629  1.38629  1.38629
          0.01936  4.64754  4.64754  1.46634  0.26236  1.09861  0.40547
     67   0.85931  2.24033  1.23384  1.72065      - a - - :
          1.38629  1.38629  1.38629  1.38629
          0.01936  4.64754  4.64754  1.46634  0.26236  1.09861  0.40547
     68   2.32629  1.03392  2.54906  0.75806      - u - - :
          1.38629  1.38629  1.38629  1.38629
          0.01936  4.64754  4.64754  1.46634  0.26236  1.09861  0.40547
     69   1.33556  1.32499  1.19691  1.77751      - g - - :
          1.38629  1.38629  1.38629  1.38629
          0.01936  4.64754  4.64754  1.46634  0.26236  1.09861  0.40547
     70   1.06057  0.85840  2.11860  2.20998      - c - - :
          1.38629  1.38629  1.38629  1.38629
          0.01936  4.64754  4.64754  1.46634  0.26236  1.09861  0.40547
     71   1.85074  3.40146  0.25936  3.26995      - G - - :
          1.38629  1.38629  1.38629  1.38629
          0.01936  4.64754  4.64754  1.46634  0.26236  1.09861  0.40547
     72   1.36297  1.35745  1.15811  1.75617      - g - - :
          1.38629  1.38629  1.38629  1.38629
          0.01981  4.64754  4.60202  1.46634  0.26236  1.09861  0.40547
     73   1.19944  2.43947  0.67542  2.27799      - G - - :
          1.38629  1.38629  1.38629  1.38629
          0.02331  4.30905  4.64709  0.35957  1.19725  1.06849  0.42087
     74   0.46428  2.80024  1.41396  2.69658      - A - - :
          1.38629  1.38629  1.38629  1.38629
          0.01936  4.64754  4.64754  1.46634  0.26236  1.09861  0.40547
     75   1.21008  1.25989  2.28556  1.15067      - u - - :
          1.38629  1.38629  1.38629  1.38629
          0.01986  4.64754  4.59776  1.46634  0.26236  1.09861  0.40547
     76   1.61699  1.74497  1.66166  0.82775      - u - - :
          1.38629  1.38629  1.38629  1.38629
          0.01937  4.64705  4.64705  1.46634  0.26236  1.06570  0.42234
     77   1.53624  0.76015  1.60138  2.15765      - c - - :
          1.38629  1.38629  1.38629  1.38629
          0.01936  4.64754  4.64754  1.46634  0.26236  1.09861  0.40547
     78   1.41111  1.49302  0.92592  2.00050      - g - - :
          1.38629  1.38629  1.38629  1.38629
          0.01936  4.64754  4.64754  1.46634  0.26236  1.09861  0.40547
     79   3.26938  0.34557  3.43678  1.50515      - C - - :
          1.38629  1.38629  1.38629  1.38629
          0.01987  4.64754  4.59625  1.46634  0.26236  1.09861  0.40547
     80   3.76972  3.13976  3.91790  0.09018      - U - - :
          1.38629  1.38629  1.38629  1.38629
          0.01937  4.64704  4.64704  1.46634  0.26236  1.06471  0.42286
     81   1.43443  1.46094  1.12000  1.59233      - g - - :
          1.38629  1.38629  1.38629  1.38629
          0.01936  4.64754  4.64754  1.46634  0.26236  1.09861  0.40547
     82   3.89676  3.59072  4.20960  0.06479      - U - - :
          1.38629  1.38629  1.38629  1.38629
          0.01936  4.64754  4.64754  1.46634  0.26236  1.09861  0.40547
     83   2.78288  4.16342  0.10157  3.95440      - G - - :
          1.38629  1.38629  1.38629  1.38629
          0.01936  4.64754  4.64754  1.46634  0.26236  1.09861  0.40547
     84   3.28551  0.74506  3.40799  0.78797      - c - - :
          1.38629  1.38629  1.38629  1.38629
          0.01936  4.64754  4.64754  1.46634  0.26236  1.09861  0.40547
     85   2.62495  3.44134  0.17488  2.88283      - G - - :
          1.38629  1.38629  1.38629  1.38629
          0.01936  4.64754  4.64754  1.46634  0.26236  1.09861  0.40547
     86   0.30615  2.42174  2.35734  2.52216      - A - - :
          1.38629  1.38629  1.38629  1.38629
          0.01936  4.64754  4.64754  1.46634  0.26236  1.09861  0.40547
     87   1.22637  2.71637  0.61951  2.27963      - G - - :
          1.38629  1.38629  1.38629  1.38629
          0.01992  4.64754  4.59183  1.46634  0.26236  1.09861  0.40547
     88   1.71618  1.25753  1.38935  1.24947      - u - - :
          1.38629  1.38629  1.38629  1.38629
          0.01937  4.64699  4.64699  1.46634  0.26236  1.11753  0.39614
     89   3.95123  3.58249  4.06404  0.06637      - U - - :
          1.38629  1.38629  1.38629  1.38629
          0.01937  4.64699  4.64699  1.46634  0.26236  1.11753  0.39614
     90   1.47852  1.47793  1.11161  1.53763      - g - - :
          1.38629  1.38629  1.38629  1.38629
          0.01937  4.64699  4.64699  1.46634  0.26236  1.11753  0.39614
     91   1.27082  0.75015  2.07654  2.10586      - c - - :
          1.38629  1.38629  1.38629  1.38629
          0.01937  4.64699  4.64699  1.46634  0.26236  1.11753  0.39614
     92   1.35653  2.20665  0.59859  2.49141      - G - - :
          1.38629  1.38629  1.38629  1.38629
          0.01937  4.64699  4.64699  1.46634  0.26236  1.11753  0.39614
     93   1.46783  1.62177  1.28768  1.21699      - u - - :
          1.38629  1.38629  1.38629  1.38629
          0.01937  4.64699  4.64699  1.46634  0.26236  1.11753  0.39614
     94   0.78923  1.79085  1.85859  1.50016      - a - - :
          1.38629  1.38629  1.38629  1.38629
          0.01937  4.64699  4.64699  1.46634  0.26236  1.11753  0.39614
     95   2.12666  2.80812  3.09258  0.25481      - U - - :
          1.38629  1.38629  1.38629  1.38629
          0.01937  4.64699  4.64699  1.46634  0.26236  1.11753  0.39614
     96   1.76426  0.96636  1.79781  1.26386      - c - - :
          1.38629  1.38629  1.38629  1.38629
          0.02119  4.64699  4.47642  1.46634  0.26236  1.11753  0.39614
     97   0.84799  1.06897  2.36168  2.00919      - a - - :
          1.38629  1.38629  1.38629  1.38629
          0.01940  4.64521  4.64521  1.46634  0.26236  1.17658  0.36865
     98   0.86853  2.87065  0.79364  2.63702      - g - - :
          1.38629  1.38629  1.38629  1.38629
          0.01940  4.64521  4.64521  1.46634  0.26236  1.17658  0.36865
     99   0.99067  1.63410  1.29755  1.83043      - a - - :
          1.38629  1.38629  1.38629  1.38629
          0.01940  4.64521  4.64521  1.46634  0.26236  1.17658  0.36865
    100   1.28139  1.41574  1.19612  1.73026      - g - - :
          1.38629  1.38629  1.38629  1.38629
          0.01940  4.64521  4.64521  1.46634  0.26236  1.17658  0.36865
    101   0.81475  1.61738  1.69278  1.74398      - a - - :
          1.38629  1.38629  1.38629  1.38629
          0.01940  4.64521  4.64521  1.46634  0.26236  1.17658  0.36865
    102   1.78580  1.24920  1.08181  1.57686      - g - - :
          1.38629  1.38629  1.38629  1.38629
          0.01940  4.64521  4.64521  1.46634  0.26236  1.17658  0.36865
    103   2.11394  2.05422  0.42087  2.35840      - G - - :
          1.38629  1.38629  1.38629  1.38629
          0.01940  4.64521  4.64521  1.46634  0.26236  1.17658  0.36865
    104   1.90845  2.60883  0.32292  2.91803      - G - - :
          1.38629  1.38629  1.38629  1.38629
          0.02534  4.64521  4.17229  1.46634  0.26236  1.17658  0.36865
    105   1.18174  1.53056  1.48373  1.38609      - a - - :
          1.38629  1.38629  1.38629  1.38629
          0.01952  4.63938  4.63938  1.46634  0.26236  0.87463  0.53960
    106   0.92898  1.54506  1.41725  1.90136      - a - - :
          1.38629  1.38629  1.38629  1.38629
          0.01940  4.64521  4.64521  1.46634  0.26236  1.17658  0.36865
    107   0.59566  2.16757  1.53000  2.13866      - A - - :
          1.38629  1.38629  1.38629  1.38629
          0.01940  4.64521  4.64521  1.46634  0.26236  1.17658  0.36865
    108   1.64252  1.39235  1.63721  1.01199      - u - - :
          1.38629  1.38629  1.38629  1.38629
          0.01940  4.64521  4.64521  1.46634  0.26236  1.17658  0.36865
    109   0.53200  2.09378  2.04612  1.83185      - A - - :
          1.38629  1.38629  1.38629  1.38629
          0.01940  4.64521  4.64521  1.46634  0.26236  1.17658  0.36865
    110   1.71831  0.90681  1.74498  1.41810      - c - - :
          1.38629  1.38629  1.38629  1.38629
          0.04081  3.49405  4.64521  1.78423  0.18383  1.17658  0.36865
    111   1.58529  2.02637  0.76193  1.62693      - g - - :
          1.38629  1.38629  1.38629  1.38629
          0.01940  4.64521  4.64521  1.46634  0.26236  1.17658  0.36865
    112   2.21582  3.24129  0.21261  3.13834      - G - - :
          1.38629  1.38629  1.38629  1.38629
          0.01940  4.64521  4.64521  1.46634  0.26236  1.17658  0.36865
    113   0.52762  2.15066  2.38449  1.60221      - A - - :
          1.38629  1.38629  1.38629  1.38629
          0.01940  4.64521  4.64521  1.46634  0.26236  1.17658  0.36865
    114   2.06810  2.71203  0.31752  2.53552      - G - - :
          1.38629  1.38629  1.38629  1.38629
          0.01940  4.64521  4.64521  1.46634  0.26236  1.17658  0.36865
    115   1.74388  1.76350  0.89316  1.40913      - g - - :
          1.38629  1.38629  1.38629  1.38629
          0.01940  4.64521  4.64521  1.46634  0.26236  1.17658  0.36865
    116   3.73560  3.19310  4.07726  0.08540      - U - - :
          1.38629  1.38629  1.38629  1.38629
          0.01940  4.64521  4.64521  1.46634  0.26236  1.17658  0.36865
    117   2.05312  1.47087  1.45299  0.89631      - u - - :
          1.38629  1.38629  1.38629  1.38629
          0.02324  4.31535  4.64521  0.36720  1.17984  1.17658  0.36865
    118   1.58799  1.64012  0.71093  2.20253      - g - - :
          1.38629  1.38629  1.38629  1.38629
          0.02390  4.64521  4.26787  1.46634  0.26236  1.17658  0.36865
    119   1.41335  0.88578  2.07321  1.52096      - c - - :
          1.38629  1.38629  1.38629  1.38629
          0.02518  4.18566  4.64079  0.27329  1.43077  1.30878  0.31491
    120   1.79641  2.37730  0.60498  1.63362      - G - - :
          1.38629  1.38629  1.38629  1.38629
          0.01985  4.64079  4.60503  1.46634  0.26236  1.30878  0.31491
    121   2.26441  2.99305  0.21257  3.28416      - G - - :
          1.38629  1.38629  1.38629  1.38629
          0.01950  4.64044  4.64044  1.46634  0.26236  0.94124  0.49453
    122   3.20370  0.47736  3.43441  1.18180      - C - - :
          1.38629  1.38629  1.38629  1.38629
          0.01941  4.64486  4.64486  1.46634  0.26236  1.18775  0.36371
    123   1.19563  1.48080  1.54601  1.35894      - a - - :
          1.38629  1.38629  1.38629  1.38629
          0.01972  4.64486  4.61365  1.46634  0.26236  1.18775  0.36371
    124   1.08028  1.96645  1.61213  1.13605      - a - - :
          1.38629  1.38629  1.38629  1.38629
          0.01941  4.64455  4.64455  1.46634  0.26236  1.19737  0.35952
    125   1.75271  1.61281  1.75265  0.78954      - u - - :
          1.38629  1.38629  1.38629  1.38629
          0.01942  4.64455  4.64455  1.46634  0.26236  1.19737  0.35952
    126   1.90835  1.13654  1.67216  1.07030      - u - - :
          1.38629  1.38629  1.38629  1.38629
          0.01941  4.64455  4.64455  1.46634  0.26236  1.19737  0.35952
    127   1.42950  1.30283  2.17546  0.98016      - u - - :
          1.38629  1.38629  1.38629  1.38629
          0.01941  4.64455  4.64455  1.46634  0.26236  1.19737  0.35952
    128   3.43700  1.86744  3.53838  0.24301      - U - - :
          1.38629  1.38629  1.38629  1.38629
          0.01941  4.64455  4.64455  1.46634  0.26236  1.19737  0.35952
    129   1.19880  1.72022  0.98592  1.92195      - g - - :
          1.38629  1.38629  1.38629  1.38629
          0.01941  4.64455  4.64455  1.46634  0.26236  1.19737  0.35952
    130   2.45946  2.57356  0.26831  2.60933      - G - - :
          1.38629  1.38629  1.38629  1.38629
          0.01941  4.64455  4.64455  1.46634  0.26236  1.19737  0.35952
    131   2.00238  0.33479  3.12408  2.24886      - C - - :
          1.38629  1.38629  1.38629  1.38629
          0.02325  4.64455  4.31469  1.46634  0.26236  1.19737  0.35952
    132   2.17678  1.16335  1.98801  0.82739      - u - - :
          1.38629  1.38629  1.38629  1.38629
          0.01980  4.64079  4.61013  1.46634  0.26236  1.30892  0.31487
    133   3.34741  3.06592  2.85140  0.15030      - U - - :
          1.38629  1.38629  1.38629  1.38629
          0.01949  4.64049  4.64049  1.46634  0.26236  1.31729  0.31178
    134   0.69372  2.52464  1.20457  2.11711      - a - - :
          1.38629  1.38629  1.38629  1.38629
          0.01949  4.64049  4.64049  1.46634  0.26236  1.31729  0.31178
    135   3.59046  0.31473  3.78336  1.51558      - C - - :
          1.38629  1.38629  1.38629  1.38629
          0.03095  4.64049  3.87169  1.46634  0.26236  1.31729  0.31178
    136   1.74510  2.83990  0.37918  2.49472      - G - - :
          1.38629  1.38629  1.38629  1.38629
          0.01972  4.62925  4.62925  1.46634  0.26236  1.58729  0.22876
    137   0.28834  2.41363  2.51036  2.52864      - A - - :
          1.38629  1.38629  1.38629  1.38629
          0.01972  4.62925  4.62925  1.46634  0.26236  1.58729  0.22876
    138   0.64805  2.00737  1.78916  1.74017      - A - - :
          1.38629  1.38629  1.38629  1.38629
          0.07952  4.62925  2.70787  1.46634  0.26236  1.30032  0.31806
    139   1.92221  1.63865  1.24343  0.99133      - u - - :
          1.38629  1.38629  1.38629  1.38629
          0.02085  4.57409  4.57409  1.46634  0.26236  2.34070  0.10121
    140   1.91052  0.66950  2.33177  1.41506      - C - - :
          1.38629  1.38629  1.38629  1.38629
          0.02085  4.57409  4.57409  1.46634  0.26236  2.34070  0.10121
    141   1.50871  1.31051  1.35565  1.38095      - c - - :
          1.38629  1.38629  1.38629  1.38629
          0.07037  4.16860  2.94738  0.30536  1.33505  2.34070  0.10121
    142   0.85136  2.01791  1.12494  2.15795      - a - - :
          1.38629  1.38629  1.38629  1.38629
          0.02177  4.53101  4.53101  1.46634  0.26236  2.67247  0.07158
    143   0.69535  2.16139  1.40147  1.96825      - a - - :
          1.38629  1.38629  1.38629  1.38629
          0.02729  4.53101  4.12552  1.46634  0.26236  2.67247  0.07158
    144   1.34878  1.93272  0.81158  1.88694      - g - - :
          1.38629  1.38629  1.38629  1.38629
          0.24892  2.29911  2.12016  0.79363  0.60185  2.70643  0.06911
    145   1.04583  1.39060  1.34856  1.96569      - a - - :
          1.38629  1.38629  1.38629  1.38629
          0.03060  4.40999  4.01826  1.46634  0.26236  3.22124  0.04072
    146   0.56680  2.96846  1.15245  2.72698      - A - - :
          1.38629  1.38629  1.38629  1.38629
          0.02730  4.40415  4.21961  1.46634  0.26236  3.24019  0.03994
    147   2.26621  2.73580  0.37630  1.93060      - G - - :
          1.38629  1.38629  1.38629  1.38629
                *  0.00000        *  0.45905  0.99935  0.00000        *
//
