INFERNAL1/a [1.1.2 | July 2016]
NAME     t_nt_hok_sok_tadb_sr2_round2_0001
STATES   433
NODES    145
CLEN     143
W        259
ALPH     RNA
RF       no
CONS     yes
MAP      yes
DATE     Fri Mar  6 23:02:34 2020
COM      [1] cmbuild /home/co78wid/projects/master/results/ta_systems/hok_sok_tadb/hok_sok_tadb_sr2/2_structure_analysis/infernal_search/t_nt_hok_sok_tadb_sr2_cmbuild.txt /home/co78wid/projects/master/results/ta_systems/hok_sok_tadb/hok_sok_tadb_sr2/1_sequence_analysis/fold/t_nt_hok_sok_tadb_sr2_round2.stk
COM      [2] cmcalibrate --cpu 25 /home/co78wid/projects/master/results/ta_systems/hok_sok_tadb/hok_sok_tadb_sr2/2_structure_analysis/infernal_search/t_nt_hok_sok_tadb_sr2_cmbuild.txt
PBEGIN   0.05
PEND     0.05
WBETA    1e-07
QDBBETA1 1e-07
QDBBETA2 1e-15
N2OMEGA  1.52588e-05
N3OMEGA  1.52588e-05
ELSELF   -0.08926734
NSEQ     122
EFFN     1.828064
CKSUM    3834268732
NULL     0.000  0.000  0.000  0.000 
EFP7GF   -4.6790 0.71786
ECMLC    0.80394   -10.48111    -2.85517     1600000      551769  0.002175
ECMGC    0.37360   -23.09488   -12.14437     1600000       23922  0.016721
ECMLI    0.51820    -9.51630     0.48798     1600000      214119  0.005604
ECMGI    0.49906    -5.84376     2.04599     1600000       20515  0.019498
CM
                                             [ ROOT    0 ]      -      - - - - -
     S     0    -1 0     1     4     1     1   259   390  -6.906  -7.113  -0.413  -2.100                 
    IL     1     1 2     1     4    10    55   261   392  -1.686  -2.369  -1.117  -4.855                  0.000  0.000  0.000  0.000 
    IR     2     2 3     2     3     9    54   261   392  -1.442  -0.798  -4.142                          0.000  0.000  0.000  0.000 
                                             [ MATL    1 ]      1      - G - - -
    ML     3     2 3     5     3     9    54   259   390  -5.046  -0.090  -5.046                         -0.914 -1.350  1.377 -1.057 
     D     4     2 3     5     3     5    49   256   387 -13.321  -3.149  -0.173                         
    IL     5     5 3     5     3    11    56   264   395  -0.384  -2.121  -8.028                          0.000  0.000  0.000  0.000 
                                             [ MATL    2 ]      2      - G - - -
    ML     6     5 3     8     3     9    53   258   389  -5.053  -0.090  -5.053                         -0.924 -1.363  1.383 -1.071 
     D     7     5 3     8     3     5    48   255   386 -13.299  -0.815  -1.212                         
    IL     8     8 3     8     3    11    55   263   394  -0.384  -2.121  -8.028                          0.000  0.000  0.000  0.000 
                                             [ MATL    3 ]      3      - U - - -
    ML     9     8 3    11     3     9    52   257   388  -5.245  -0.078  -5.245                         -1.099 -0.866 -1.219  1.353 
     D    10     8 3    11     3     4    46   252   383 -12.386  -2.420  -0.299                         
    IL    11    11 3    11     3    10    55   262   393  -0.384  -2.121  -8.028                          0.000  0.000  0.000  0.000 
                                             [ MATL    4 ]      4      - A - - -
    ML    12    11 3    14     3     8    52   256   387  -5.245  -0.078  -5.245                          1.459 -1.451 -1.167 -1.185 
     D    13    11 3    14     3     4    46   251   382 -12.386  -2.420  -0.299                         
    IL    14    14 3    14     3    10    54   260   392  -0.384  -2.121  -8.028                          0.000  0.000  0.000  0.000 
                                             [ MATL    5 ]      5      - A - - -
    ML    15    14 3    17     3     8    51   255   386  -5.245  -0.078  -5.245                          1.459 -1.451 -1.167 -1.185 
     D    16    14 3    17     3     3    45   250   381 -12.386  -2.420  -0.299                         
    IL    17    17 3    17     3    10    53   259   390  -0.384  -2.121  -8.028                          0.000  0.000  0.000  0.000 
                                             [ MATL    6 ]      6      - G - - -
    ML    18    17 3    20     3     8    51   253   385  -5.245  -0.078  -5.245                         -0.796 -1.531  1.405 -1.218 
     D    19    17 3    20     3     3    44   249   380 -12.386  -2.420  -0.299                         
    IL    20    20 3    20     3     9    53   258   389  -0.384  -2.121  -8.028                          0.000  0.000  0.000  0.000 
                                             [ MATL    7 ]      7      - a - - -
    ML    21    20 3    23     3     7    50   252   384  -5.245  -0.078  -5.245                          0.982 -0.480 -0.710 -0.521 
     D    22    20 3    23     3     3    44   248   379 -12.386  -2.420  -0.299                         
    IL    23    23 3    23     3     9    52   257   388  -0.384  -2.121  -8.028                          0.000  0.000  0.000  0.000 
                                             [ MATL    8 ]      8      - G - - -
    ML    24    23 3    26     3     7    50   251   382  -5.245  -0.078  -5.245                         -1.065 -1.449  1.452 -1.249 
     D    25    23 3    26     3     3    43   246   378 -12.386  -2.420  -0.299                         
    IL    26    26 3    26     3     9    52   256   387  -0.384  -2.121  -8.028                          0.000  0.000  0.000  0.000 
                                             [ MATL    9 ]      9      - G - - -
    ML    27    26 3    29     3     7    49   250   381  -5.245  -0.078  -5.245                         -0.920 -1.327  1.329 -0.834 
     D    28    26 3    29     3     2    43   245   377 -12.386  -2.420  -0.299                         
    IL    29    29 3    29     3     9    51   255   386  -0.384  -2.121  -8.028                          0.000  0.000  0.000  0.000 
                                             [ MATL   10 ]     10      - C - - -
    ML    30    29 3    32     3     7    48   249   380  -5.245  -0.078  -5.245                         -1.222  1.355 -1.301 -0.721 
     D    31    29 3    32     3     2    42   244   376 -12.386  -2.420  -0.299                         
    IL    32    32 3    32     3     8    51   253   385  -0.384  -2.121  -8.028                          0.000  0.000  0.000  0.000 
                                             [ MATL   11 ]     11      - u - - -
    ML    33    32 3    35     3     6    48   248   379  -5.245  -0.078  -5.245                         -0.755  0.272 -0.895  0.733 
     D    34    32 3    35     3     2    42   243   374 -12.386  -2.420  -0.299                         
    IL    35    35 3    35     3     8    50   252   384  -0.384  -2.121  -8.028                          0.000  0.000  0.000  0.000 
                                             [ MATL   12 ]     12      - A - - -
    ML    36    35 3    38     3     6    47   246   378  -5.245  -0.078  -5.245                          1.459 -1.451 -1.167 -1.185 
     D    37    35 3    38     3     2    41   242   373 -12.386  -2.420  -0.299                         
    IL    38    38 3    38     3     8    49   251   382  -0.384  -2.121  -8.028                          0.000  0.000  0.000  0.000 
                                             [ MATL   13 ]     13      - U - - -
    ML    39    38 3    41     3     6    47   245   377  -5.245  -0.078  -5.245                         -0.506 -0.602 -0.857  1.060 
     D    40    38 3    41     3     1    40   241   372 -12.386  -2.209  -0.352                         
    IL    41    41 3    41     3     7    49   250   381  -0.384  -2.121  -8.028                          0.000  0.000  0.000  0.000 
                                             [ MATL   14 ]     14      - c - - -
    ML    42    41 3    44     3     5    46   244   376  -5.251  -0.078  -5.251                          0.159  0.179 -0.580  0.114 
     D    43    41 3    44     3     1    40   240   371 -12.343  -2.377  -0.309                         
    IL    44    44 3    44     3     7    48   249   380  -0.384  -2.121  -8.028                          0.000  0.000  0.000  0.000 
                                             [ MATL   15 ]     15      - C - - -
    ML    45    44 3    47     3     5    45   243   374  -5.251  -0.078  -5.251                         -1.284  1.394 -1.431 -0.762 
     D    46    44 3    47     3     1    39   238   370 -12.343  -2.377  -0.309                         
    IL    47    47 3    47     3     7    47   248   379  -0.384  -2.121  -8.028                          0.000  0.000  0.000  0.000 
                                             [ MATL   16 ]     16      - U - - -
    ML    48    47 3    50     3     5    45   242   373  -5.251  -0.078  -5.251                         -1.001 -0.841 -1.173  1.321 
     D    49    47 3    50     3     1    39   237   369 -12.343  -2.377  -0.309                         
    IL    50    50 3    50     3     7    47   247   378  -0.384  -2.121  -8.028                          0.000  0.000  0.000  0.000 
                                             [ MATL   17 ]     17      - G - - -
    ML    51    50 3    53     3     5    44   241   372  -5.251  -0.078  -5.251                         -0.858 -1.571  1.430 -1.261 
     D    52    50 3    53     3     1    38   236   368 -12.343  -2.377  -0.309                         
    IL    53    53 3    53     3     6    46   245   377  -0.384  -2.121  -8.028                          0.000  0.000  0.000  0.000 
                                             [ MATL   18 ]     18      - g - - -
    ML    54    53 3    56     3     4    44   239   371  -5.251  -0.078  -5.251                          0.298 -0.693  0.302 -0.120 
     D    55    53 3    56     3     0    38   235   366 -12.343  -2.377  -0.309                         
    IL    56    56 3    56     3     6    46   244   376  -0.384  -2.121  -8.028                          0.000  0.000  0.000  0.000 
                                             [ MATL   19 ]     19      - u - - -
    ML    57    56 3    59     3     4    43   238   370  -5.251  -0.078  -5.251                         -0.318 -0.288 -0.715  0.823 
     D    58    56 3    59     3     0    37   234   365 -12.343  -2.377  -0.309                         
    IL    59    59 3    59     3     6    45   243   374  -0.384  -2.121  -8.028                          0.000  0.000  0.000  0.000 
                                             [ MATL   20 ]     20      - G - - -
    ML    60    59 3    62     3     4    42   237   369  -5.251  -0.078  -5.251                         -0.789 -1.123  1.167 -0.480 
     D    61    59 3    62     3     0    36   233   364 -12.343  -2.377  -0.309                         
    IL    62    62 3    62     3     5    44   242   373  -0.384  -2.121  -8.028                          0.000  0.000  0.000  0.000 
                                             [ MATL   21 ]     21      - u - - -
    ML    63    62 3    65     3     4    42   236   368  -5.251  -0.078  -5.251                         -0.599 -0.626 -0.117  0.824 
     D    64    62 3    65     3     0    36   232   363 -12.343  -2.377  -0.309                         
    IL    65    65 3    65     3     5    44   241   372  -0.384  -2.121  -8.028                          0.000  0.000  0.000  0.000 
                                             [ MATL   22 ]     22      - u - - -
    ML    66    65 3    68     3     4    41   235   366  -5.251  -0.078  -5.251                         -0.648 -0.688 -0.176  0.892 
     D    67    65 3    68     3     0    35   230   362 -12.343  -2.377  -0.309                         
    IL    68    68 3    68     3     5    43   240   371  -0.384  -2.121  -8.028                          0.000  0.000  0.000  0.000 
                                             [ MATL   23 ]     23      - G - - -
    ML    69    68 3    71     3     3    40   234   365  -5.251  -0.078  -5.251                         -1.110 -1.606  1.479 -1.246 
     D    70    68 3    71     3     0    35   229   361 -12.343  -2.377  -0.309                         
    IL    71    71 3    71     3     5    42   238   370  -0.384  -2.121  -8.028                          0.000  0.000  0.000  0.000 
                                             [ MATL   24 ]     24      - u - - -
    ML    72    71 3    74     3     3    40   232   364  -5.251  -0.078  -5.251                          0.186 -0.592 -0.320  0.483 
     D    73    71 3    74     3     0    34   228   360 -12.343  -2.270  -0.335                         
    IL    74    74 3    74     3     4    42   237   369  -0.384  -2.121  -8.028                          0.000  0.000  0.000  0.000 
                                             [ MATL   25 ]     25      - c - - -
    ML    75    74 3    77     3     2    39   231   363  -5.254  -0.113  -4.342                         -0.725  0.727 -0.927  0.280 
     D    76    74 3    77     3     0    34   227   359 -12.321  -2.356  -0.314                         
    IL    77    77 3    77     3     4    41   236   368  -0.384  -2.121  -8.028                          0.000  0.000  0.000  0.000 
                                             [ MATL   26 ]     26      - u - - -
    ML    78    77 3    80     3     2    38   230   362  -5.220  -0.091  -4.860                         -0.544 -0.223 -0.347  0.741 
     D    79    77 3    80     3     0    33   227   358 -12.551  -1.673  -0.543                         
    IL    80    80 3    80     3     4    40   235   367  -0.384  -2.121  -8.028                          0.000  0.000  0.000  0.000 
                                             [ MATL   27 ]     27      - A - - -
    ML    81    80 3    83     3     2    38   229   361  -5.243  -0.078  -5.243                          1.138 -0.975 -0.544 -0.725 
     D    82    80 3    83     3     0    32   225   357 -12.399  -2.073  -0.392                         
    IL    83    83 3    83     3     4    40   234   365  -0.384  -2.121  -8.028                          0.000  0.000  0.000  0.000 
                                             [ MATL   28 ]     28      - G - - -
    ML    84    83 3    86     3     2    37   228   360  -5.254  -0.086  -4.984                         -0.335 -1.301  1.195 -0.964 
     D    85    83 3    86     3     0    32   224   355 -12.321  -2.356  -0.314                         
    IL    86    86 3    86     3     3    39   233   364  -0.384  -2.121  -8.028                          0.000  0.000  0.000  0.000 
                                             [ MATL   29 ]     29      - a - - -
    ML    87    86 3    89     3     2    36   227   358  -5.246  -0.078  -5.246                          0.267 -0.525  0.212 -0.084 
     D    88    86 3    89     3     0    31   223   354 -12.378  -2.142  -0.371                         
    IL    89    89 3    89     3     3    38   232   363  -0.384  -2.121  -8.028                          0.000  0.000  0.000  0.000 
                                             [ MATL   30 ]     30      - C - - -
    ML    90    89 3    92     3     2    36   226   357  -5.254  -0.078  -5.254                         -0.571  1.062 -1.022 -0.422 
     D    91    89 3    92     3     0    31   221   353 -12.321  -2.356  -0.314                         
    IL    92    92 3    92     3     3    38   230   362  -0.384  -2.121  -8.028                          0.000  0.000  0.000  0.000 
                                             [ MATL   31 ]     31      - A - - -
    ML    93    92 3    95     3     2    35   224   356  -5.254  -0.078  -5.254                          1.031 -0.857 -0.738 -0.312 
     D    94    92 3    95     3     0    30   220   352 -12.321  -2.356  -0.314                         
    IL    95    95 3    95     3     3    37   229   361  -0.384  -2.121  -8.028                          0.000  0.000  0.000  0.000 
                                             [ MATL   32 ]     32      - u - - -
    ML    96    95 3    98     3     1    34   223   355  -5.254  -0.084  -5.028                         -0.526 -0.350 -0.825  0.968 
     D    97    95 3    98     3     0    30   219   351 -12.321  -2.356  -0.314                         
    IL    98    98 3    98     3     3    36   228   360  -0.384  -2.121  -8.028                          0.000  0.000  0.000  0.000 
                                             [ MATL   33 ]     33      - a - - -
    ML    99    98 3   101     3     1    34   222   354  -4.335  -0.120  -5.060                          0.355 -0.655  0.152 -0.037 
     D   100    98 3   101     3     0    29   218   350 -12.368  -2.176  -0.361                         
    IL   101   101 3   101     3     2    34   222   354  -2.515  -0.279 -10.159                          0.000  0.000  0.000  0.000 
                                             [ MATL   34 ]     35      - c - - -
    ML   102   101 3   104     3     1    33   221   353  -5.249  -0.078  -5.249                         -0.516  0.621 -0.024 -0.359 
     D   103   101 3   104     3     0    29   218   349 -12.360  -2.207  -0.353                         
    IL   104   104 3   104     3     2    35   226   358  -0.384  -2.121  -8.028                          0.000  0.000  0.000  0.000 
                                             [ MATL   35 ]     36      - a - - -
    ML   105   104 3   107     3     1    32   220   352  -5.254  -0.078  -5.254                          0.648 -0.954  0.334 -0.606 
     D   106   104 3   107     3     0    28   217   348 -12.321  -2.356  -0.314                         
    IL   107   107 3   107     3     2    34   225   356  -0.384  -2.121  -8.028                          0.000  0.000  0.000  0.000 
                                             [ MATL   36 ]     37      - G - - -
    ML   108   107 3   110     3     1    31   219   351  -4.424  -0.273  -2.990                         -0.618 -1.447  1.335 -1.124 
     D   109   107 3   110     3     0    28   216   348 -12.321  -2.356  -0.314                         
    IL   110   110 3   110     3     2    32   220   351  -1.535  -0.612 -10.324                          0.000  0.000  0.000  0.000 
                                             [ MATL   37 ]     40      - a - - -
    ML   111   110 3   113     3     1    31   218   350  -5.103  -0.087  -5.103                          0.169 -0.506  0.068  0.167 
     D   112   110 3   113     3     0    27   215   347 -13.123  -1.172  -0.847                         
    IL   113   113 3   113     3     2    33   223   354  -0.384  -2.121  -8.028                          0.000  0.000  0.000  0.000 
                                             [ MATL   38 ]     41      - g - - -
    ML   114   113 3   116     3     1    30   217   349  -4.714  -0.199  -3.459                         -0.226 -0.586  0.316  0.304 
     D   115   113 3   116     3     0    26   214   346 -12.542  -1.692  -0.534                         
    IL   116   116 3   116     3     2    31   218   350  -0.829  -1.197 -10.110                          0.000  0.000  0.000  0.000 
                                             [ MATL   39 ]     44      - g - - -
    ML   117   116 3   119     3     1    29   216   348  -5.161  -0.083  -5.161                         -0.342 -0.504  0.767 -0.314 
     D   118   116 3   119     3     0    25   213   345 -12.875  -1.008  -0.993                         
    IL   119   119 3   119     3     1    31   221   352  -0.384  -2.121  -8.028                          0.000  0.000  0.000  0.000 
                                             [ MATL   40 ]     45      - G - - -
    ML   120   119 3   122     3     1    29   215   347  -5.267  -0.077  -5.267                         -1.250 -1.807  1.558 -1.516 
     D   121   119 3   122     3     0    24   211   342 -12.221  -2.256  -0.339                         
    IL   122   122 3   122     3     1    31   219   351  -0.384  -2.121  -8.028                          0.000  0.000  0.000  0.000 
                                             [ MATL   41 ]     46      - C - - -
    ML   123   122 3   125     3     1    28   214   345  -5.267  -0.077  -5.267                         -1.313  1.409 -1.463 -0.787 
     D   124   122 3   125     3     0    23   210   341 -12.221  -2.256  -0.339                         
    IL   125   125 3   125     3     1    30   218   350  -0.384  -2.121  -8.028                          0.000  0.000  0.000  0.000 
                                             [ MATL   42 ]     47      - C - - -
    ML   126   125 3   128     3     1    27   212   344  -5.267  -0.077  -5.267                         -1.313  1.409 -1.463 -0.787 
     D   127   125 3   128     3     0    23   209   340 -12.221  -2.256  -0.339                         
    IL   128   128 3   128     3     1    29   217   349  -0.384  -2.121  -8.028                          0.000  0.000  0.000  0.000 
                                             [ MATL   43 ]     48      - U - - -
    ML   129   128 3   131     3     1    26   211   343  -5.267  -0.077  -5.267                         -1.133 -0.894 -1.256  1.371 
     D   130   128 3   131     3     0    22   208   340 -12.221  -2.256  -0.339                         
    IL   131   131 3   131     3     1    28   216   348  -0.384  -2.121  -8.028                          0.000  0.000  0.000  0.000 
                                             [ MATL   44 ]     49      - C - - -
    ML   132   131 3   134     3     1    25   210   342  -5.267  -0.077  -5.267                         -1.313  1.409 -1.463 -0.787 
     D   133   131 3   134     3     0    22   207   339 -12.221  -1.823  -0.480                         
    IL   134   134 3   134     3     1    27   215   346  -0.384  -2.121  -8.028                          0.000  0.000  0.000  0.000 
                                             [ MATL   45 ]     50      - G - - -
    ML   135   134 3   137     3     1    25   209   341  -5.280  -0.198  -3.282                         -1.141 -1.649  1.494 -1.281 
     D   136   134 3   137     3     0    21   206   338 -12.112  -1.686  -0.537                         
    IL   137   137 3   137     3     1    27   214   345  -0.384  -2.121  -8.028                          0.000  0.000  0.000  0.000 
                                             [ MATL   46 ]     51      - U - - -
    ML   138   137 3   140     3     1    24   208   340  -5.179  -0.106  -4.527                         -0.931 -0.751 -0.961  1.243 
     D   139   137 3   140     3     0    21   205   337 -12.782  -1.558  -0.599                         
    IL   140   140 3   140     3     1    26   213   344  -0.384  -2.121  -8.028                          0.000  0.000  0.000  0.000 
                                             [ MATL   47 ]     52      - G - - -
    ML   141   140 3   143     3     1    23   207   339  -3.079  -0.226  -5.212                         -0.724 -1.121  1.178 -0.573 
     D   142   140 3   143     3     0    20   204   336 -12.604  -0.668  -1.433                         
    IL   143   143 3   143     3     1    24   208   340  -0.742  -1.315 -13.065                          0.000  0.000  0.000  0.000 
                                             [ MATL   48 ]     59      - G - - -
    ML   144   143 3   146     3     1    22   205   337  -5.321  -0.074  -5.321                         -1.334 -1.924  1.593 -1.634 
     D   145   143 3   146     3     0    18   202   334 -11.691  -1.551  -0.603                         
    IL   146   146 3   146     3     1    24   210   342  -0.384  -2.121  -8.028                          0.000  0.000  0.000  0.000 
                                             [ MATL   49 ]     60      - G - - -
    ML   147   146 3   149     3     1    22   204   336  -5.326  -0.074  -5.326                         -1.013 -1.612  1.460 -1.229 
     D   148   146 3   149     3     0    17   201   333 -11.634  -1.668  -0.546                         
    IL   149   149 3   149     3     1    23   209   341  -0.384  -2.121  -8.028                          0.000  0.000  0.000  0.000 
                                             [ MATL   50 ]     61      - U - - -
    ML   150   149 3   152     3     1    21   203   335  -5.326  -0.074  -5.326                         -1.227 -0.974 -1.359  1.419 
     D   151   149 3   152     3     0    16   200   332 -11.634  -1.668  -0.546                         
    IL   152   152 3   152     3     1    23   208   340  -0.384  -2.121  -8.028                          0.000  0.000  0.000  0.000 
                                             [ MATL   51 ]     62      - U - - -
    ML   153   152 3   155     3     1    20   202   334  -5.326  -0.074  -5.326                         -0.855 -0.818 -0.833  1.213 
     D   154   152 3   155     3     0    16   199   331 -11.634  -1.668  -0.546                         
    IL   155   155 3   155     3     1    22   207   338  -0.384  -2.121  -8.028                          0.000  0.000  0.000  0.000 
                                             [ MATL   52 ]     63      - A - - -
    ML   156   155 3   158     3     1    19   201   333  -5.326  -0.074  -5.326                          1.251 -1.097 -0.963 -0.644 
     D   157   155 3   158     3     0    15   198   330 -11.634  -1.668  -0.546                         
    IL   158   158 3   158     3     1    21   205   337  -0.384  -2.121  -8.028                          0.000  0.000  0.000  0.000 
                                             [ MATL   53 ]     64      - A - - -
    ML   159   158 3   161     3     1    18   199   331  -5.054  -0.082  -5.326                          1.402 -1.334 -1.142 -0.980 
     D   160   158 3   161     3     0    14   197   329 -11.634  -1.668  -0.546                         
    IL   161   161 3   161     3     1    19   200   332  -1.227  -0.809  -8.871                          0.000  0.000  0.000  0.000 
                                             [ MATL   54 ]     66      - U - - -
    ML   162   161 3   164     3     1    18   198   330  -3.358  -0.188  -5.326                         -1.030 -0.578 -1.173  1.261 
     D   163   161 3   164     3     0    13   196   327 -11.634  -1.668  -0.546                         
    IL   164   164 3   164     3     1    18   199   331  -1.528  -0.615 -12.151                          0.000  0.000  0.000  0.000 
                                             [ MATL   55 ]     69      - G - - -
    ML   165   164 3   167     3     1    17   197   329  -5.326  -0.074  -5.326                         -0.608 -1.045  1.147 -0.633 
     D   166   164 3   167     3     0    13   194   326 -11.634  -1.668  -0.546                         
    IL   167   167 3   167     3     1    19   202   334  -0.384  -2.121  -8.028                          0.000  0.000  0.000  0.000 
                                             [ MATL   56 ]     70      - A - - -
    ML   168   167 3   170     3     1    16   196   328  -2.975  -0.269  -4.545                          1.180 -1.085 -0.615 -0.713 
     D   169   167 3   170     3     0    12   193   325 -11.634  -1.668  -0.546                         
    IL   170   170 3   170     3     1    16   196   328  -4.447  -0.068 -12.090                          0.000  0.000  0.000  0.000 
                                             [ MATL   57 ]     72      - A - - -
    ML   171   170 3   173     3     1    15   195   327  -5.073  -0.082  -5.300                          1.355 -1.339 -0.828 -1.047 
     D   172   170 3   173     3     0    11   193   324 -11.928  -1.181  -0.840                         
    IL   173   173 3   173     3     1    16   196   328  -1.108  -0.906  -8.752                          0.000  0.000  0.000  0.000 
                                             [ MATL   58 ]     74      - A - - -
    ML   174   173 3   176     3     1    14   194   326  -5.326  -0.106  -4.448                          1.231 -0.927 -0.930 -0.733 
     D   175   173 3   176     3     0    10   191   323 -11.634  -1.668  -0.546                         
    IL   176   176 3   176     3     1    17   199   331  -0.384  -2.121  -8.028                          0.000  0.000  0.000  0.000 
                                             [ MATL   59 ]     75      - A - - -
    ML   177   176 3   179     3     1    14   193   325  -3.181  -0.217  -5.077                          1.186 -1.014 -0.882 -0.542 
     D   178   176 3   179     3     0     9   190   322 -11.971  -1.646  -0.556                         
    IL   179   179 3   179     3     1    15   194   326  -0.918  -1.087 -12.814                          0.000  0.000  0.000  0.000 
                                             [ MATL   60 ]     80      - u - - -
    ML   180   179 3   182     3     1    13   192   324  -5.300  -0.075  -5.300                         -0.274 -0.415 -0.742  0.868 
     D   181   179 3   182     3     0     8   188   320 -11.928  -1.962  -0.428                         
    IL   182   182 3   182     3     1    15   197   328  -0.384  -2.121  -8.028                          0.000  0.000  0.000  0.000 
                                             [ MATL   61 ]     81      - U - - -
    ML   183   182 3   185     3     1    12   191   323  -5.300  -0.075  -5.300                         -0.734 -0.812 -1.074  1.235 
     D   184   182 3   185     3     0     8   187   319 -11.928  -1.962  -0.428                         
    IL   185   185 3   185     3     1    14   195   327  -0.384  -2.121  -8.028                          0.000  0.000  0.000  0.000 
                                             [ MATL   62 ]     82      - a - - -
    ML   186   185 3   188     3     1    12   190   321  -5.300  -0.075  -5.300                          0.653 -0.496 -0.585  0.073 
     D   187   185 3   188     3     0     7   186   318 -11.928  -1.962  -0.428                         
    IL   188   188 3   188     3     1    14   194   326  -0.384  -2.121  -8.028                          0.000  0.000  0.000  0.000 
                                             [ MATL   63 ]     83      - A - - -
    ML   189   188 3   191     3     1    11   188   320  -5.300  -0.075  -5.300                          1.103 -0.636 -0.820 -0.638 
     D   190   188 3   191     3     0     7   185   317 -11.928  -1.962  -0.428                         
    IL   191   191 3   191     3     1    13   193   325  -0.384  -2.121  -8.028                          0.000  0.000  0.000  0.000 
                                             [ MATL   64 ]     84      - C - - -
    ML   192   191 3   194     3     1    10   187   319  -3.927  -0.138  -5.300                         -1.186  1.282 -1.347 -0.443 
     D   193   191 3   194     3     0     6   184   316 -11.928  -1.962  -0.428                         
    IL   194   194 3   194     3     1    12   191   323  -0.414  -2.005 -12.692                          0.000  0.000  0.000  0.000 
                                             [ MATL   65 ]     89      - U - - -
    ML   195   194 3   197     3     1     9   186   318  -5.300  -0.207  -3.205                         -1.185 -0.938 -1.313  1.398 
     D   196   194 3   197     3     0     6   183   315 -11.928  -1.962  -0.428                         
    IL   197   197 3   197     3     1    12   191   323  -0.384  -2.121  -8.028                          0.000  0.000  0.000  0.000 
                                             [ MATL   66 ]     90      - A - - -
    ML   198   197 3   200     3     1     9   185   317  -5.175  -0.082  -5.175                          1.123 -0.931 -0.748 -0.512 
     D   199   197 3   200     3     0     5   182   314 -12.807  -0.747  -1.308                         
    IL   200   200 3   200     3     1    11   189   321  -0.384  -2.121  -8.028                          0.000  0.000  0.000  0.000 
                                             [ MATL   67 ]     91      - C - - -
    ML   201   200 3   203     3     1     8   184   316  -5.300  -0.086  -4.938                         -1.374  1.437 -1.530 -0.838 
     D   202   200 3   203     3     0     3   180   312 -11.928  -1.962  -0.428                         
    IL   203   203 3   203     3     1    10   188   320  -0.384  -2.121  -8.028                          0.000  0.000  0.000  0.000 
                                             [ MATL   68 ]     92      - G - - -
    ML   204   203 3   206     3     1     8   182   314  -5.289  -0.076  -5.289                         -1.284 -1.855  1.573 -1.564 
     D   205   203 3   206     3     0     3   179   311 -12.029  -1.702  -0.530                         
    IL   206   206 3   206     3     1    10   187   319  -0.384  -2.121  -8.028                          0.000  0.000  0.000  0.000 
                                             [ MATL   69 ]     93      - G - - -
    ML   207   206 3   209     3     1     7   181   313  -5.300  -0.081  -5.086                         -1.301 -1.878  1.580 -1.587 
     D   208   206 3   209     3     0     2   178   310 -11.928  -1.962  -0.428                         
    IL   209   209 3   209     3     1     9   186   318  -0.384  -2.121  -8.028                          0.000  0.000  0.000  0.000 
                                             [ MATL   70 ]     94      - G - - -
    ML   210   209 3   212     3     1     7   180   312  -5.294  -0.075  -5.294                         -1.292 -1.865  1.576 -1.574 
     D   211   209 3   212     3     0     2   176   309 -11.986  -1.806  -0.486                         
    IL   212   212 3   212     3     1     9   185   317  -0.384  -2.121  -8.028                          0.000  0.000  0.000  0.000 
                                             [ MATL   71 ]     95      - G - - -
    ML   213   212 3   215     3     1     6   179   311  -5.300  -0.075  -5.300                         -1.301 -1.878  1.580 -1.587 
     D   214   212 3   215     3     0     1   175   307 -11.928  -1.962  -0.428                         
    IL   215   215 3   215     3     1     8   184   316  -0.384  -2.121  -8.028                          0.000  0.000  0.000  0.000 
                                             [ MATL   72 ]     96      - C - - -
    ML   216   215 3   218     3     1     6   178   310  -5.300  -0.075  -5.300                         -1.374  1.437 -1.530 -0.838 
     D   217   215 3   218     3     0     1   174   306 -11.928  -1.962  -0.428                         
    IL   218   218 3   218     3     1     8   182   314  -0.384  -2.121  -8.028                          0.000  0.000  0.000  0.000 
                                             [ MATL   73 ]     97      - U - - -
    ML   219   218 3   221     3     1     5   177   309  -5.300  -0.075  -5.300                         -1.185 -0.938 -1.313  1.398 
     D   220   218 3   221     3     0     0   173   305 -11.928  -1.962  -0.428                         
    IL   221   221 3   221     3     1     7   181   313  -0.384  -2.121  -8.028                          0.000  0.000  0.000  0.000 
                                             [ MATL   74 ]     98      - U - - -
    ML   222   221 3   224     3     1     5   175   308  -5.300  -0.075  -5.300                         -0.385 -0.737 -0.895  1.068 
     D   223   221 3   224     3     0     0   172   304 -11.928  -1.962  -0.428                         
    IL   224   224 3   224     3     1     7   180   312  -0.384  -2.121  -8.028                          0.000  0.000  0.000  0.000 
                                             [ MATL   75 ]     99      - U - - -
    ML   225   224 3   227     3     1     4   174   306  -5.300  -0.079  -5.153                         -1.185 -0.938 -1.313  1.398 
     D   226   224 3   227     3     0     0   171   303 -11.928  -1.962  -0.428                         
    IL   227   227 3   227     3     1     6   179   311  -0.384  -2.121  -8.028                          0.000  0.000  0.000  0.000 
                                             [ MATL   76 ]    100      - c - - -
    ML   228   227 3   230     3     1     4   173   305  -5.296  -0.079  -5.166                         -0.969  0.992 -1.125  0.059 
     D   229   227 3   230     3     0     0   169   301 -11.967  -1.854  -0.468                         
    IL   230   230 3   230     3     1     6   178   310  -0.384  -2.121  -8.028                          0.000  0.000  0.000  0.000 
                                             [ MATL   77 ]    101      - u - - -
    ML   231   230 3   233     3     1     4   172   304  -5.296  -0.075  -5.296                         -0.631 -0.609 -0.225  0.882 
     D   232   230 3   233     3     0     0   168   300 -11.962  -1.996  -0.417                         
    IL   233   233 3   233     3     1     5   177   309  -0.384  -2.121  -8.028                          0.000  0.000  0.000  0.000 
                                             [ MATL   78 ]    102      - u - - -
    ML   234   233 3   236     3     1     3   171   303  -5.296  -0.075  -5.296                         -0.593 -0.728  0.337  0.556 
     D   235   233 3   236     3     0     0   167   299 -11.962  -1.761  -0.505                         
    IL   236   236 3   236     3     1     5   176   308  -0.384  -2.121  -8.028                          0.000  0.000  0.000  0.000 
                                             [ MATL   79 ]    103      - C - - -
    ML   237   236 3   239     3     1     3   170   302  -5.303  -0.075  -5.303                         -1.023  1.231 -1.267 -0.424 
     D   238   236 3   239     3     0     0   165   297 -11.897  -1.931  -0.439                         
    IL   239   239 3   239     3     1     4   174   306  -0.384  -2.121  -8.028                          0.000  0.000  0.000  0.000 
                                             [ MATL   80 ]    104      - u - - -
    ML   240   239 3   242     3     1     2   169   301  -4.604  -0.099  -5.303                         -0.726 -0.019 -0.925  0.912 
     D   241   239 3   242     3     0     0   163   295 -11.897  -1.931  -0.439                         
    IL   242   242 3   242     3     1     5   182   313  -0.231  -2.759 -12.175                          0.000  0.000  0.000  0.000 
                                             [ MATL   81 ]    112      - U - - -
    ML   243   242 3   245     3     1     2   165   298  -5.303  -0.075  -5.303                         -1.126 -0.822 -1.258  1.355 
     D   244   242 3   245     3     0     0   162   294 -11.897  -1.931  -0.439                         
    IL   245   245 3   245     3     1     4   170   303  -0.384  -2.121  -8.028                          0.000  0.000  0.000  0.000 
                                             [ MATL   82 ]    113      - U - - -
    ML   246   245 3   248     3     1     2   164   297  -5.303  -0.075  -5.303                         -1.190 -0.942 -1.318  1.401 
     D   247   245 3   248     3     0     0   161   293 -11.897  -1.931  -0.439                         
    IL   248   248 3   248     3     1     3   169   301  -0.384  -2.121  -8.028                          0.000  0.000  0.000  0.000 
                                             [ MATL   83 ]    114      - c - - -
    ML   249   248 3   251     3     1     2   163   296  -5.303  -0.075  -5.303                         -0.897  0.965 -0.939 -0.016 
     D   250   248 3   251     3     0     0   159   292 -11.897  -1.801  -0.489                         
    IL   251   251 3   251     3     1     3   168   300  -0.384  -2.121  -8.028                          0.000  0.000  0.000  0.000 
                                             [ MATL   84 ]    115      - U - - -
    ML   252   251 3   254     3     1     1   162   294  -5.306  -0.075  -5.306                         -1.195 -0.947 -1.324  1.403 
     D   253   251 3   254     3     0     0   158   291 -11.861  -1.895  -0.452                         
    IL   254   254 3   254     3     1     3   166   299  -0.384  -2.121  -8.028                          0.000  0.000  0.000  0.000 
                                             [ MATL   85 ]    116      - G - - -
    ML   255   254 3   257     3     1     1   161   293  -5.306  -0.075  -5.306                         -0.932 -1.681  1.474 -1.372 
     D   256   254 3   257     3     0     0   157   290 -11.861  -1.895  -0.452                         
    IL   257   257 3   257     3     1     2   165   298  -0.384  -2.121  -8.028                          0.000  0.000  0.000  0.000 
                                             [ MATL   86 ]    117      - C - - -
    ML   258   257 3   260     3     1     1   159   292  -5.306  -0.075  -5.306                         -1.322  1.397 -1.483 -0.717 
     D   259   257 3   260     3     0     0   156   288 -11.861  -1.895  -0.452                         
    IL   260   260 3   260     3     1     2   164   297  -0.384  -2.121  -8.028                          0.000  0.000  0.000  0.000 
                                             [ MATL   87 ]    118      - C - - -
    ML   261   260 3   263     3     1     1   158   291  -5.306  -0.089  -4.846                         -1.339  1.410 -1.499 -0.752 
     D   262   260 3   263     3     0     0   155   287 -11.861  -1.895  -0.452                         
    IL   263   263 3   263     3     1     2   163   296  -0.384  -2.121  -8.028                          0.000  0.000  0.000  0.000 
                                             [ MATL   88 ]    119      - a - - -
    ML   264   263 3   266     3     1     1   157   290  -5.292  -0.076  -5.292                          0.731 -0.726 -0.219 -0.190 
     D   265   263 3   266     3     0     0   153   286 -11.999  -2.034  -0.404                         
    IL   266   266 3   266     3     1     2   162   294  -0.384  -2.121  -8.028                          0.000  0.000  0.000  0.000 
                                             [ MATL   89 ]    120      - C - - -
    ML   267   266 3   269     3     1     1   156   289  -5.292  -0.076  -5.292                         -1.144  1.287 -1.031 -0.693 
     D   268   266 3   269     3     0     0   152   285 -11.999  -2.034  -0.404                         
    IL   269   269 3   269     3     1     2   161   293  -0.384  -2.121  -8.028                          0.000  0.000  0.000  0.000 
                                             [ MATL   90 ]    121      - A - - -
    ML   270   269 3   272     3     1     1   155   288  -5.292  -0.090  -4.832                          1.502 -1.547 -1.269 -1.283 
     D   271   269 3   272     3     0     0   151   284 -11.999  -2.034  -0.404                         
    IL   272   272 3   272     3     1     1   160   292  -0.384  -2.121  -8.028                          0.000  0.000  0.000  0.000 
                                             [ MATL   91 ]    122      - C - - -
    ML   273   272 3   275     3     1     1   154   286  -5.278  -0.076  -5.278                         -1.334  1.419 -1.487 -0.805 
     D   274   272 3   275     3     0     0   150   283 -12.126  -1.934  -0.438                         
    IL   275   275 3   275     3     1     1   158   291  -0.384  -2.121  -8.028                          0.000  0.000  0.000  0.000 
                                             [ MATL   92 ]    123      - A - - -
    ML   276   275 3   278     3     1     1   153   285  -5.285  -0.076  -5.285                          1.057 -1.078 -0.232 -0.751 
     D   277   275 3   278     3     0     0   149   281 -12.070  -2.104  -0.382                         
    IL   278   278 3   278     3     1     1   157   290  -0.384  -2.121  -8.028                          0.000  0.000  0.000  0.000 
                                             [ MATL   93 ]    124      - A - - -
    ML   279   278 3   281     3     1     1   151   284  -5.285  -0.087  -4.925                          1.495 -1.531 -1.253 -1.267 
     D   280   278 3   281     3     0     0   148   280 -12.070  -2.104  -0.382                         
    IL   281   281 3   281     3     1     1   156   289  -0.384  -2.121  -8.028                          0.000  0.000  0.000  0.000 
                                             [ MATL   94 ]    125      - C - - -
    ML   282   281 3   284     3     1     1   150   283  -5.058  -0.111  -4.514                         -1.051  1.329 -1.343 -0.711 
     D   283   281 3   284     3     0     0   147   279 -12.162  -2.196  -0.355                         
    IL   284   284 3   284     3     1     1   151   284  -1.080  -0.931  -8.724                          0.000  0.000  0.000  0.000 
                                             [ MATL   95 ]    127      - a - - -
    ML   285   284 3   287     3     1     1   149   282  -5.248  -0.155  -3.731                          0.977 -0.647 -0.671 -0.387 
     D   286   284 3   287     3     0     0   145   278 -12.366  -1.639  -0.559                         
    IL   287   287 3   287     3     1     1   154   287  -0.384  -2.121  -8.028                          0.000  0.000  0.000  0.000 
                                             [ MATL   96 ]    128      - c - - -
    ML   288   287 3   290     3     1     1   148   281  -5.203  -0.120  -4.242                         -0.353  0.557 -0.297 -0.102 
     D   289   287 3   290     3     0     0   143   276 -12.654  -2.688  -0.243                         
    IL   290   290 3   290     3     1     1   153   286  -0.384  -2.121  -8.028                          0.000  0.000  0.000  0.000 
                                             [ MATL   97 ]    129      - G - - -
    ML   291   290 3   293     3     1     1   147   280  -5.165  -0.096  -4.779                         -0.707 -1.005  1.182 -0.690 
     D   292   290 3   293     3     0     0   142   275 -12.852  -2.886  -0.210                         
    IL   293   293 3   293     3     1     1   152   285  -0.384  -2.121  -8.028                          0.000  0.000  0.000  0.000 
                                             [ MATL   98 ]    130      - G - - -
    ML   294   293 3   296     3     1     1   146   279  -5.153  -0.083  -5.153                         -0.206 -1.124  1.066 -0.786 
     D   295   293 3   296     3     0     0   142   274 -12.911  -2.945  -0.201                         
    IL   296   296 3   296     3     1     1   151   284  -0.384  -2.121  -8.028                          0.000  0.000  0.000  0.000 
                                             [ MATL   99 ]    131      - u - - -
    ML   297   296 3   299     3     1     1   145   278  -5.153  -0.083  -5.153                         -0.660  0.038 -0.806  0.822 
     D   298   296 3   299     3     0     0   141   274 -12.911  -1.898  -0.451                         
    IL   299   299 3   299     3     1     1   150   282  -0.384  -2.121  -8.028                          0.000  0.000  0.000  0.000 
                                             [ MATL  100 ]    132      - A - - -
    ML   300   299 3   302     3     1     1   144   277  -5.196  -0.113  -4.382                          1.283 -1.134 -0.909 -0.791 
     D   301   299 3   302     3     0     0   140   272 -12.696  -1.996  -0.417                         
    IL   302   302 3   302     3     1     1   149   281  -0.384  -2.121  -8.028                          0.000  0.000  0.000  0.000 
                                             [ MATL  101 ]    133      - a - - -
    ML   303   302 3   305     3     1     1   143   276  -5.192  -0.081  -5.192                          0.880 -0.369 -0.627 -0.438 
     D   304   302 3   305     3     0     0   138   271 -12.716  -1.921  -0.443                         
    IL   305   305 3   305     3     1     1   147   280  -0.384  -2.121  -8.028                          0.000  0.000  0.000  0.000 
                                             [ MATL  102 ]    134      - C - - -
    ML   306   305 3   308     3     1     1   142   274  -5.222  -0.079  -5.222                         -1.231  1.367 -1.373 -0.718 
     D   307   305 3   308     3     0     0   136   269 -12.539  -2.397  -0.304                         
    IL   308   308 3   308     3     1     1   146   279  -0.384  -2.121  -8.028                          0.000  0.000  0.000  0.000 
                                             [ MATL  103 ]    135      - A - - -
    ML   309   308 3   311     3     1     1   141   273  -5.227  -0.079  -5.227                          1.268 -1.000 -0.912 -0.837 
     D   310   308 3   311     3     0     0   135   267 -12.507  -2.542  -0.272                         
    IL   311   311 3   311     3     1     1   145   278  -0.384  -2.121  -8.028                          0.000  0.000  0.000  0.000 
                                             [ MATL  104 ]    136      - A - - -
    ML   312   311 3   314     3     1     1   139   272  -5.227  -0.079  -5.227                          1.109 -0.922 -0.773 -0.455 
     D   313   311 3   314     3     0     0   133   266 -12.507  -2.542  -0.272                         
    IL   314   314 3   314     3     1     1   144   277  -0.384  -2.121  -8.028                          0.000  0.000  0.000  0.000 
                                             [ MATL  105 ]    137      - A - - -
    ML   315   314 3   317     3     1     1   138   271  -5.227  -0.079  -5.227                          1.349 -1.177 -1.004 -0.968 
     D   316   314 3   317     3     0     0   131   264 -12.507  -2.542  -0.272                         
    IL   317   317 3   317     3     1     1   143   276  -0.384  -2.121  -8.028                          0.000  0.000  0.000  0.000 
                                             [ MATL  106 ]    138      - C - - -
    ML   318   317 3   320     3     1     1   137   270  -5.227  -0.084  -5.079                         -0.764  1.196 -1.145 -0.581 
     D   319   317 3   320     3     0     0   129   262 -12.507  -2.542  -0.272                         
    IL   320   320 3   320     3     1     1   142   275  -0.384  -2.121  -8.028                          0.000  0.000  0.000  0.000 
                                             [ MATL  107 ]    139      - C - - -
    ML   321   320 3   323     3     1     1   136   269  -5.223  -0.079  -5.223                         -1.232  1.368 -1.375 -0.719 
     D   322   320 3   323     3     0     0   126   259 -12.534  -2.568  -0.267                         
    IL   323   323 3   323     3     1     1   141   274  -0.384  -2.121  -8.028                          0.000  0.000  0.000  0.000 
                                             [ MATL  108 ]    140      - A - - -
    ML   324   323 3   326     3     1     1   135   268  -4.340  -0.114  -5.223                          1.438 -1.406 -1.120 -1.140 
     D   325   323 3   326     3     0     0   121   254 -12.534  -2.568  -0.267                         
    IL   326   326 3   326     3     1     1   138   270  -0.565  -1.627 -11.449                          0.000  0.000  0.000  0.000 
                                             [ MATL  109 ]    144      - C - - -
    ML   327   326 3   329     3     1     1   134   267  -4.415  -0.110  -5.223                         -1.042  1.304 -1.282 -0.659 
     D   328   326 3   329     3     0     0   105   225 -12.534  -2.568  -0.267                         
    IL   329   329 3   329     3     1     1   155   288  -0.200  -2.950 -12.614                          0.000  0.000  0.000  0.000 
                                             [ MATL  110 ]    153      - C - - -
    ML   330   329 3   332     3     1     1   108   188  -5.223  -0.079  -5.223                         -1.021  1.155 -1.168 -0.259 
     D   331   329 3   332     3     0     0   103   182 -12.534  -2.568  -0.267                         
    IL   332   332 3   332     3     1     1   115   196  -0.384  -2.121  -8.028                          0.000  0.000  0.000  0.000 
                                             [ MATL  111 ]    154      - u - - -
    ML   333   332 3   335     3     1     1   107   187  -5.223  -0.079  -5.223                         -0.459 -0.381 -0.598  0.883 
     D   334   332 3   335     3     0     0   101   181 -12.534  -2.568  -0.267                         
    IL   335   335 3   335     3     1     1   113   194  -0.384  -2.121  -8.028                          0.000  0.000  0.000  0.000 
                                             [ MATL  112 ]    155      - u - - -
    ML   336   335 3   338     3     1     1   105   185  -5.223  -0.079  -5.223                         -0.358 -0.628 -0.517  0.906 
     D   337   335 3   338     3     0     0   100   179 -12.534  -2.568  -0.267                         
    IL   338   338 3   338     3     1     1   112   193  -0.384  -2.121  -8.028                          0.000  0.000  0.000  0.000 
                                             [ MATL  113 ]    156      - c - - -
    ML   339   338 3   341     3     1     1   104   183  -5.223  -0.079  -5.223                         -0.162  0.661 -0.722 -0.122 
     D   340   338 3   341     3     0     0    98   177 -12.534  -2.568  -0.267                         
    IL   341   341 3   341     3     1     1   110   191  -0.384  -2.121  -8.028                          0.000  0.000  0.000  0.000 
                                             [ MATL  114 ]    157      - A - - -
    ML   342   341 3   344     3     1     1   102   181  -5.223  -0.079  -5.223                          1.140 -0.953 -0.794 -0.508 
     D   343   341 3   344     3     0     0    97   175 -12.534  -2.568  -0.267                         
    IL   344   344 3   344     3     1     1   109   189  -0.384  -2.121  -8.028                          0.000  0.000  0.000  0.000 
                                             [ MATL  115 ]    158      - C - - -
    ML   345   344 3   347     3     1     1   100   180  -5.223  -0.079  -5.223                         -1.232  1.368 -1.375 -0.719 
     D   346   344 3   347     3     0     0    95   174 -12.534  -2.568  -0.267                         
    IL   347   347 3   347     3     1     1   107   187  -0.384  -2.121  -8.028                          0.000  0.000  0.000  0.000 
                                             [ MATL  116 ]    159      - G - - -
    ML   348   347 3   350     3     1     1    99   178  -5.223  -0.079  -5.223                         -0.590 -1.395  1.310 -1.072 
     D   349   347 3   350     3     0     0    94   172 -12.534  -2.568  -0.267                         
    IL   350   350 3   350     3     1     1   106   186  -0.384  -2.121  -8.028                          0.000  0.000  0.000  0.000 
                                             [ MATL  117 ]    160      - U - - -
    ML   351   350 3   353     3     1     1    97   176  -5.223  -0.088  -4.935                         -0.895 -0.477 -1.022  1.171 
     D   352   350 3   353     3     0     0    92   170 -12.534  -2.568  -0.267                         
    IL   353   353 3   353     3     1     1   104   184  -0.384  -2.121  -8.028                          0.000  0.000  0.000  0.000 
                                             [ MATL  118 ]    161      - C - - -
    ML   354   353 3   356     3     1     1    96   174  -5.215  -0.080  -5.215                         -1.136  1.289 -1.280 -0.536 
     D   355   353 3   356     3     0     0    91   168 -12.587  -2.333  -0.319                         
    IL   356   356 3   356     3     1     1   103   182  -0.384  -2.121  -8.028                          0.000  0.000  0.000  0.000 
                                             [ MATL  119 ]    162      - A - - -
    ML   357   356 3   359     3     1     1    94   172  -5.223  -0.079  -5.223                          1.381 -1.329 -0.958 -1.052 
     D   358   356 3   359     3     0     0    89   166 -12.534  -2.568  -0.267                         
    IL   359   359 3   359     3     1     1   101   180  -0.384  -2.121  -8.028                          0.000  0.000  0.000  0.000 
                                             [ MATL  120 ]    163      - U - - -
    ML   360   359 3   362     3     1     1    93   171  -5.223  -0.079  -5.223                         -1.065 -0.837 -1.181  1.334 
     D   361   359 3   362     3     0     0    87   164 -12.534  -2.568  -0.267                         
    IL   362   362 3   362     3     1     1   100   179  -0.384  -2.121  -8.028                          0.000  0.000  0.000  0.000 
                                             [ MATL  121 ]    164      - G - - -
    ML   363   362 3   365     3     1     1    91   169  -5.223  -0.079  -5.223                         -0.997 -1.611  1.469 -1.310 
     D   364   362 3   365     3     0     0    86   163 -12.534  -2.568  -0.267                         
    IL   365   365 3   365     3     1     1    98   177  -0.384  -2.121  -8.028                          0.000  0.000  0.000  0.000 
                                             [ MATL  122 ]    165      - A - - -
    ML   366   365 3   368     3     1     1    90   167  -5.223  -0.079  -5.223                          1.438 -1.406 -1.120 -1.140 
     D   367   365 3   368     3     0     0    84   161 -12.534  -2.568  -0.267                         
    IL   368   368 3   368     3     1     1    97   175  -0.384  -2.121  -8.028                          0.000  0.000  0.000  0.000 
                                             [ MATL  123 ]    166      - G - - -
    ML   369   368 3   371     3     1     1    88   165  -5.223  -0.079  -5.223                         -1.015 -1.621  1.475 -1.322 
     D   370   368 3   371     3     0     0    82   159 -12.534  -2.568  -0.267                         
    IL   371   371 3   371     3     1     1    95   173  -0.384  -2.121  -8.028                          0.000  0.000  0.000  0.000 
                                             [ MATL  124 ]    167      - G - - -
    ML   372   371 3   374     3     1     1    86   163  -5.223  -0.079  -5.223                         -1.181 -1.713  1.526 -1.421 
     D   373   371 3   374     3     0     0    81   157 -12.534  -2.568  -0.267                         
    IL   374   374 3   374     3     1     1    94   171  -0.384  -2.121  -8.028                          0.000  0.000  0.000  0.000 
                                             [ MATL  125 ]    168      - C - - -
    ML   375   374 3   377     3     1     1    85   161  -4.963  -0.091  -5.117                         -1.232  1.368 -1.375 -0.719 
     D   376   374 3   377     3     0     0    80   156 -12.534  -2.568  -0.267                         
    IL   377   377 3   377     3     1     1    86   162  -1.198  -0.831  -8.842                          0.000  0.000  0.000  0.000 
                                             [ MATL  126 ]    170      - A - - -
    ML   378   377 3   380     3     1     1    84   160  -5.220  -0.080  -5.220                          1.435 -1.401 -1.114 -1.134 
     D   379   377 3   380     3     0     0    78   154 -12.552  -2.480  -0.285                         
    IL   380   380 3   380     3     1     1    91   168  -0.384  -2.121  -8.028                          0.000  0.000  0.000  0.000 
                                             [ MATL  127 ]    171      - g - - -
    ML   381   380 3   383     3     1     1    82   158  -5.223  -0.079  -5.223                          0.366 -0.970  0.632 -0.620 
     D   382   380 3   383     3     0     0    76   152 -12.534  -2.568  -0.267                         
    IL   383   383 3   383     3     1     1    89   166  -0.384  -2.121  -8.028                          0.000  0.000  0.000  0.000 
                                             [ MATL  128 ]    172      - A - - -
    ML   384   383 3   386     3     1     1    80   156  -5.223  -0.079  -5.223                          1.438 -1.406 -1.120 -1.140 
     D   385   383 3   386     3     0     0    75   150 -12.534  -2.568  -0.267                         
    IL   386   386 3   386     3     1     1    88   164  -0.384  -2.121  -8.028                          0.000  0.000  0.000  0.000 
                                             [ MATL  129 ]    173      - A - - -
    ML   387   386 3   389     3     1     1    78   154  -4.734  -0.096  -5.223                          1.438 -1.406 -1.120 -1.140 
     D   388   386 3   389     3     0     0    73   148 -12.534  -2.568  -0.267                         
    IL   389   389 3   389     3     1     1    79   154  -1.733  -0.519  -9.377                          0.000  0.000  0.000  0.000 
                                             [ MATL  130 ]    175      - A - - -
    ML   390   389 3   392     3     1     1    77   153  -5.223  -0.079  -5.223                          1.438 -1.406 -1.120 -1.140 
     D   391   389 3   392     3     0     0    71   146 -12.534  -2.568  -0.267                         
    IL   392   392 3   392     3     1     1    85   161  -0.384  -2.121  -8.028                          0.000  0.000  0.000  0.000 
                                             [ MATL  131 ]    176      - G - - -
    ML   393   392 3   395     3     1     1    76   151  -5.223  -0.079  -5.223                         -1.007 -1.616  1.472 -1.316 
     D   394   392 3   395     3     0     0    70   144 -12.534  -2.568  -0.267                         
    IL   395   395 3   395     3     1     1    84   159  -0.384  -2.121  -8.028                          0.000  0.000  0.000  0.000 
                                             [ MATL  132 ]    177      - C - - -
    ML   396   395 3   398     3     1     1    74   148  -5.223  -0.079  -5.223                         -1.232  1.368 -1.375 -0.719 
     D   397   395 3   398     3     0     0    68   142 -12.534  -2.568  -0.267                         
    IL   398   398 3   398     3     1     1    82   157  -0.384  -2.121  -8.028                          0.000  0.000  0.000  0.000 
                                             [ MATL  133 ]    178      - C - - -
    ML   399   398 3   401     3     1     1    72   146  -5.223  -0.079  -5.223                         -1.232  1.368 -1.375 -0.719 
     D   400   398 3   401     3     0     0    66   139 -12.534  -2.568  -0.267                         
    IL   401   401 3   401     3     1     1    80   155  -0.384  -2.121  -8.028                          0.000  0.000  0.000  0.000 
                                             [ MATL  134 ]    179      - U - - -
    ML   402   401 3   404     3     1     1    70   144  -5.223  -0.079  -5.223                         -1.065 -0.837 -1.181  1.334 
     D   403   401 3   404     3     0     0    64   137 -12.534  -2.568  -0.267                         
    IL   404   404 3   404     3     1     1    78   153  -0.384  -2.121  -8.028                          0.000  0.000  0.000  0.000 
                                             [ MATL  135 ]    180      - C - - -
    ML   405   404 3   407     3     1     1    68   142  -5.223  -0.079  -5.223                         -1.232  1.368 -1.375 -0.719 
     D   406   404 3   407     3     0     0    62   134 -12.534  -2.568  -0.267                         
    IL   407   407 3   407     3     1     1    77   151  -0.384  -2.121  -8.028                          0.000  0.000  0.000  0.000 
                                             [ MATL  136 ]    181      - A - - -
    ML   408   407 3   410     3     1     1    66   139  -5.223  -0.079  -5.223                          1.438 -1.406 -1.120 -1.140 
     D   409   407 3   410     3     0     0    59   131 -12.534  -2.568  -0.267                         
    IL   410   410 3   410     3     1     1    75   148  -0.384  -2.121  -8.028                          0.000  0.000  0.000  0.000 
                                             [ MATL  137 ]    182      - A - - -
    ML   411   410 3   413     3     1     1    64   136  -5.223  -0.079  -5.223                          1.438 -1.406 -1.120 -1.140 
     D   412   410 3   413     3     0     0    57   129 -12.534  -2.568  -0.267                         
    IL   413   413 3   413     3     1     1    73   146  -0.384  -2.121  -8.028                          0.000  0.000  0.000  0.000 
                                             [ MATL  138 ]    183      - G - - -
    ML   414   413 3   416     3     1     1    62   134  -5.223  -0.079  -5.223                         -1.181 -1.713  1.526 -1.421 
     D   415   413 3   416     3     0     0    54   125 -12.534  -2.568  -0.267                         
    IL   416   416 3   416     3     1     1    71   144  -0.384  -2.121  -8.028                          0.000  0.000  0.000  0.000 
                                             [ MATL  139 ]    184      - C - - -
    ML   417   416 3   419     3     1     1    59   131  -5.223  -0.079  -5.223                         -1.232  1.368 -1.375 -0.719 
     D   418   416 3   419     3     0     0    51   122 -12.534  -2.568  -0.267                         
    IL   419   419 3   419     3     1     1    69   141  -0.384  -2.121  -8.028                          0.000  0.000  0.000  0.000 
                                             [ MATL  140 ]    185      - G - - -
    ML   420   419 3   422     3     1     1    57   127  -5.223  -0.079  -5.223                         -1.052 -1.524  1.444 -1.154 
     D   421   419 3   422     3     0     0    48   118 -12.534  -2.568  -0.267                         
    IL   422   422 3   422     3     1     1    67   138  -0.384  -2.121  -8.028                          0.000  0.000  0.000  0.000 
                                             [ MATL  141 ]    186      - C - - -
    ML   423   422 3   425     3     1     1    54   124  -5.223  -0.079  -5.223                         -1.232  1.368 -1.375 -0.719 
     D   424   422 3   425     3     0     0    43   112 -12.534  -2.568  -0.267                         
    IL   425   425 3   425     3     1     1    64   135  -0.384  -2.121  -8.028                          0.000  0.000  0.000  0.000 
                                             [ MATL  142 ]    187      - C - - -
    ML   426   425 3   428     3     1     1    49   119  -5.223  -0.315  -2.561                         -1.232  1.368 -1.375 -0.719 
     D   427   425 3   428     3     0     0    29    99 -12.534  -2.568  -0.267                         
    IL   428   428 3   428     3     1     1    62   131  -0.384  -2.121  -8.028                          0.000  0.000  0.000  0.000 
                                             [ MATL  143 ]    188      - g - - -
    ML   429   428 3   431     2     1     1     1     1       *   0.000                                  0.007 -0.879  0.820 -0.543 
     D   430   428 3   431     2     0     0     0     0       *   0.000                                 
    IL   431   431 3   431     2     1     1    13    28  -1.823  -0.479                                  0.000  0.000  0.000  0.000 
                                             [ END   144 ]      -      - - - - -
     E   432   431 3    -1     0     0     0     0     0                                                 
//
HMMER3/f [3.1b3 | July 2016]
NAME  t_nt_hok_sok_tadb_sr2_round2_0001
LENG  143
MAXL  259
ALPH  RNA
RF    no
MM    no
CONS  yes
CS    yes
MAP   no
DATE  Fri Mar  6 23:02:34 2020
COM   [1] cmbuild /home/co78wid/projects/master/results/ta_systems/hok_sok_tadb/hok_sok_tadb_sr2/2_structure_analysis/infernal_search/t_nt_hok_sok_tadb_sr2_cmbuild.txt /home/co78wid/projects/master/results/ta_systems/hok_sok_tadb/hok_sok_tadb_sr2/1_sequence_analysis/fold/t_nt_hok_sok_tadb_sr2_round2.stk
COM   [2] cmbuild /home/co78wid/projects/master/results/ta_systems/hok_sok_tadb/hok_sok_tadb_sr2/2_structure_analysis/infernal_search/t_nt_hok_sok_tadb_sr2_cmbuild.txt /home/co78wid/projects/master/results/ta_systems/hok_sok_tadb/hok_sok_tadb_sr2/1_sequence_analysis/fold/t_nt_hok_sok_tadb_sr2_round2.stk
NSEQ  122
EFFN  1.828064
STATS LOCAL MSV      -10.1629  0.71786
STATS LOCAL VITERBI  -11.7683  0.71786
STATS LOCAL FORWARD   -3.3571  0.71786
HMM          A        C        G        U   
            m->m     m->i     m->d     i->m     i->i     d->m     d->d
  COMPO   1.35691  1.40722  1.37197  1.41011
          1.38629  1.38629  1.38629  1.38629
          0.27732  4.78671  1.45308  0.39730  1.11515  0.00000        *
      1   2.01976  2.32200  0.43217  2.11913      - G - - :
          1.38629  1.38629  1.38629  1.38629
          0.06243  3.49796  3.49796  1.46634  0.26236  2.18247  0.11964
      2   2.02661  2.33124  0.42770  2.12833      - G - - :
          1.38629  1.38629  1.38629  1.38629
          0.06213  3.50261  3.50261  1.46634  0.26236  0.56504  0.84011
      3   2.14808  1.98624  2.23090  0.44840      - U - - :
          1.38629  1.38629  1.38629  1.38629
          0.05417  3.63574  3.63574  1.46634  0.26236  1.67721  0.20689
      4   0.37506  2.39177  2.19525  2.20769      - A - - :
          1.38629  1.38629  1.38629  1.38629
          0.05417  3.63574  3.63574  1.46634  0.26236  1.67721  0.20689
      5   0.37506  2.39177  2.19525  2.20769      - A - - :
          1.38629  1.38629  1.38629  1.38629
          0.05417  3.63574  3.63574  1.46634  0.26236  1.67721  0.20689
      6   1.93828  2.44717  0.41242  2.23059      - G - - :
          1.38629  1.38629  1.38629  1.38629
          0.05417  3.63574  3.63574  1.46634  0.26236  1.67721  0.20689
      7   0.70578  1.71932  1.87810  1.74751      - a - - :
          1.38629  1.38629  1.38629  1.38629
          0.05417  3.63574  3.63574  1.46634  0.26236  1.67721  0.20689
      8   2.12421  2.39101  0.38016  2.25203      - G - - :
          1.38629  1.38629  1.38629  1.38629
          0.05417  3.63574  3.63574  1.46634  0.26236  1.67721  0.20689
      9   2.02367  2.30602  0.46528  1.96460      - G - - :
          1.38629  1.38629  1.38629  1.38629
          0.05417  3.63574  3.63574  1.46634  0.26236  1.67721  0.20689
     10   2.23298  0.44687  2.28784  1.88597      - C - - :
          1.38629  1.38629  1.38629  1.38629
          0.05417  3.63574  3.63574  1.46634  0.26236  1.67721  0.20689
     11   1.90958  1.19799  2.00679  0.87794      - u - - :
          1.38629  1.38629  1.38629  1.38629
          0.05417  3.63574  3.63574  1.46634  0.26236  1.67721  0.20689
     12   0.37506  2.39177  2.19525  2.20769      - A - - :
          1.38629  1.38629  1.38629  1.38629
          0.05417  3.63574  3.63574  1.46634  0.26236  1.67721  0.20689
     13   1.73683  1.80329  1.98003  0.65181      - U - - :
          1.38629  1.38629  1.38629  1.38629
          0.05417  3.63574  3.63574  1.46634  0.26236  1.53124  0.24369
     14   1.27593  1.26237  1.78837  1.30705      - c - - :
          1.38629  1.38629  1.38629  1.38629
          0.05394  3.63988  3.63988  1.46634  0.26236  1.64740  0.21387
     15   2.27605  0.41973  2.37851  1.91463      - C - - :
          1.38629  1.38629  1.38629  1.38629
          0.05394  3.63988  3.63988  1.46634  0.26236  1.64740  0.21387
     16   2.08016  1.96934  2.19923  0.47056      - U - - :
          1.38629  1.38629  1.38629  1.38629
          0.05394  3.63988  3.63988  1.46634  0.26236  1.64740  0.21387
     17   1.98068  2.47508  0.39515  2.26058      - G - - :
          1.38629  1.38629  1.38629  1.38629
          0.05394  3.63988  3.63988  1.46634  0.26236  1.64740  0.21387
     18   1.18004  1.86687  1.17715  1.46980      - g - - :
          1.38629  1.38629  1.38629  1.38629
          0.05394  3.63988  3.63988  1.46634  0.26236  1.64740  0.21387
     19   1.60699  1.58562  1.88170  0.81564      - u - - :
          1.38629  1.38629  1.38629  1.38629
          0.05394  3.63988  3.63988  1.46634  0.26236  1.64740  0.21387
     20   1.93312  2.16469  0.57752  1.71909      - G - - :
          1.38629  1.38629  1.38629  1.38629
          0.05394  3.63988  3.63988  1.46634  0.26236  1.64740  0.21387
     21   1.80168  1.82020  1.46757  0.81531      - u - - :
          1.38629  1.38629  1.38629  1.38629
          0.05394  3.63988  3.63988  1.46634  0.26236  1.64740  0.21387
     22   1.83522  1.86334  1.50813  0.76799      - u - - :
          1.38629  1.38629  1.38629  1.38629
          0.05394  3.63988  3.63988  1.46634  0.26236  1.64740  0.21387
     23   2.15583  2.49952  0.36146  2.24988      - G - - :
          1.38629  1.38629  1.38629  1.38629
          0.05394  3.63988  3.63988  1.46634  0.26236  1.64740  0.21387
     24   1.25709  1.79641  1.60835  1.05152      - u - - :
          1.38629  1.38629  1.38629  1.38629
          0.05394  3.63988  3.63988  1.46634  0.26236  1.57357  0.23232
     25   1.88869  0.88254  2.02917  1.19220      - c - - :
          1.38629  1.38629  1.38629  1.38629
          0.07853  3.64189  3.00945  1.46634  0.26236  1.63254  0.21745
     26   1.76309  1.54105  1.62691  0.87277      - u - - :
          1.38629  1.38629  1.38629  1.38629
          0.06321  3.61850  3.36890  1.46634  0.26236  1.15916  0.37651
     27   0.59755  2.06205  1.76348  1.88913      - A - - :
          1.38629  1.38629  1.38629  1.38629
          0.05424  3.63443  3.63443  1.46634  0.26236  1.43686  0.27138
     28   1.61869  2.28792  0.55822  2.05463      - G - - :
          1.38629  1.38629  1.38629  1.38629
          0.05954  3.64189  3.45475  1.46634  0.26236  1.63254  0.21745
     29   1.20123  1.75004  1.23936  1.44461      - a - - :
          1.38629  1.38629  1.38629  1.38629
          0.05413  3.63648  3.63648  1.46634  0.26236  1.48483  0.25688
     30   1.78195  0.65016  2.09462  1.67872      - C - - :
          1.38629  1.38629  1.38629  1.38629
          0.05383  3.64189  3.64189  1.46634  0.26236  1.63254  0.21745
     31   0.67197  1.98035  1.89796  1.60244      - A - - :
          1.38629  1.38629  1.38629  1.38629
          0.05383  3.64189  3.64189  1.46634  0.26236  1.63254  0.21745
     32   1.75108  1.62917  1.95798  0.71503      - u - - :
          1.38629  1.38629  1.38629  1.38629
          0.05854  3.64189  3.48489  1.46634  0.26236  1.63254  0.21745
     33   1.14013  1.84052  1.28081  1.41191      - a - - :
          1.38629  1.38629  1.38629  1.38629
          0.08285  3.00499  3.50740  0.19250  1.74239  1.50822  0.25013
     34   1.74421  0.95577  1.40315  1.63537      - c - - :
          1.38629  1.38629  1.38629  1.38629
          0.05403  3.63824  3.63824  1.46634  0.26236  1.52929  0.24423
     35   0.93729  2.04767  1.15492  1.80669      - a - - :
          1.38629  1.38629  1.38629  1.38629
          0.05383  3.64189  3.64189  1.46634  0.26236  1.63254  0.21745
     36   1.81479  2.38938  0.46081  2.16571      - G - - :
          1.38629  1.38629  1.38629  1.38629
          0.18935  3.06620  2.07220  0.42369  1.06312  1.63254  0.21745
     37   1.26890  1.73699  1.33922  1.27026      - a - - :
          1.38629  1.38629  1.38629  1.38629
          0.05997  3.53685  3.53685  1.46634  0.26236  0.81219  0.58678
     38   1.54318  1.79282  1.16746  1.17553      - g - - :
          1.38629  1.38629  1.38629  1.38629
          0.13813  3.26751  2.39789  0.82878  0.57373  1.17297  0.37026
     39   1.62359  1.73570  0.85459  1.60407      - g - - :
          1.38629  1.38629  1.38629  1.38629
          0.05753  3.57714  3.57714  1.46634  0.26236  0.69845  0.68787
     40   2.25255  2.63903  0.30649  2.43709      - G - - :
          1.38629  1.38629  1.38629  1.38629
          0.05334  3.65082  3.65082  1.46634  0.26236  1.56331  0.23502
     41   2.29620  0.40979  2.40069  1.93163      - C - - :
          1.38629  1.38629  1.38629  1.38629
          0.05334  3.65082  3.65082  1.46634  0.26236  1.56331  0.23502
     42   2.29620  0.40979  2.40069  1.93163      - C - - :
          1.38629  1.38629  1.38629  1.38629
          0.05334  3.65082  3.65082  1.46634  0.26236  1.56331  0.23502
     43   2.17160  2.00613  2.25680  0.43570      - U - - :
          1.38629  1.38629  1.38629  1.38629
          0.05334  3.65082  3.65082  1.46634  0.26236  1.56331  0.23502
     44   2.29620  0.40979  2.40069  1.93163      - C - - :
          1.38629  1.38629  1.38629  1.38629
          0.05334  3.65082  3.65082  1.46634  0.26236  1.26354  0.33219
     45   2.17724  2.52916  0.35090  2.27434      - G - - :
          1.38629  1.38629  1.38629  1.38629
          0.13759  3.65985  2.27493  1.46634  0.26236  1.16869  0.37219
     46   2.03142  1.90673  2.05216  0.52454      - U - - :
          1.38629  1.38629  1.38629  1.38629
          0.07363  3.59006  3.13758  1.46634  0.26236  1.08003  0.41489
     47   1.88806  2.16330  0.56985  1.78330      - G - - :
          1.38629  1.38629  1.38629  1.38629
          0.15699  2.13449  3.61244  0.91131  0.51416  0.46270  0.99313
     48   2.31121  2.72010  0.28178  2.51889      - G - - :
          1.38629  1.38629  1.38629  1.38629
          0.05133  3.68825  3.68825  1.46634  0.26236  1.07459  0.41769
     49   2.08868  2.50362  0.37437  2.23833      - G - - :
          1.38629  1.38629  1.38629  1.38629
          0.05116  3.69147  3.69147  1.46634  0.26236  1.15593  0.37799
     50   2.23703  2.06125  2.32820  0.40278      - U - - :
          1.38629  1.38629  1.38629  1.38629
          0.05116  3.69147  3.69147  1.46634  0.26236  1.15593  0.37799
     51   1.97880  1.95348  1.96362  0.54535      - U - - :
          1.38629  1.38629  1.38629  1.38629
          0.05116  3.69147  3.69147  1.46634  0.26236  1.15593  0.37799
     52   0.51938  2.14643  2.05413  1.83253      - A - - :
          1.38629  1.38629  1.38629  1.38629
          0.05116  3.69147  3.69147  1.46634  0.26236  1.15593  0.37799
     53   0.41430  2.31086  2.17819  2.06536      - A - - :
          1.38629  1.38629  1.38629  1.38629
          0.05661  3.50309  3.69147  0.55862  0.84863  1.15593  0.37799
     54   2.10016  1.78682  2.19918  0.51220      - U - - :
          1.38629  1.38629  1.38629  1.38629
          0.13061  2.32786  3.69147  0.42597  1.05883  1.15593  0.37799
     55   1.80789  2.11033  0.59125  1.82531      - G - - :
          1.38629  1.38629  1.38629  1.38629
          0.05116  3.69147  3.69147  1.46634  0.26236  1.15593  0.37799
     56   0.56850  2.13806  1.81236  1.88076      - A - - :
          1.38629  1.38629  1.38629  1.38629
          0.18633  2.06224  3.15049  0.04696  3.08189  1.15593  0.37799
     57   0.44735  2.31408  1.96043  2.11175      - A - - :
          1.38629  1.38629  1.38629  1.38629
          0.05667  3.51641  3.67341  0.62572  0.76545  0.81863  0.58167
     58   0.53305  2.02881  2.03068  1.89413      - A - - :
          1.38629  1.38629  1.38629  1.38629
          0.07339  3.69147  3.08294  1.46634  0.26236  1.15593  0.37799
     59   0.56429  2.08899  1.99734  1.76183      - A - - :
          1.38629  1.38629  1.38629  1.38629
          0.15066  2.20511  3.51926  0.75342  0.63630  1.14064  0.38509
     60   1.57606  1.67398  1.90077  0.78469      - u - - :
          1.38629  1.38629  1.38629  1.38629
          0.05211  3.67341  3.67341  1.46634  0.26236  1.35961  0.29674
     61   1.89517  1.94905  2.13043  0.53016      - U - - :
          1.38629  1.38629  1.38629  1.38629
          0.05211  3.67341  3.67341  1.46634  0.26236  1.35961  0.29674
     62   0.93371  1.73032  1.79180  1.33552      - a - - :
          1.38629  1.38629  1.38629  1.38629
          0.05211  3.67341  3.67341  1.46634  0.26236  1.35961  0.29674
     63   0.62203  1.82738  1.95464  1.82824      - A - - :
          1.38629  1.38629  1.38629  1.38629
          0.05211  3.67341  3.67341  1.46634  0.26236  1.35960  0.29674
     64   2.20833  0.49767  2.32027  1.69325      - C - - :
          1.38629  1.38629  1.38629  1.38629
          0.09556  2.72201  3.67341  1.38932  0.28668  1.35961  0.29674
     65   2.20761  2.03650  2.29620  0.41717      - U - - :
          1.38629  1.38629  1.38629  1.38629
          0.14364  3.67341  2.22182  1.46634  0.26236  1.35960  0.29674
     66   0.60758  2.03129  1.90473  1.74124      - A - - :
          1.38629  1.38629  1.38629  1.38629
          0.05697  3.58674  3.58674  1.46634  0.26236  0.51756  0.90628
     67   2.33841  0.38991  2.44695  1.96723      - C - - :
          1.38629  1.38629  1.38629  1.38629
          0.05977  3.67341  3.42269  1.46634  0.26236  1.35961  0.29674
     68   2.27652  2.67211  0.29611  2.47045      - G - - :
          1.38629  1.38629  1.38629  1.38629
          0.05250  3.66615  3.66615  1.46634  0.26236  1.17949  0.36735
     69   2.28790  2.68783  0.29132  2.48632      - G - - :
          1.38629  1.38629  1.38629  1.38629
          0.05639  3.67341  3.52541  1.46634  0.26236  1.35961  0.29674
     70   2.28154  2.67904  0.29399  2.47744      - G - - :
          1.38629  1.38629  1.38629  1.38629
          0.05233  3.66935  3.66935  1.46634  0.26236  1.25174  0.33688
     71   2.28790  2.68783  0.29132  2.48632      - G - - :
          1.38629  1.38629  1.38629  1.38629
          0.05211  3.67341  3.67341  1.46634  0.26236  1.35961  0.29674
     72   2.33841  0.38991  2.44695  1.96723      - C - - :
          1.38629  1.38629  1.38629  1.38629
          0.05211  3.67341  3.67341  1.46634  0.26236  1.35961  0.29674
     73   2.20761  2.03650  2.29620  0.41717      - U - - :
          1.38629  1.38629  1.38629  1.38629
          0.05211  3.67341  3.67341  1.46634  0.26236  1.35961  0.29674
     74   1.65296  1.89739  2.00677  0.64601      - U - - :
          1.38629  1.38629  1.38629  1.38629
          0.05211  3.67341  3.67341  1.46634  0.26236  1.35961  0.29674
     75   2.20761  2.03650  2.29620  0.41717      - U - - :
          1.38629  1.38629  1.38629  1.38629
          0.05498  3.67341  3.57165  1.46634  0.26236  1.35960  0.29674
     76   2.05813  0.69874  2.16577  1.34539      - c - - :
          1.38629  1.38629  1.38629  1.38629
          0.05479  3.67069  3.58057  1.46634  0.26236  1.28498  0.32387
     77   1.82358  1.80816  1.54238  0.77495      - u - - :
          1.38629  1.38629  1.38629  1.38629
          0.05224  3.67101  3.67101  1.46634  0.26236  1.38353  0.28861
     78   1.79714  1.89121  1.15277  1.00081      - u - - :
          1.38629  1.38629  1.38629  1.38629
          0.05224  3.67101  3.67101  1.46634  0.26236  1.22059  0.34964
     79   2.09572  0.53299  2.26460  1.68040      - C - - :
          1.38629  1.38629  1.38629  1.38629
          0.05200  3.67551  3.67551  1.46634  0.26236  1.33815  0.30426
     80   1.88945  1.39965  2.02776  0.75389      - u - - :
          1.38629  1.38629  1.38629  1.38629
          0.06878  3.19109  3.67551  1.91188  0.15994  1.33815  0.30426
     81   2.16674  1.95629  2.25840  0.44699      - U - - :
          1.38629  1.38629  1.38629  1.38629
          0.05200  3.67551  3.67551  1.46634  0.26236  1.33815  0.30426
     82   2.21100  2.03935  2.29989  0.41548      - U - - :
          1.38629  1.38629  1.38629  1.38629
          0.05200  3.67551  3.67551  1.46634  0.26236  1.33815  0.30426
     83   2.00774  0.71749  2.03684  1.39720      - c - - :
          1.38629  1.38629  1.38629  1.38629
          0.05200  3.67551  3.67551  1.46634  0.26236  1.24803  0.33837
     84   2.21486  2.04261  2.30410  0.41356      - U - - :
          1.38629  1.38629  1.38629  1.38629
          0.05187  3.67789  3.67789  1.46634  0.26236  1.31310  0.31332
     85   2.03235  2.55115  0.36471  2.33738      - G - - :
          1.38629  1.38629  1.38629  1.38629
          0.05187  3.67789  3.67789  1.46634  0.26236  1.31310  0.31332
     86   2.30272  0.41775  2.41434  1.88346      - C - - :
          1.38629  1.38629  1.38629  1.38629
          0.05187  3.67789  3.67789  1.46634  0.26236  1.31310  0.31332
     87   2.31421  0.40915  2.42534  1.90722      - C - - :
          1.38629  1.38629  1.38629  1.38629
          0.06192  3.67789  3.35909  1.46634  0.26236  1.31310  0.31332
     88   0.87975  1.88919  1.53810  1.51810      - a - - :
          1.38629  1.38629  1.38629  1.38629
          0.05239  3.66836  3.66836  1.46634  0.26236  1.40932  0.28012
     89   2.17955  0.49446  2.10079  1.86661      - C - - :
          1.38629  1.38629  1.38629  1.38629
          0.05239  3.66836  3.66836  1.46634  0.26236  1.40932  0.28012
     90   0.34529  2.45852  2.26614  2.27581      - A - - :
          1.38629  1.38629  1.38629  1.38629
          0.06254  3.66836  3.34933  1.46634  0.26236  1.40932  0.28012
     91   2.31088  0.40273  2.41681  1.94401      - C - - :
          1.38629  1.38629  1.38629  1.38629
          0.05291  3.65872  3.65872  1.46634  0.26236  1.34016  0.30355
     92   0.65373  2.13316  1.54716  1.90660      - A - - :
          1.38629  1.38629  1.38629  1.38629
          0.05267  3.66309  3.66309  1.46634  0.26236  1.45837  0.26477
     93   0.34997  2.44757  2.25455  2.26463      - A - - :
          1.38629  1.38629  1.38629  1.38629
          0.06036  3.66309  3.41349  1.46634  0.26236  1.45837  0.26477
     94   2.11473  0.46515  2.31735  1.87890      - C - - :
          1.38629  1.38629  1.38629  1.38629
          0.07666  3.50589  3.12864  0.64293  0.74602  1.52224  0.24619
     95   0.70917  1.83459  1.85118  1.65436      - a - - :
          1.38629  1.38629  1.38629  1.38629
          0.10718  3.63769  2.58593  1.46634  0.26236  1.13613  0.38722
     96   1.63109  1.00022  1.59193  1.45691      - c - - :
          1.38629  1.38629  1.38629  1.38629
          0.08338  3.60646  2.94031  1.46634  0.26236  1.86333  0.16860
     97   1.87607  2.08273  0.56691  1.86470      - G - - :
          1.38629  1.38629  1.38629  1.38629
          0.06645  3.58042  3.31252  1.46634  0.26236  2.00038  0.14535
     98   1.52896  2.16514  0.64717  1.93115      - G - - :
          1.38629  1.38629  1.38629  1.38629
          0.05785  3.57183  3.57183  1.46634  0.26236  2.04111  0.13913
     99   1.84365  1.35978  1.94507  0.81629      - u - - :
          1.38629  1.38629  1.38629  1.38629
          0.05785  3.57183  3.57183  1.46634  0.26236  1.31577  0.31234
    100   0.49676  2.17235  2.01629  1.93485      - A - - :
          1.38629  1.38629  1.38629  1.38629
          0.07825  3.60133  3.03704  1.46634  0.26236  1.38320  0.28872
    101   0.77634  1.64222  1.82086  1.69023      - a - - :
          1.38629  1.38629  1.38629  1.38629
          0.05627  3.59874  3.59874  1.46634  0.26236  1.33151  0.30663
    102   2.23950  0.43855  2.33814  1.88380      - C - - :
          1.38629  1.38629  1.38629  1.38629
          0.05507  3.61977  3.61977  1.46634  0.26236  1.66121  0.21061
    103   0.50732  2.07926  2.01816  1.96631      - A - - :
          1.38629  1.38629  1.38629  1.38629
          0.05487  3.62326  3.62326  1.46634  0.26236  1.76152  0.18848
    104   0.61727  2.02566  1.92206  1.70171      - A - - :
          1.38629  1.38629  1.38629  1.38629
          0.05487  3.62326  3.62326  1.46634  0.26236  1.76152  0.18848
    105   0.45110  2.20179  2.08204  2.05733      - A - - :
          1.38629  1.38629  1.38629  1.38629
          0.05487  3.62326  3.62326  1.46634  0.26236  1.76152  0.18848
    106   1.91585  0.55760  2.18015  1.78871      - C - - :
          1.38629  1.38629  1.38629  1.38629
          0.05792  3.62326  3.52058  1.46634  0.26236  1.76152  0.18848
    107   2.24057  0.43799  2.33932  1.88470      - C - - :
          1.38629  1.38629  1.38629  1.38629
          0.05503  3.62037  3.62037  1.46634  0.26236  1.77992  0.18471
    108   0.38975  2.36117  2.16256  2.17652      - A - - :
          1.38629  1.38629  1.38629  1.38629
          0.07922  3.00799  3.62037  1.12766  0.39125  1.77992  0.18471
    109   2.10858  0.48213  2.27490  1.84316      - C - - :
          1.38629  1.38629  1.38629  1.38629
          0.07650  3.06019  3.62037  2.04494  0.13856  1.77992  0.18471
    110   2.09416  0.58572  2.19596  1.56603      - C - - :
          1.38629  1.38629  1.38629  1.38629
          0.05503  3.62037  3.62037  1.46634  0.26236  1.77992  0.18471
    111   1.70457  1.65010  1.80066  0.77451      - u - - :
          1.38629  1.38629  1.38629  1.38629
          0.05503  3.62037  3.62037  1.46634  0.26236  1.77992  0.18471
    112   1.63454  1.82127  1.74498  0.75824      - u - - :
          1.38629  1.38629  1.38629  1.38629
          0.05503  3.62037  3.62037  1.46634  0.26236  1.77992  0.18471
    113   1.49887  0.92788  1.88682  1.47109      - c - - :
          1.38629  1.38629  1.38629  1.38629
          0.05503  3.62037  3.62037  1.46634  0.26236  1.77992  0.18471
    114   0.59623  2.04700  1.93638  1.73860      - A - - :
          1.38629  1.38629  1.38629  1.38629
          0.05503  3.62037  3.62037  1.46634  0.26236  1.77992  0.18471
    115   2.24057  0.43799  2.33932  1.88470      - C - - :
          1.38629  1.38629  1.38629  1.38629
          0.05503  3.62037  3.62037  1.46634  0.26236  1.77992  0.18471
    116   1.79524  2.35302  0.47816  2.12942      - G - - :
          1.38629  1.38629  1.38629  1.38629
          0.05503  3.62037  3.62037  1.46634  0.26236  1.77992  0.18471
    117   2.00673  1.71691  2.09464  0.57476      - U - - :
          1.38629  1.38629  1.38629  1.38629
          0.06129  3.62037  3.42102  1.46634  0.26236  1.77992  0.18471
    118   2.17376  0.49287  2.27386  1.75756      - C - - :
          1.38629  1.38629  1.38629  1.38629
          0.05537  3.61444  3.61444  1.46634  0.26236  1.61711  0.22124
    119   0.42899  2.30725  2.05017  2.11540      - A - - :
          1.38629  1.38629  1.38629  1.38629
          0.05503  3.62037  3.62037  1.46634  0.26236  1.77992  0.18471
    120   2.12450  1.96626  2.20479  0.46163      - U - - :
          1.38629  1.38629  1.38629  1.38629
          0.05503  3.62037  3.62037  1.46634  0.26236  1.77992  0.18471
    121   2.07716  2.50299  0.36806  2.29466      - G - - :
          1.38629  1.38629  1.38629  1.38629
          0.05503  3.62037  3.62037  1.46634  0.26236  1.77992  0.18471
    122   0.38975  2.36117  2.16256  2.17652      - A - - :
          1.38629  1.38629  1.38629  1.38629
          0.05503  3.62037  3.62037  1.46634  0.26236  1.77992  0.18471
    123   2.09019  2.51012  0.36375  2.30244      - G - - :
          1.38629  1.38629  1.38629  1.38629
          0.05503  3.62037  3.62037  1.46634  0.26236  1.77992  0.18471
    124   2.20519  2.57393  0.32823  2.37151      - G - - :
          1.38629  1.38629  1.38629  1.38629
          0.05503  3.62037  3.62037  1.46634  0.26236  1.77992  0.18471
    125   2.24057  0.43799  2.33932  1.88470      - C - - :
          1.38629  1.38629  1.38629  1.38629
          0.06283  3.43979  3.54654  0.57407  0.82834  1.77992  0.18471
    126   0.39174  2.35713  2.15823  2.17241      - A - - :
          1.38629  1.38629  1.38629  1.38629
          0.05515  3.61831  3.61831  1.46634  0.26236  1.71894  0.19755
    127   1.13243  2.05881  0.94821  1.81577      - g - - :
          1.38629  1.38629  1.38629  1.38629
          0.05503  3.62037  3.62037  1.46634  0.26236  1.77992  0.18471
    128   0.38975  2.36117  2.16256  2.17652      - A - - :
          1.38629  1.38629  1.38629  1.38629
          0.05503  3.62037  3.62037  1.46634  0.26236  1.77992  0.18471
    129   0.38975  2.36117  2.16256  2.17652      - A - - :
          1.38629  1.38629  1.38629  1.38629
          0.06652  3.28122  3.62037  0.35856  1.19958  1.77992  0.18471
    130   0.38975  2.36117  2.16256  2.17652      - A - - :
          1.38629  1.38629  1.38629  1.38629
          0.05503  3.62037  3.62037  1.46634  0.26236  1.77992  0.18471
    131   2.08406  2.50677  0.36577  2.29878      - G - - :
          1.38629  1.38629  1.38629  1.38629
          0.05503  3.62037  3.62037  1.46634  0.26236  1.77992  0.18471
    132   2.24057  0.43799  2.33932  1.88470      - C - - :
          1.38629  1.38629  1.38629  1.38629
          0.05503  3.62037  3.62037  1.46634  0.26236  1.77992  0.18471
    133   2.24057  0.43799  2.33932  1.88470      - C - - :
          1.38629  1.38629  1.38629  1.38629
          0.05503  3.62037  3.62037  1.46634  0.26236  1.77992  0.18471
    134   2.12450  1.96626  2.20479  0.46163      - U - - :
          1.38629  1.38629  1.38629  1.38629
          0.05503  3.62037  3.62037  1.46634  0.26236  1.77992  0.18471
    135   2.24057  0.43799  2.33932  1.88470      - C - - :
          1.38629  1.38629  1.38629  1.38629
          0.05503  3.62037  3.62037  1.46634  0.26236  1.77992  0.18471
    136   0.38975  2.36117  2.16256  2.17652      - A - - :
          1.38629  1.38629  1.38629  1.38629
          0.05503  3.62037  3.62037  1.46634  0.26236  1.77992  0.18471
    137   0.38975  2.36117  2.16256  2.17652      - A - - :
          1.38629  1.38629  1.38629  1.38629
          0.05503  3.62037  3.62037  1.46634  0.26236  1.77992  0.18471
    138   2.20519  2.57393  0.32823  2.37151      - G - - :
          1.38629  1.38629  1.38629  1.38629
          0.05503  3.62037  3.62037  1.46634  0.26236  1.77992  0.18471
    139   2.24057  0.43799  2.33932  1.88470      - C - - :
          1.38629  1.38629  1.38629  1.38629
          0.05503  3.62037  3.62037  1.46634  0.26236  1.77992  0.18471
    140   2.11577  2.44282  0.38538  2.18610      - G - - :
          1.38629  1.38629  1.38629  1.38629
          0.05503  3.62037  3.62037  1.46634  0.26236  1.77992  0.18471
    141   2.24057  0.43799  2.33932  1.88470      - C - - :
          1.38629  1.38629  1.38629  1.38629
          0.05503  3.62037  3.62037  1.46634  0.26236  1.77992  0.18471
    142   2.24057  0.43799  2.33932  1.88470      - C - - :
          1.38629  1.38629  1.38629  1.38629
          0.21839  3.62037  1.77538  1.46634  0.26236  1.77992  0.18471
    143   1.38176  1.99587  0.81777  1.76285      - g - - :
          1.38629  1.38629  1.38629  1.38629
                *  0.00000        *  0.45905  0.99935  0.00000        *
//
