INFERNAL1/a [1.1.2 | July 2016]
NAME     at_nt_zoro_orzo_round5_0001
STATES   247
NODES    72
CLEN     81
W        98
ALPH     RNA
RF       no
CONS     yes
MAP      yes
DATE     Mon Dec 16 20:11:39 2019
COM      [1] cmbuild /home/co78wid/projects/master/results/ta_systems/zoro_orzo/2_structure_analysis/infernal_search/at_nt_zoro_orzo_cmbuild.txt /home/co78wid/projects/master/results/ta_systems/zoro_orzo/1_sequence_analysis/fold/at_nt_zoro_orzo_round5.stk
COM      [2] cmcalibrate --cpu 20 /home/co78wid/projects/master/results/ta_systems/zoro_orzo/2_structure_analysis/infernal_search/at_nt_zoro_orzo_cmbuild.txt
PBEGIN   0.05
PEND     0.05
WBETA    1e-07
QDBBETA1 1e-07
QDBBETA2 1e-15
N2OMEGA  1.52588e-05
N3OMEGA  1.52588e-05
ELSELF   -0.08926734
NSEQ     21
EFFN     1.735474
CKSUM    495231209
NULL     0.000  0.000  0.000  0.000 
EFP7GF   -7.9041 0.71872
ECMLC    0.52196   -10.84540     0.91994     1600000      557455  0.002153
ECMGC    0.42448   -14.93926    -1.29990     1600000      130751  0.003059
ECMLI    0.47320    -8.27498     3.13607     1600000      265603  0.004518
ECMGI    0.44367    -9.42453     2.35201     1600000       74341  0.005381
CM
                                             [ ROOT    0 ]      -      - - - - -
     S     0    -1 0     1     4     1     1    98   119  -6.866  -7.073  -0.237  -2.885                 
    IL     1     1 2     1     4     1    19   102   123  -1.686  -2.369  -1.117  -4.855                  0.000  0.000  0.000  0.000 
    IR     2     2 3     2     3     1    19   101   122  -1.442  -0.798  -4.142                          0.000  0.000  0.000  0.000 
                                             [ MATL    1 ]      1      - G - - -
    ML     3     2 3     5     3     1    20    98   119  -7.729  -0.024  -6.383                         -1.080 -2.214  1.576 -1.599 
     D     4     2 3     5     3     0    12    96   117  -7.113  -2.626  -0.267                         
    IL     5     5 3     5     3     1    18   100   121  -1.442  -0.798  -4.142                          0.000  0.000  0.000  0.000 
                                             [ MATL    2 ]      2      - U - - -
    ML     6     5 3     8     3     1    19    97   118  -7.729  -0.024  -6.383                         -1.066 -1.139 -1.774  1.473 
     D     7     5 3     8     3     0    12    95   116  -7.113  -2.626  -0.267                         
    IL     8     8 3     8     3     1    18    99   120  -1.442  -0.798  -4.142                          0.000  0.000  0.000  0.000 
                                             [ MATL    3 ]      3      - U - - -
    ML     9     8 3    11     3     1    19    96   117  -7.729  -0.024  -6.383                         -1.066 -1.139 -1.774  1.473 
     D    10     8 3    11     3     0    11    94   115  -7.113  -2.626  -0.267                         
    IL    11    11 3    11     3     1    17    98   119  -1.442  -0.798  -4.142                          0.000  0.000  0.000  0.000 
                                             [ MATL    4 ]      4      - G - - -
    ML    12    11 3    14     3     1    18    95   116  -7.729  -0.024  -6.383                         -1.080 -2.214  1.576 -1.599 
     D    13    11 3    14     3     0    11    93   114  -7.113  -2.626  -0.267                         
    IL    14    14 3    14     3     1    17    97   118  -1.442  -0.798  -4.142                          0.000  0.000  0.000  0.000 
                                             [ MATL    5 ]      5      - G - - -
    ML    15    14 3    17     3     1    18    94   115  -7.729  -0.024  -6.383                         -0.031 -1.488  1.085 -0.882 
     D    16    14 3    17     3     0    10    92   112  -7.113  -2.626  -0.267                         
    IL    17    17 3    17     3     1    16    96   117  -1.442  -0.798  -4.142                          0.000  0.000  0.000  0.000 
                                             [ MATL    6 ]      6      - u - - -
    ML    18    17 3    20     3     1    17    93   114  -7.729  -0.024  -6.383                         -0.255 -0.792  0.146  0.564 
     D    19    17 3    20     3     0    10    91   111  -7.113  -2.626  -0.267                         
    IL    20    20 3    20     3     1    16    95   115  -1.442  -0.798  -4.142                          0.000  0.000  0.000  0.000 
                                             [ MATL    7 ]      7      - A - - -
    ML    21    20 3    23     3     1    17    92   112  -7.729  -0.024  -6.383                          1.260 -1.374 -0.602 -0.836 
     D    22    20 3    23     3     0     9    90   110  -7.113  -2.626  -0.267                         
    IL    23    23 3    23     3     1    15    94   114  -1.442  -0.798  -4.142                          0.000  0.000  0.000  0.000 
                                             [ MATL    8 ]      8      - c - - -
    ML    24    23 3    26     3     1    16    91   111  -7.729  -0.024  -6.383                         -0.574  0.693 -1.344  0.398 
     D    25    23 3    26     3     0     9    89   109  -7.113  -2.626  -0.267                         
    IL    26    26 3    26     3     1    15    93   113  -1.442  -0.798  -4.142                          0.000  0.000  0.000  0.000 
                                             [ MATL    9 ]      9      - G - - -
    ML    27    26 3    29     3     1    15    90   110  -7.729  -0.024  -6.383                         -1.080 -2.214  1.576 -1.599 
     D    28    26 3    29     3     0     8    88   108  -7.113  -2.626  -0.267                         
    IL    29    29 3    29     3     1    14    92   112  -1.442  -0.798  -4.142                          0.000  0.000  0.000  0.000 
                                             [ MATL   10 ]     10      - a - - -
    ML    30    29 3    32     3     1    15    89   109  -7.729  -0.068  -4.605                          0.676 -0.242 -0.894  0.026 
     D    31    29 3    32     3     0     8    87   107  -7.113  -2.626  -0.267                         
    IL    32    32 3    32     3     1    14    91   111  -1.442  -0.798  -4.142                          0.000  0.000  0.000  0.000 
                                             [ MATL   11 ]     11      - a - - -
    ML    33    32 3    35     3     1    15    88   108  -7.687  -0.025  -6.341                          0.910 -0.323 -0.939 -0.322 
     D    34    32 3    35     3     0     7    86   106  -7.276  -1.992  -0.430                         
    IL    35    35 3    35     3     1    13    90   110  -1.442  -0.798  -4.142                          0.000  0.000  0.000  0.000 
                                             [ MATL   12 ]     12      - A - - -
    ML    36    35 3    38     3     1    15    87   107  -7.729  -0.024  -6.383                          1.595 -1.905 -1.584 -1.405 
     D    37    35 3    38     3     0     7    85   105  -7.113  -2.626  -0.267                         
    IL    38    38 3    38     3     1    13    89   109  -1.442  -0.798  -4.142                          0.000  0.000  0.000  0.000 
                                             [ MATL   13 ]     13      - U - - -
    ML    39    38 3    41     3     1    14    86   106  -7.729  -0.024  -6.383                         -0.695 -0.461 -1.418  1.190 
     D    40    38 3    41     3     0     6    84   104  -7.113  -2.626  -0.267                         
    IL    41    41 3    41     3     1    13    88   108  -1.442  -0.798  -4.142                          0.000  0.000  0.000  0.000 
                                             [ MATL   14 ]     14      - G - - -
    ML    42    41 3    44     3     1    14    85   105  -7.729  -0.024  -6.383                         -0.562 -1.841  1.388 -1.232 
     D    43    41 3    44     3     0     6    83   103  -7.113  -2.626  -0.267                         
    IL    44    44 3    44     3     1    12    86   107  -1.442  -0.798  -4.142                          0.000  0.000  0.000  0.000 
                                             [ MATL   15 ]     15      - U - - -
    ML    45    44 3    47     3     1    13    84   104  -7.729  -0.024  -6.383                         -0.695 -0.461 -1.418  1.190 
     D    46    44 3    47     3     0     5    82   102  -7.113  -2.626  -0.267                         
    IL    47    47 3    47     3     1    12    85   106  -1.442  -0.798  -4.142                          0.000  0.000  0.000  0.000 
                                             [ MATL   16 ]     16      - U - - -
    ML    48    47 3    50     3     1    13    83   103  -7.729  -0.024  -6.383                         -1.066 -1.139 -1.774  1.473 
     D    49    47 3    50     3     0     5    80   101  -7.113  -2.626  -0.267                         
    IL    50    50 3    50     3     1    11    84   105  -1.442  -0.798  -4.142                          0.000  0.000  0.000  0.000 
                                             [ MATL   17 ]     17      - G - - -
    ML    51    50 3    53     3     1    12    82   102  -7.729  -0.024  -6.383                         -1.080 -2.214  1.576 -1.599 
     D    52    50 3    53     3     0     5    79   100  -7.113  -2.626  -0.267                         
    IL    53    53 3    53     3     1    11    83   104  -1.442  -0.798  -4.142                          0.000  0.000  0.000  0.000 
                                             [ MATL   18 ]     18      - C - - -
    ML    54    53 3    56     3     1    12    81   101  -7.729  -0.024  -6.383                         -1.190  1.434 -1.988 -0.719 
     D    55    53 3    56     3     0     4    78    99  -7.113  -2.626  -0.267                         
    IL    56    56 3    56     3     1    10    82   103  -1.442  -0.798  -4.142                          0.000  0.000  0.000  0.000 
                                             [ MATL   19 ]     19      - A - - -
    ML    57    56 3    59     3     1    12    80   100  -7.729  -0.024  -6.383                          1.595 -1.905 -1.584 -1.405 
     D    58    56 3    59     3     0     4    77    98  -7.113  -2.626  -0.267                         
    IL    59    59 3    59     3     1    10    81   102  -1.442  -0.798  -4.142                          0.000  0.000  0.000  0.000 
                                             [ MATL   20 ]     20      - C - - -
    ML    60    59 3    62     3     1    11    78    99  -7.729  -0.024  -6.383                         -0.772  1.076 -1.561 -0.049 
     D    61    59 3    62     3     0     4    76    97  -7.113  -2.626  -0.267                         
    IL    62    62 3    62     3     1     9    80   101  -1.442  -0.798  -4.142                          0.000  0.000  0.000  0.000 
                                             [ MATL   21 ]     21      - A - - -
    ML    63    62 3    65     3     1    11    77    98  -7.729  -0.024  -6.383                          1.090 -1.031 -1.035 -0.162 
     D    64    62 3    65     3     0     3    75    96  -7.113  -2.626  -0.267                         
    IL    65    65 3    65     3     1     9    79   100  -1.442  -0.798  -4.142                          0.000  0.000  0.000  0.000 
                                             [ MATL   22 ]     22      - A - - -
    ML    66    65 3    68     3     1    10    76    96  -7.729  -0.024  -6.383                          1.595 -1.905 -1.584 -1.405 
     D    67    65 3    68     3     0     3    74    94  -7.113  -2.626  -0.267                         
    IL    68    68 3    68     3     1     8    78    99  -1.442  -0.798  -4.142                          0.000  0.000  0.000  0.000 
                                             [ MATL   23 ]     23      - U - - -
    ML    69    68 3    71     3     1    10    75    95  -7.729  -0.024  -6.383                         -1.066 -1.139 -1.774  1.473 
     D    70    68 3    71     3     0     3    73    93  -7.113  -2.626  -0.267                         
    IL    71    71 3    71     3     1     8    77    97  -1.442  -0.798  -4.142                          0.000  0.000  0.000  0.000 
                                             [ MATL   24 ]     24      - C - - -
    ML    72    71 3    74     3     1     9    74    94  -7.729  -0.024  -6.383                         -0.944  1.257 -1.739 -0.340 
     D    73    71 3    74     3     0     2    72    92  -7.113  -2.626  -0.267                         
    IL    74    74 3    74     3     1     8    76    96  -1.442  -0.798  -4.142                          0.000  0.000  0.000  0.000 
                                             [ MATL   25 ]     25      - A - - -
    ML    75    74 3    77     3     1     9    73    93  -7.729  -0.024  -6.383                          1.595 -1.905 -1.584 -1.405 
     D    76    74 3    77     3     0     2    71    91  -7.113  -2.626  -0.267                         
    IL    77    77 3    77     3     1     7    75    95  -1.442  -0.798  -4.142                          0.000  0.000  0.000  0.000 
                                             [ MATL   26 ]     26      - G - - -
    ML    78    77 3    80     3     1     9    72    92  -7.729  -0.024  -6.383                         -1.080 -2.214  1.576 -1.599 
     D    79    77 3    80     3     0     2    70    90  -7.113  -2.626  -0.267                         
    IL    80    80 3    80     3     1     7    74    94  -1.442  -0.798  -4.142                          0.000  0.000  0.000  0.000 
                                             [ MATL   27 ]     27      - c - - -
    ML    81    80 3    83     3     1     8    71    91  -7.729  -0.024  -6.383                         -0.544  0.565 -1.307  0.517 
     D    82    80 3    83     3     0     1    69    89  -7.113  -2.626  -0.267                         
    IL    83    83 3    83     3     1     7    73    93  -1.442  -0.798  -4.142                          0.000  0.000  0.000  0.000 
                                             [ MATL   28 ]     28      - A - - -
    ML    84    83 3    86     3     1     8    70    90  -7.729  -0.024  -6.383                          1.595 -1.905 -1.584 -1.405 
     D    85    83 3    86     3     0     1    68    88  -7.113  -2.626  -0.267                         
    IL    86    86 3    86     3     1     6    72    92  -1.442  -0.798  -4.142                          0.000  0.000  0.000  0.000 
                                             [ MATL   29 ]     29      - A - - -
    ML    87    86 3    89     3     1     8    69    89  -7.729  -0.024  -6.383                          1.595 -1.905 -1.584 -1.405 
     D    88    86 3    89     3     0     1    67    87  -7.113  -2.626  -0.267                         
    IL    89    89 3    89     3     1     6    71    91  -1.442  -0.798  -4.142                          0.000  0.000  0.000  0.000 
                                             [ MATL   30 ]     30      - g - - -
    ML    90    89 3    92     3     1     7    68    88  -7.729  -0.024  -6.383                         -0.197 -0.359  0.529 -0.144 
     D    91    89 3    92     3     0     1    66    86  -7.113  -2.626  -0.267                         
    IL    92    92 3    92     3     1     6    70    90  -1.442  -0.798  -4.142                          0.000  0.000  0.000  0.000 
                                             [ MATL   31 ]     31      - U - - -
    ML    93    92 3    95     3     1     7    67    87  -7.729  -0.024  -6.383                         -1.066 -1.139 -1.774  1.473 
     D    94    92 3    95     3     0     0    65    85  -7.113  -2.626  -0.267                         
    IL    95    95 3    95     3     1     5    69    89  -1.442  -0.798  -4.142                          0.000  0.000  0.000  0.000 
                                             [ MATL   32 ]     32      - U - - -
    ML    96    95 3    98     3     1     7    66    86  -7.729  -0.024  -6.383                         -1.066 -1.139 -1.774  1.473 
     D    97    95 3    98     3     0     0    64    84  -7.113  -2.626  -0.267                         
    IL    98    98 3    98     3     1     5    68    88  -1.442  -0.798  -4.142                          0.000  0.000  0.000  0.000 
                                             [ MATL   33 ]     33      - A - - -
    ML    99    98 3   101     3     1     6    65    85  -7.729  -0.024  -6.383                          1.595 -1.905 -1.584 -1.405 
     D   100    98 3   101     3     0     0    63    83  -7.113  -2.626  -0.267                         
    IL   101   101 3   101     3     1     5    67    87  -1.442  -0.798  -4.142                          0.000  0.000  0.000  0.000 
                                             [ MATL   34 ]     34      - a - - -
    ML   102   101 3   104     3     1     6    64    84  -7.729  -0.024  -6.383                          0.524 -0.906  0.149 -0.121 
     D   103   101 3   104     3     0     0    62    82  -7.113  -2.626  -0.267                         
    IL   104   104 3   104     3     1     4    66    86  -1.442  -0.798  -4.142                          0.000  0.000  0.000  0.000 
                                             [ MATL   35 ]     35      - C - - -
    ML   105   104 3   107     3     1     5    63    82  -7.729  -0.024  -6.383                         -1.190  1.434 -1.988 -0.719 
     D   106   104 3   107     3     0     0    61    81  -7.113  -2.626  -0.267                         
    IL   107   107 3   107     3     1     4    65    85  -1.442  -0.798  -4.142                          0.000  0.000  0.000  0.000 
                                             [ MATL   36 ]     36      - G - - -
    ML   108   107 3   110     3     1     5    62    81  -7.729  -0.024  -6.383                         -0.031 -1.488  1.085 -0.882 
     D   109   107 3   110     3     0     0    60    79  -7.113  -2.626  -0.267                         
    IL   110   110 3   110     3     1     4    64    84  -1.442  -0.798  -4.142                          0.000  0.000  0.000  0.000 
                                             [ MATL   37 ]     37      - U - - -
    ML   111   110 3   113     3     1     4    61    80  -7.729  -0.024  -6.383                         -1.066 -1.139 -1.774  1.473 
     D   112   110 3   113     3     0     0    59    79  -7.113  -2.626  -0.267                         
    IL   113   113 3   113     3     1     3    63    83  -1.442  -0.798  -4.142                          0.000  0.000  0.000  0.000 
                                             [ MATL   38 ]     38      - C - - -
    ML   114   113 3   116     3     1     3    60    79  -7.729  -0.024  -6.383                         -1.190  1.434 -1.988 -0.719 
     D   115   113 3   116     3     0     0    58    78  -7.113  -0.643  -1.505                         
    IL   116   116 3   116     3     1     2    62    81  -1.442  -0.798  -4.142                          0.000  0.000  0.000  0.000 
                                             [ MATL   39 ]     39      - A - - -
    ML   117   116 3   119     3     1     3    58    78  -7.889  -0.022  -6.543                          1.684 -2.219 -1.867 -1.747 
     D   118   116 3   119     3     0     0    57    77  -6.174  -1.687  -0.566                         
    IL   119   119 3   119     3     1     2    60    80  -1.442  -0.798  -4.142                          0.000  0.000  0.000  0.000 
                                             [ MATL   40 ]     40      - a - - -
    ML   120   119 3   122     3     1     3    57    77  -7.889  -0.022  -6.543                          0.967 -0.412 -1.040 -0.309 
     D   121   119 3   122     3     0     0    56    76  -6.174  -1.687  -0.566                         
    IL   122   122 3   122     3     1     1    59    79  -1.442  -0.798  -4.142                          0.000  0.000  0.000  0.000 
                                             [ MATL   41 ]     41      - a - - -
    ML   123   122 3   125     3     1     2    56    76  -7.889  -0.022  -6.543                          0.992 -0.993 -1.067  0.045 
     D   124   122 3   125     3     0     0    55    75  -6.174  -1.687  -0.566                         
    IL   125   125 3   125     3     1     1    58    78  -1.442  -0.798  -4.142                          0.000  0.000  0.000  0.000 
                                             [ MATL   42 ]     42      - G - - -
    ML   126   125 3   128     3     1     2    55    75  -7.889  -0.022  -6.543                         -0.179 -1.728  1.237 -1.129 
     D   127   125 3   128     3     0     0    54    74  -6.174  -1.687  -0.566                         
    IL   128   128 3   128     3     1     1    57    77  -1.442  -0.798  -4.142                          0.000  0.000  0.000  0.000 
                                             [ MATL   43 ]     43      - U - - -
    ML   129   128 3   131     3     1     2    54    74  -7.889  -0.022  -6.543                         -1.347 -1.368 -2.073  1.576 
     D   130   128 3   131     3     0     0    53    72  -6.174  -1.687  -0.566                         
    IL   131   131 3   131     3     1     1    56    76  -1.442  -0.798  -4.142                          0.000  0.000  0.000  0.000 
                                             [ MATL   44 ]     44      - A - - -
    ML   132   131 3   134     3     1     1    53    73  -7.889  -0.022  -6.543                          1.509 -1.677 -1.510 -1.028 
     D   133   131 3   134     3     0     0    52    71  -6.174  -1.687  -0.566                         
    IL   134   134 3   134     3     1     1    55    75  -1.442  -0.798  -4.142                          0.000  0.000  0.000  0.000 
                                             [ MATL   45 ]     45      - G - - -
    ML   135   134 3   137     3     1     1    52    71  -7.889  -0.022  -6.543                         -0.116 -1.688  1.200 -1.089 
     D   136   134 3   137     3     0     0    51    70  -6.174  -1.687  -0.566                         
    IL   137   137 3   137     3     1     1    54    74  -1.442  -0.798  -4.142                          0.000  0.000  0.000  0.000 
                                             [ MATL   46 ]     46      - U - - -
    ML   138   137 3   140     3     1     1    51    70  -7.889  -0.022  -6.543                         -0.837 -0.462 -1.571  1.250 
     D   139   137 3   140     3     0     0    50    69  -6.174  -1.687  -0.566                         
    IL   140   140 3   140     3     1     1    53    73  -1.442  -0.798  -4.142                          0.000  0.000  0.000  0.000 
                                             [ MATL   47 ]     47      - A - - -
    ML   141   140 3   143     3     1     1    50    69  -7.889  -0.022  -6.543                          1.684 -2.219 -1.867 -1.747 
     D   142   140 3   143     3     0     0    49    68  -6.174  -1.687  -0.566                         
    IL   143   143 3   143     3     1     1    52    72  -1.442  -0.798  -4.142                          0.000  0.000  0.000  0.000 
                                             [ MATL   48 ]     48      - A - - -
    ML   144   143 3   146     3     1     1    49    68  -7.889  -0.022  -6.543                          1.684 -2.219 -1.867 -1.747 
     D   145   143 3   146     3     0     0    48    67  -6.174  -1.687  -0.566                         
    IL   146   146 3   146     3     1     1    51    71  -1.442  -0.798  -4.142                          0.000  0.000  0.000  0.000 
                                             [ MATL   49 ]     49      - A - - -
    ML   147   146 3   149     3     1     1    48    67  -7.889  -0.022  -6.543                          1.684 -2.219 -1.867 -1.747 
     D   148   146 3   149     3     0     0    46    66  -6.174  -1.687  -0.566                         
    IL   149   149 3   149     3     1     1    50    70  -1.442  -0.798  -4.142                          0.000  0.000  0.000  0.000 
                                             [ MATL   50 ]     50      - U - - -
    ML   150   149 3   152     5     1     1    47    66  -7.028  -0.041  -6.843  -7.055  -7.947         -1.347 -1.368 -2.073  1.576 
     D   151   149 3   152     5     0     0    45    65  -4.959  -0.803  -4.221  -2.596  -2.508         
    IL   152   152 3   152     5     1     1    47    66  -2.408  -0.496  -4.087  -5.920  -5.193          0.000  0.000  0.000  0.000 
                                             [ MATP   51 ]     51     81 A U - -
    MP   153   152 3   157     6     2     2    46    65  -9.077  -9.016  -0.022  -7.793  -8.072  -8.467 -3.669 -2.733 -3.696  3.246 -3.974 -5.026  0.318 -3.746 -3.593  1.211 -4.135 -0.229 -0.100 -4.234 -1.624 -2.538 
    ML   154   152 3   157     6     1     1    44    63  -6.250  -6.596  -1.310  -1.005  -6.446  -3.975  0.368 -0.385 -0.191  0.094 
    MR   155   152 3   157     6     1     1    44    63  -6.988  -5.717  -1.625  -5.695  -0.829  -3.908  0.368 -0.385 -0.191  0.094 
     D   156   152 3   157     6     0     0    42    61  -9.049  -7.747  -3.544  -4.226  -4.244  -0.319 
    IL   157   157 5   157     6     1     1    45    65  -2.579  -2.842  -0.760  -4.497  -5.274  -4.934  0.000  0.000  0.000  0.000 
    IR   158   158 6   158     5     1     1    45    64  -2.408  -0.496  -5.920  -4.087  -5.193          0.000  0.000  0.000  0.000 
                                             [ MATP   52 ]     52     80 A U - -
    MP   159   158 6   163     6     2     2    44    63  -9.077  -9.016  -0.022  -7.793  -8.072  -8.467 -3.669 -2.733 -3.696  3.246 -3.974 -5.026  0.318 -3.746 -3.593  1.211 -4.135 -0.229 -0.100 -4.234 -1.624 -2.538 
    ML   160   158 6   163     6     1     1    42    61  -6.250  -6.596  -1.310  -1.005  -6.446  -3.975  0.368 -0.385 -0.191  0.094 
    MR   161   158 6   163     6     1     1    42    61  -6.988  -5.717  -1.625  -5.695  -0.829  -3.908  0.368 -0.385 -0.191  0.094 
     D   162   158 6   163     6     0     0    40    59  -9.049  -7.747  -3.544  -4.226  -4.244  -0.319 
    IL   163   163 5   163     6     1     1    43    63  -2.579  -2.842  -0.760  -4.497  -5.274  -4.934  0.000  0.000  0.000  0.000 
    IR   164   164 6   164     5     1     1    43    62  -2.408  -0.496  -5.920  -4.087  -5.193          0.000  0.000  0.000  0.000 
                                             [ MATP   53 ]     53     79 A U - -
    MP   165   164 6   169     6     2     2    42    61  -9.077  -9.016  -0.022  -7.793  -8.072  -8.467 -3.669 -2.733 -3.696  3.246 -3.974 -5.026  0.318 -3.746 -3.593  1.211 -4.135 -0.229 -0.100 -4.234 -1.624 -2.538 
    ML   166   164 6   169     6     1     1    40    59  -6.250  -6.596  -1.310  -1.005  -6.446  -3.975  0.368 -0.385 -0.191  0.094 
    MR   167   164 6   169     6     1     1    40    59  -6.988  -5.717  -1.625  -5.695  -0.829  -3.908  0.368 -0.385 -0.191  0.094 
     D   168   164 6   169     6     0     0    38    57  -9.049  -7.747  -3.544  -4.226  -4.244  -0.319 
    IL   169   169 5   169     6     1     1    41    61  -2.579  -2.842  -0.760  -4.497  -5.274  -4.934  0.000  0.000  0.000  0.000 
    IR   170   170 6   170     5     1     1    41    60  -2.408  -0.496  -5.920  -4.087  -5.193          0.000  0.000  0.000  0.000 
                                             [ MATP   54 ]     54     78 A U - -
    MP   171   170 6   175     6     2     2    40    59  -9.077  -9.016  -0.022  -7.793  -8.072  -8.467 -3.669 -2.733 -3.696  3.246 -3.974 -5.026  0.318 -3.746 -3.593  1.211 -4.135 -0.229 -0.100 -4.234 -1.624 -2.538 
    ML   172   170 6   175     6     1     1    38    57  -6.250  -6.596  -1.310  -1.005  -6.446  -3.975  0.368 -0.385 -0.191  0.094 
    MR   173   170 6   175     6     1     1    38    57  -6.988  -5.717  -1.625  -5.695  -0.829  -3.908  0.368 -0.385 -0.191  0.094 
     D   174   170 6   175     6     0     0    36    55  -9.049  -7.747  -3.544  -4.226  -4.244  -0.319 
    IL   175   175 5   175     6     1     1    39    59  -2.579  -2.842  -0.760  -4.497  -5.274  -4.934  0.000  0.000  0.000  0.000 
    IR   176   176 6   176     5     1     1    39    58  -2.408  -0.496  -5.920  -4.087  -5.193          0.000  0.000  0.000  0.000 
                                             [ MATP   55 ]     55     77 g u - -
    MP   177   176 6   181     6     2     2    38    57  -9.077  -9.016  -0.022  -7.793  -8.072  -8.467 -3.469 -2.340 -3.592  1.166 -4.205 -4.660  0.175 -3.757 -3.399  2.345 -3.886  2.426 -0.115 -3.923 -1.764 -2.398 
    ML   178   176 6   181     6     1     1    36    56  -6.250  -6.596  -1.310  -1.005  -6.446  -3.975  0.368 -0.385 -0.191  0.094 
    MR   179   176 6   181     6     1     1    36    56  -6.988  -5.717  -1.625  -5.695  -0.829  -3.908  0.368 -0.385 -0.191  0.094 
     D   180   176 6   181     6     0     0    34    53  -9.049  -7.747  -3.544  -4.226  -4.244  -0.319 
    IL   181   181 5   181     6     1     1    37    57  -2.579  -2.842  -0.760  -4.497  -5.274  -4.934  0.000  0.000  0.000  0.000 
    IR   182   182 6   182     5     1     1    37    56  -2.408  -0.496  -5.920  -4.087  -5.193          0.000  0.000  0.000  0.000 
                                             [ MATP   56 ]     56     76 A U - -
    MP   183   182 6   187     6     2     2    36    55  -9.077  -9.016  -0.022  -7.793  -8.072  -8.467 -3.669 -2.733 -3.696  3.246 -3.974 -5.026  0.318 -3.746 -3.593  1.211 -4.135 -0.229 -0.100 -4.234 -1.624 -2.538 
    ML   184   182 6   187     6     1     1    35    54  -6.250  -6.596  -1.310  -1.005  -6.446  -3.975  0.368 -0.385 -0.191  0.094 
    MR   185   182 6   187     6     1     1    35    54  -6.988  -5.717  -1.625  -5.695  -0.829  -3.908  0.368 -0.385 -0.191  0.094 
     D   186   182 6   187     6     0     0    33    52  -9.049  -7.747  -3.544  -4.226  -4.244  -0.319 
    IL   187   187 5   187     6     1     1    36    55  -2.579  -2.842  -0.760  -4.497  -5.274  -4.934  0.000  0.000  0.000  0.000 
    IR   188   188 6   188     5     1     1    35    54  -2.408  -0.496  -5.920  -4.087  -5.193          0.000  0.000  0.000  0.000 
                                             [ MATP   57 ]     57     75 A U - -
    MP   189   188 6   193     4     2     2    34    53  -6.866  -7.073  -0.056  -5.487                 -3.343 -1.422 -3.406  3.082 -3.785 -4.572  0.338 -3.600 -3.385  1.486 -3.923 -0.177  0.058 -3.759 -1.525 -2.343 
    ML   190   188 6   193     4     1     1    34    54  -3.758  -3.940  -0.507  -2.670                  0.368 -0.385 -0.191  0.094 
    MR   191   188 6   193     4     1     1    34    53  -4.809  -3.838  -1.706  -0.766                  0.368 -0.385 -0.191  0.094 
     D   192   188 6   193     4     0     0    33    52  -4.568  -4.250  -2.265  -0.520                 
    IL   193   193 5   193     4     1     1    36    55  -1.686  -2.369  -1.117  -4.855                  0.000  0.000  0.000  0.000 
    IR   194   194 6   194     3     1     1    35    54  -1.442  -0.798  -4.142                          0.000  0.000  0.000  0.000 
                                             [ MATL   58 ]     58      - C - - -
    ML   195   194 6   197     3     1     1    31    50  -8.284  -0.020  -6.602                         -1.559  1.571 -2.376 -1.010 
     D   196   194 6   197     3     0     0    30    49  -5.620  -0.734  -1.403                         
    IL   197   197 3   197     3     1     1    32    51  -1.925  -0.554  -4.164                          0.000  0.000  0.000  0.000 
                                             [ MATR   59 ]      -     74 - G - -
    MR   198   197 3   200     5     1     1    30    49  -7.028  -0.041  -6.843  -7.055  -7.947         -0.527 -1.213  1.135 -0.559 
     D   199   197 3   200     5     0     0    29    48  -5.352  -0.707  -2.978  -4.409  -2.404         
    IR   200   200 3   200     5     1     1    30    49  -2.408  -0.496  -5.920  -4.087  -5.193          0.000  0.000  0.000  0.000 
                                             [ MATP   60 ]     59     73 C G - -
    MP   201   200 3   205     6     2     2    29    48  -9.077  -9.016  -0.022  -7.793  -8.072  -8.467 -4.215 -4.201 -4.049 -0.500 -1.716 -4.564  3.488 -3.716 -4.096 -0.294 -4.425 -2.245  0.634 -4.349 -0.682 -2.978 
    ML   202   200 3   205     6     1     1    28    47  -6.250  -6.596  -1.310  -1.005  -6.446  -3.975  0.368 -0.385 -0.191  0.094 
    MR   203   200 3   205     6     1     1    28    46  -6.988  -5.717  -1.625  -5.695  -0.829  -3.908  0.368 -0.385 -0.191  0.094 
     D   204   200 3   205     6     0     0    25    44  -9.049  -7.747  -3.544  -4.226  -4.244  -0.319 
    IL   205   205 5   205     6     1     1    29    48  -2.579  -2.842  -0.760  -4.497  -5.274  -4.934  0.000  0.000  0.000  0.000 
    IR   206   206 6   206     5     1     1    28    47  -2.408  -0.496  -5.920  -4.087  -5.193          0.000  0.000  0.000  0.000 
                                             [ MATP   61 ]     60     72 U A - -
    MP   207   206 6   211     6     2     2    27    46  -9.077  -9.016  -0.022  -7.793  -8.072  -8.467 -4.035 -3.855 -3.890 -0.161 -2.866 -4.468  1.459 -3.550 -3.896  0.117 -4.277 -1.759  3.248 -4.192 -0.546 -2.736 
    ML   208   206 6   211     6     1     1    26    45  -6.250  -6.596  -1.310  -1.005  -6.446  -3.975  0.368 -0.385 -0.191  0.094 
    MR   209   206 6   211     6     1     1    26    45  -6.988  -5.717  -1.625  -5.695  -0.829  -3.908  0.368 -0.385 -0.191  0.094 
     D   210   206 6   211     6     0     0    24    43  -9.049  -7.747  -3.544  -4.226  -4.244  -0.319 
    IL   211   211 5   211     6     1     1    27    46  -2.579  -2.842  -0.760  -4.497  -5.274  -4.934  0.000  0.000  0.000  0.000 
    IR   212   212 6   212     5     1     1    26    45  -2.408  -0.496  -5.920  -4.087  -5.193          0.000  0.000  0.000  0.000 
                                             [ MATP   62 ]     61     71 G C - -
    MP   213   212 6   217     6     2     2    25    44  -9.077  -9.016  -0.022  -7.793  -8.072  -8.467 -4.597 -3.025 -4.684  0.295 -5.029 -4.637 -0.429 -4.916 -4.232  3.602 -4.580 -0.719 -0.819 -4.373 -2.459 -3.563 
    ML   214   212 6   217     6     1     1    25    43  -6.250  -6.596  -1.310  -1.005  -6.446  -3.975  0.368 -0.385 -0.191  0.094 
    MR   215   212 6   217     6     1     1    24    43  -6.988  -5.717  -1.625  -5.695  -0.829  -3.908  0.368 -0.385 -0.191  0.094 
     D   216   212 6   217     6     0     0    23    42  -9.049  -7.747  -3.544  -4.226  -4.244  -0.319 
    IL   217   217 5   217     6     1     1    25    44  -2.579  -2.842  -0.760  -4.497  -5.274  -4.934  0.000  0.000  0.000  0.000 
    IR   218   218 6   218     5     1     1    25    43  -2.408  -0.496  -5.920  -4.087  -5.193          0.000  0.000  0.000  0.000 
                                             [ MATP   63 ]     62     70 C G - -
    MP   219   218 6   223     4     2     2    23    42  -6.866  -7.073  -0.056  -5.487                 -4.399 -4.291 -4.114 -0.537 -2.866 -4.545  3.502 -3.661 -4.159 -0.275 -4.435 -2.237  0.663 -4.478 -0.569 -3.004 
    ML   220   218 6   223     4     1     1    24    43  -3.758  -3.940  -0.507  -2.670                  0.368 -0.385 -0.191  0.094 
    MR   221   218 6   223     4     1     1    23    42  -4.809  -3.838  -1.706  -0.766                  0.368 -0.385 -0.191  0.094 
     D   222   218 6   223     4     0     0    22    41  -4.568  -4.250  -2.265  -0.520                 
    IL   223   223 5   223     4     1     1    25    44  -1.686  -2.369  -1.117  -4.855                  0.000  0.000  0.000  0.000 
    IR   224   224 6   224     3     1     1    24    43  -1.442  -0.798  -4.142                          0.000  0.000  0.000  0.000 
                                             [ MATL   64 ]     63      - C - - -
    ML   225   224 6   227     3     1     1    20    39  -7.889  -0.022  -6.543                         -1.559  1.571 -2.376 -1.010 
     D   226   224 6   227     3     0     0    19    38  -6.174  -1.687  -0.566                         
    IL   227   227 3   227     3     1     1    23    42  -1.442  -0.798  -4.142                          0.000  0.000  0.000  0.000 
                                             [ MATL   65 ]     64      - U - - -
    ML   228   227 3   230     3     1     1    19    37  -7.889  -0.022  -6.543                         -1.347 -1.368 -2.073  1.576 
     D   229   227 3   230     3     0     0    18    37  -6.174  -1.687  -0.566                         
    IL   230   230 3   230     3     1     1    22    41  -1.442  -0.798  -4.142                          0.000  0.000  0.000  0.000 
                                             [ MATL   66 ]     65      - C - - -
    ML   231   230 3   233     3     1     1    18    36  -7.889  -0.022  -6.543                         -1.559  1.571 -2.376 -1.010 
     D   232   230 3   233     3     0     0    17    36  -6.174  -1.687  -0.566                         
    IL   233   233 3   233     3     1     1    21    40  -1.442  -0.798  -4.142                          0.000  0.000  0.000  0.000 
                                             [ MATL   67 ]     66      - A - - -
    ML   234   233 3   236     3     1     1    16    35  -7.889  -0.022  -6.543                          1.684 -2.219 -1.867 -1.747 
     D   235   233 3   236     3     0     0    16    34  -6.174  -1.687  -0.566                         
    IL   236   236 3   236     3     1     1    20    38  -1.442  -0.798  -4.142                          0.000  0.000  0.000  0.000 
                                             [ MATL   68 ]     67      - C - - -
    ML   237   236 3   239     3     1     1    15    33  -7.889  -0.022  -6.543                         -1.559  1.571 -2.376 -1.010 
     D   238   236 3   239     3     0     0    15    33  -6.174  -1.687  -0.566                         
    IL   239   239 3   239     3     1     1    19    37  -1.442  -0.798  -4.142                          0.000  0.000  0.000  0.000 
                                             [ MATL   69 ]     68      - C - - -
    ML   240   239 3   242     3     1     1    13    32  -7.889  -0.022  -6.543                         -1.559  1.571 -2.376 -1.010 
     D   241   239 3   242     3     0     0    13    32  -6.174  -1.687  -0.566                         
    IL   242   242 3   242     3     1     1    18    36  -1.442  -0.798  -4.142                          0.000  0.000  0.000  0.000 
                                             [ MATL   70 ]     69      - A - - -
    ML   243   242 3   245     2     1     1     1     1       *   0.000                                  1.684 -2.219 -1.867 -1.747 
     D   244   242 3   245     2     0     0     0     0       *   0.000                                 
    IL   245   245 3   245     2     1     1    13    28  -1.823  -0.479                                  0.000  0.000  0.000  0.000 
                                             [ END    71 ]      -      - - - - -
     E   246   245 3    -1     0     0     0     0     0                                                 
//
HMMER3/f [3.1b3 | July 2016]
NAME  at_nt_zoro_orzo_round5_0001
LENG  81
MAXL  172
ALPH  RNA
RF    no
MM    no
CONS  yes
CS    yes
MAP   yes
DATE  Mon Dec 16 20:11:39 2019
COM   [1] cmbuild /home/co78wid/projects/master/results/ta_systems/zoro_orzo/2_structure_analysis/infernal_search/at_nt_zoro_orzo_cmbuild.txt /home/co78wid/projects/master/results/ta_systems/zoro_orzo/1_sequence_analysis/fold/at_nt_zoro_orzo_round5.stk
NSEQ  21
EFFN  2.078979
CKSUM 495231209
STATS LOCAL MSV       -8.5331  0.71872
STATS LOCAL VITERBI   -9.4504  0.71872
STATS LOCAL FORWARD   -3.1664  0.71872
HMM          A        C        G        U   
            m->m     m->i     m->d     i->m     i->i     d->m     d->d
  COMPO   1.18547  1.55011  1.55022  1.30943
          1.38629  1.38629  1.38629  1.38629
          0.17305  3.86839  1.98040  1.46634  0.26236  0.00000        *
      1   2.30502  3.12167  0.23742  2.69559      1 G - - :
          1.38629  1.38629  1.38629  1.38629
          0.04848  3.74383  3.74383  1.46634  0.26236  2.15247  0.12352
      2   2.26566  2.29008  2.76572  0.31191      2 U - - :
          1.38629  1.38629  1.38629  1.38629
          0.04848  3.74383  3.74383  1.46634  0.26236  2.15247  0.12352
      3   2.26566  2.29008  2.76572  0.31191      3 U - - :
          1.38629  1.38629  1.38629  1.38629
          0.04848  3.74383  3.74383  1.46634  0.26236  2.15247  0.12352
      4   2.30502  3.12167  0.23742  2.69559      4 G - - :
          1.38629  1.38629  1.38629  1.38629
          0.04848  3.74383  3.74383  1.46634  0.26236  2.15247  0.12352
      5   1.44047  2.51152  0.58164  2.09512      5 G - - :
          1.38629  1.38629  1.38629  1.38629
          0.04848  3.74383  3.74383  1.46634  0.26236  2.15247  0.12352
      6   1.60182  1.97595  1.26349  0.97504      6 u - - :
          1.38629  1.38629  1.38629  1.38629
          0.04848  3.74383  3.74383  1.46634  0.26236  2.15247  0.12352
      7   0.47424  2.42021  1.82892  2.05455      7 A - - :
          1.38629  1.38629  1.38629  1.38629
          0.04848  3.74383  3.74383  1.46634  0.26236  2.15247  0.12352
      8   1.85302  0.85849  2.39689  1.11341      8 c - - :
          1.38629  1.38629  1.38629  1.38629
          0.04848  3.74383  3.74383  1.46634  0.26236  2.15247  0.12352
      9   2.30502  3.12167  0.23742  2.69559      9 G - - :
          1.38629  1.38629  1.38629  1.38629
          0.04848  3.74383  3.74383  1.46634  0.26236  2.15247  0.12352
     10   0.89584  1.54788  2.04553  1.38739     10 a - - :
          1.38629  1.38629  1.38629  1.38629
          0.08385  3.74383  2.86882  1.46634  0.26236  2.15247  0.12352
     11   0.72305  1.60776  2.08779  1.65846     11 a - - :
          1.38629  1.38629  1.38629  1.38629
          0.05019  3.71016  3.71016  1.46634  0.26236  1.42808  0.27413
     12   0.23439  2.86430  2.62587  2.53146     12 A - - :
          1.38629  1.38629  1.38629  1.38629
          0.04848  3.74383  3.74383  1.46634  0.26236  2.15247  0.12352
     13   1.95089  1.73557  2.45714  0.51773     13 U - - :
          1.38629  1.38629  1.38629  1.38629
          0.04848  3.74383  3.74383  1.46634  0.26236  2.15247  0.12352
     14   1.86798  2.80245  0.36714  2.38392     14 G - - :
          1.38629  1.38629  1.38629  1.38629
          0.04848  3.74383  3.74383  1.46634  0.26236  2.15247  0.12352
     15   1.95089  1.73557  2.45714  0.51773     15 U - - :
          1.38629  1.38629  1.38629  1.38629
          0.04848  3.74383  3.74383  1.46634  0.26236  2.15247  0.12352
     16   2.26566  2.29008  2.76572  0.31191     16 U - - :
          1.38629  1.38629  1.38629  1.38629
          0.04848  3.74383  3.74383  1.46634  0.26236  2.15247  0.12352
     17   2.30502  3.12167  0.23742  2.69559     17 G - - :
          1.38629  1.38629  1.38629  1.38629
          0.04848  3.74383  3.74383  1.46634  0.26236  2.15247  0.12352
     18   2.39523  0.32080  2.95848  2.02966     18 C - - :
          1.38629  1.38629  1.38629  1.38629
          0.04848  3.74383  3.74383  1.46634  0.26236  2.15247  0.12352
     19   0.23439  2.86430  2.62587  2.53146     19 A - - :
          1.38629  1.38629  1.38629  1.38629
          0.04848  3.74383  3.74383  1.46634  0.26236  2.15247  0.12352
     20   2.02338  0.57808  2.58071  1.46492     20 C - - :
          1.38629  1.38629  1.38629  1.38629
          0.04848  3.74383  3.74383  1.46634  0.26236  2.15247  0.12352
     21   0.59707  2.15116  2.16134  1.52300     21 A - - :
          1.38629  1.38629  1.38629  1.38629
          0.04848  3.74383  3.74383  1.46634  0.26236  2.15247  0.12352
     22   0.23439  2.86430  2.62587  2.53146     22 A - - :
          1.38629  1.38629  1.38629  1.38629
          0.04848  3.74383  3.74383  1.46634  0.26236  2.15247  0.12352
     23   2.26566  2.29008  2.76572  0.31191     23 U - - :
          1.38629  1.38629  1.38629  1.38629
          0.04848  3.74383  3.74383  1.46634  0.26236  2.15247  0.12352
     24   2.17359  0.44728  2.73491  1.70393     24 C - - :
          1.38629  1.38629  1.38629  1.38629
          0.04848  3.74383  3.74383  1.46634  0.26236  2.15247  0.12352
     25   0.23439  2.86430  2.62587  2.53146     25 A - - :
          1.38629  1.38629  1.38629  1.38629
          0.04848  3.74383  3.74383  1.46634  0.26236  2.15247  0.12352
     26   2.30502  3.12167  0.23742  2.69559     26 G - - :
          1.38629  1.38629  1.38629  1.38629
          0.04848  3.74383  3.74383  1.46634  0.26236  2.15247  0.12352
     27   1.82723  0.95287  2.36595  1.02263     27 c - - :
          1.38629  1.38629  1.38629  1.38629
          0.04848  3.74383  3.74383  1.46634  0.26236  2.15247  0.12352
     28   0.23439  2.86430  2.62587  2.53146     28 A - - :
          1.38629  1.38629  1.38629  1.38629
          0.04848  3.74383  3.74383  1.46634  0.26236  2.15247  0.12352
     29   0.23439  2.86430  2.62587  2.53146     29 A - - :
          1.38629  1.38629  1.38629  1.38629
          0.04848  3.74383  3.74383  1.46634  0.26236  2.15247  0.12352
     30   1.56564  1.63817  0.97115  1.52297     30 g - - :
          1.38629  1.38629  1.38629  1.38629
          0.04848  3.74383  3.74383  1.46634  0.26236  2.15247  0.12352
     31   2.26566  2.29008  2.76572  0.31191     31 U - - :
          1.38629  1.38629  1.38629  1.38629
          0.04848  3.74383  3.74383  1.46634  0.26236  2.15247  0.12352
     32   2.26566  2.29008  2.76572  0.31191     32 U - - :
          1.38629  1.38629  1.38629  1.38629
          0.04848  3.74383  3.74383  1.46634  0.26236  2.15247  0.12352
     33   0.23439  2.86430  2.62587  2.53146     33 A - - :
          1.38629  1.38629  1.38629  1.38629
          0.04848  3.74383  3.74383  1.46634  0.26236  2.15247  0.12352
     34   1.01542  2.04901  1.26194  1.48818     34 a - - :
          1.38629  1.38629  1.38629  1.38629
          0.04848  3.74383  3.74383  1.46634  0.26236  2.15247  0.12352
     35   2.39523  0.32080  2.95848  2.02966     35 C - - :
          1.38629  1.38629  1.38629  1.38629
          0.04848  3.74383  3.74383  1.46634  0.26236  2.15247  0.12352
     36   1.44047  2.51152  0.58164  2.09512     36 G - - :
          1.38629  1.38629  1.38629  1.38629
          0.04848  3.74383  3.74383  1.46634  0.26236  2.15247  0.12352
     37   2.26566  2.29008  2.76572  0.31191     37 U - - :
          1.38629  1.38629  1.38629  1.38629
          0.04848  3.74383  3.74383  1.46634  0.26236  2.15247  0.12352
     38   2.39523  0.32080  2.95848  2.02966     38 C - - :
          1.38629  1.38629  1.38629  1.38629
          0.04848  3.74383  3.74383  1.46634  0.26236  0.26448  1.45932
     39   0.17868  3.10855  2.84557  2.79912     39 A - - :
          1.38629  1.38629  1.38629  1.38629
          0.04268  3.86839  3.86839  1.46634  0.26236  1.09861  0.40547
     40   0.68246  1.67449  2.16750  1.64631     40 A - - :
          1.38629  1.38629  1.38629  1.38629
          0.04268  3.86839  3.86839  1.46634  0.26236  1.09861  0.40547
     41   0.66818  2.12576  2.18309  1.36521     41 A - - :
          1.38629  1.38629  1.38629  1.38629
          0.04268  3.86839  3.86839  1.46634  0.26236  1.09861  0.40547
     42   1.55414  2.69815  0.47798  2.29003     42 G - - :
          1.38629  1.38629  1.38629  1.38629
          0.04268  3.86839  3.86839  1.46634  0.26236  1.09861  0.40547
     43   2.48825  2.47313  3.00034  0.24481     43 U - - :
          1.38629  1.38629  1.38629  1.38629
          0.04268  3.86839  3.86839  1.46634  0.26236  1.09861  0.40547
     44   0.29984  2.65924  2.54727  2.20034     44 A - - :
          1.38629  1.38629  1.38629  1.38629
          0.04268  3.86839  3.86839  1.46634  0.26236  1.09861  0.40547
     45   1.50466  2.66654  0.50438  2.25826     45 G - - :
          1.38629  1.38629  1.38629  1.38629
          0.04268  3.86839  3.86839  1.46634  0.26236  1.09861  0.40547
     46   2.06301  1.73525  2.57713  0.47710     46 U - - :
          1.38629  1.38629  1.38629  1.38629
          0.04268  3.86839  3.86839  1.46634  0.26236  1.09861  0.40547
     47   0.17868  3.10855  2.84557  2.79912     47 A - - :
          1.38629  1.38629  1.38629  1.38629
          0.04268  3.86839  3.86839  1.46634  0.26236  1.09861  0.40547
     48   0.17868  3.10855  2.84557  2.79912     48 A - - :
          1.38629  1.38629  1.38629  1.38629
          0.04268  3.86839  3.86839  1.46634  0.26236  1.09861  0.40547
     49   0.17868  3.10855  2.84557  2.79912     49 A - - :
          1.38629  1.38629  1.38629  1.38629
          0.04268  3.86839  3.86839  1.46634  0.26236  1.09861  0.40547
     50   2.48825  2.47313  3.00034  0.24481     50 U - - :
          1.38629  1.38629  1.38629  1.38629
          0.04268  3.86839  3.86839  1.46634  0.26236  1.09861  0.40547
     51   0.39979  2.61740  1.72093  2.55558     51 A - - <
          1.38629  1.38629  1.38629  1.38629
          0.04268  3.86839  3.86839  1.46634  0.26236  1.09861  0.40547
     52   0.39984  2.61725  1.72091  2.55536     52 A - - <
          1.38629  1.38629  1.38629  1.38629
          0.04268  3.86839  3.86839  1.46634  0.26236  1.09861  0.40547
     53   0.39992  2.61700  1.72087  2.55497     53 A - - <
          1.38629  1.38629  1.38629  1.38629
          0.04268  3.86839  3.86839  1.46634  0.26236  1.09861  0.40547
     54   0.40001  2.61671  1.72083  2.55454     54 A - - <
          1.38629  1.38629  1.38629  1.38629
          0.04268  3.86839  3.86839  1.46634  0.26236  1.09861  0.40547
     55   1.85887  2.65622  0.36724  2.50964     55 G - - <
          1.38629  1.38629  1.38629  1.38629
          0.04268  3.86839  3.86839  1.46634  0.26236  1.09861  0.40547
     56   0.40017  2.61621  1.72076  2.55378     56 A - - <
          1.38629  1.38629  1.38629  1.38629
          0.04268  3.86839  3.86839  1.46634  0.26236  1.09861  0.40547
     57   0.47637  2.56337  1.54718  2.41832     57 A - - <
          1.38629  1.38629  1.38629  1.38629
          0.04268  3.86839  3.86839  1.46634  0.26236  1.09861  0.40547
     58   2.68785  0.23633  3.26145  2.26223     58 C - - -
          1.38629  1.38629  1.38629  1.38629
          0.04268  3.86839  3.86839  1.46634  0.26236  1.09861  0.40547
     59   3.03390  0.26747  2.82394  2.06210     59 C - - <
          1.38629  1.38629  1.38629  1.38629
          0.04268  3.86839  3.86839  1.46634  0.26236  1.09861  0.40547
     60   2.82709  1.79872  2.56107  0.35942     60 U - - <
          1.38629  1.38629  1.38629  1.38629
          0.04268  3.86839  3.86839  1.46634  0.26236  1.09861  0.40547
     61   2.50199  3.10529  0.19144  3.04705     61 G - - <
          1.38629  1.38629  1.38629  1.38629
          0.04268  3.86839  3.86839  1.46634  0.26236  1.09861  0.40547
     62   3.06454  0.27480  2.82254  2.00884     62 C - - <
          1.38629  1.38629  1.38629  1.38629
          0.04268  3.86839  3.86839  1.46634  0.26236  1.09861  0.40547
     63   2.68785  0.23633  3.26145  2.26223     63 C - - _
          1.38629  1.38629  1.38629  1.38629
          0.04268  3.86839  3.86839  1.46634  0.26236  1.09861  0.40547
     64   2.48825  2.47313  3.00034  0.24481     64 U - - _
          1.38629  1.38629  1.38629  1.38629
          0.04268  3.86839  3.86839  1.46634  0.26236  1.09861  0.40547
     65   2.68785  0.23633  3.26145  2.26223     65 C - - _
          1.38629  1.38629  1.38629  1.38629
          0.04268  3.86839  3.86839  1.46634  0.26236  1.09861  0.40547
     66   0.17868  3.10855  2.84557  2.79912     66 A - - _
          1.38629  1.38629  1.38629  1.38629
          0.04268  3.86839  3.86839  1.46634  0.26236  1.09861  0.40547
     67   2.68785  0.23633  3.26145  2.26223     67 C - - _
          1.38629  1.38629  1.38629  1.38629
          0.04268  3.86839  3.86839  1.46634  0.26236  1.09861  0.40547
     68   2.68785  0.23633  3.26145  2.26223     68 C - - _
          1.38629  1.38629  1.38629  1.38629
          0.04268  3.86839  3.86839  1.46634  0.26236  1.09861  0.40547
     69   0.17868  3.10855  2.84557  2.79912     69 A - - _
          1.38629  1.38629  1.38629  1.38629
          0.04268  3.86839  3.86839  1.46634  0.26236  1.09861  0.40547
     70   2.28575  2.99077  0.23743  2.82337     70 G - - >
          1.38629  1.38629  1.38629  1.38629
          0.04268  3.86839  3.86839  1.46634  0.26236  1.09861  0.40547
     71   3.26100  0.22510  2.93999  2.20412     71 C - - >
          1.38629  1.38629  1.38629  1.38629
          0.04268  3.86839  3.86839  1.46634  0.26236  1.09861  0.40547
     72   0.40755  2.74519  1.63577  2.58117     72 A - - >
          1.38629  1.38629  1.38629  1.38629
          0.04268  3.86839  3.86839  1.46634  0.26236  1.09861  0.40547
     73   2.21526  2.99374  0.24683  2.82171     73 G - - >
          1.38629  1.38629  1.38629  1.38629
          0.04268  3.86839  3.86839  1.46634  0.26236  1.09861  0.40547
     74   1.82850  2.29061  0.54637  1.83828     74 G - - -
          1.38629  1.38629  1.38629  1.38629
          0.04268  3.86839  3.86839  1.46634  0.26236  1.09861  0.40547
     75   2.63924  1.69796  2.36969  0.42768     75 U - - >
          1.38629  1.38629  1.38629  1.38629
          0.04268  3.86839  3.86839  1.46634  0.26236  1.09861  0.40547
     76   2.78134  1.99973  2.42925  0.33607     76 U - - >
          1.38629  1.38629  1.38629  1.38629
          0.04268  3.86839  3.86839  1.46634  0.26236  1.09861  0.40547
     77   2.72682  1.12992  2.46107  0.64213     77 U - - >
          1.38629  1.38629  1.38629  1.38629
          0.04268  3.86839  3.86839  1.46634  0.26236  1.09861  0.40547
     78   2.78174  1.99977  2.42939  0.33601     78 U - - >
          1.38629  1.38629  1.38629  1.38629
          0.04268  3.86839  3.86839  1.46634  0.26236  1.09861  0.40547
     79   2.78128  1.99973  2.42923  0.33608     79 U - - >
          1.38629  1.38629  1.38629  1.38629
          0.04268  3.86839  3.86839  1.46634  0.26236  1.09861  0.40547
     80   2.77970  1.99957  2.42867  0.33632     80 U - - >
          1.38629  1.38629  1.38629  1.38629
          0.04268  3.86839  3.86839  1.46634  0.26236  1.09861  0.40547
     81   2.77593  1.99920  2.42733  0.33688     81 U - - >
          1.38629  1.38629  1.38629  1.38629
          0.05233  2.97632        *  0.69586  0.69045  0.00000        *
//
