INFERNAL1/a [1.1.2 | July 2016]
NAME     at_nt_pnda_pndb_round5_0001
STATES   184
NODES    52
CLEN     60
W        77
ALPH     RNA
RF       no
CONS     yes
MAP      yes
DATE     Mon Dec 23 14:42:29 2019
COM      [1] cmbuild /home/co78wid/projects/master/results/ta_systems/pnda_pndb/2_structure_analysis/infernal_search/at_nt_pnda_pndb_cmbuild.txt /home/co78wid/projects/master/results/ta_systems/pnda_pndb/1_sequence_analysis/fold/at_nt_pnda_pndb_round5.stk
COM      [2] cmcalibrate --cpu 20 /home/co78wid/projects/master/results/ta_systems/pnda_pndb/2_structure_analysis/infernal_search/at_nt_pnda_pndb_cmbuild.txt
PBEGIN   0.05
PEND     0.05
WBETA    1e-07
QDBBETA1 1e-07
QDBBETA2 1e-15
N2OMEGA  1.52588e-05
N3OMEGA  1.52588e-05
ELSELF   -0.08926734
NSEQ     17
EFFN     2.021240
CKSUM    502367673
NULL     0.000  0.000  0.000  0.000 
EFP7GF   -8.5205 0.71914
ECMLC    0.60281    -7.52518     2.55707     1600000      523229  0.002293
ECMGC    0.43865   -15.29122    -2.01375     1600000      135358  0.002955
ECMLI    0.58872    -5.98738     3.63262     1600000      345767  0.003471
ECMGI    0.44155   -11.54014     0.83604     1600000       94487  0.004233
CM
                                             [ ROOT    0 ]      -      - - - - -
     S     0    -1 0     1     4     1     1    77    97  -6.985  -7.192  -0.147  -3.602                 
    IL     1     1 2     1     4     1    15    81   101  -1.686  -2.369  -1.117  -4.855                  0.000  0.000  0.000  0.000 
    IR     2     2 3     2     3     1    15    80   100  -1.442  -0.798  -4.142                          0.000  0.000  0.000  0.000 
                                             [ MATL    1 ]      4      - A - - -
    ML     3     2 3     5     3     1    14    77    97  -7.913  -0.021  -6.567                          1.696 -2.269 -1.911 -1.802 
     D     4     2 3     5     3     0     9    75    95  -6.801  -2.314  -0.340                         
    IL     5     5 3     5     3     1    14    79    99  -1.442  -0.798  -4.142                          0.000  0.000  0.000  0.000 
                                             [ MATL    2 ]      5      - g - - -
    ML     6     5 3     8     3     1    14    76    96  -7.913  -0.021  -6.567                          0.205 -1.528  0.983 -0.932 
     D     7     5 3     8     3     0     9    75    94  -6.801  -0.853  -1.193                         
    IL     8     8 3     8     3     1    13    78    98  -1.442  -0.798  -4.142                          0.000  0.000  0.000  0.000 
                                             [ MATL    3 ]      6      - G - - -
    ML     9     8 3    11     3     1    13    75    95  -7.999  -0.020  -6.653                         -1.654 -2.886  1.740 -2.273 
     D    10     8 3    11     3     0     8    73    93  -6.174  -1.687  -0.566                         
    IL    11    11 3    11     3     1    12    77    97  -1.442  -0.798  -4.142                          0.000  0.000  0.000  0.000 
                                             [ MATL    4 ]      7      - C - - -
    ML    12    11 3    14     3     1    12    74    94  -7.999  -0.020  -6.653                         -1.826  1.646 -2.652 -1.222 
     D    13    11 3    14     3     0     7    72    92  -6.174  -1.687  -0.566                         
    IL    14    14 3    14     3     1    11    76    96  -1.442  -0.798  -4.142                          0.000  0.000  0.000  0.000 
                                             [ MATL    5 ]      8      - A - - -
    ML    15    14 3    17     3     1    11    73    92  -7.999  -0.020  -6.653                          1.734 -2.442 -2.066 -1.991 
     D    16    14 3    17     3     0     6    71    91  -6.174  -1.687  -0.566                         
    IL    17    17 3    17     3     1    11    75    95  -1.442  -0.798  -4.142                          0.000  0.000  0.000  0.000 
                                             [ MATL    6 ]      9      - U - - -
    ML    18    17 3    20     3     1    10    72    91  -7.999  -0.020  -6.653                         -1.550 -1.535 -2.287  1.636 
     D    19    17 3    20     3     0     5    70    90  -6.174  -1.687  -0.566                         
    IL    20    20 3    20     3     1    10    74    94  -1.442  -0.798  -4.142                          0.000  0.000  0.000  0.000 
                                             [ MATL    7 ]     10      - U - - -
    ML    21    20 3    23     3     1     9    71    90  -7.999  -0.020  -6.653                         -1.550 -1.535 -2.287  1.636 
     D    22    20 3    23     3     0     5    69    89  -6.174  -1.687  -0.566                         
    IL    23    23 3    23     3     1     9    73    93  -1.442  -0.798  -4.142                          0.000  0.000  0.000  0.000 
                                             [ MATL    8 ]     11      - A - - -
    ML    24    23 3    26     3     1     8    70    89  -7.999  -0.020  -6.653                          1.734 -2.442 -2.066 -1.991 
     D    25    23 3    26     3     0     4    68    88  -6.174  -1.687  -0.566                         
    IL    26    26 3    26     3     1     8    72    91  -1.442  -0.798  -4.142                          0.000  0.000  0.000  0.000 
                                             [ MATL    9 ]     12      - C - - -
    ML    27    26 3    29     3     1     7    69    88  -7.999  -0.020  -6.653                         -1.826  1.646 -2.652 -1.222 
     D    28    26 3    29     3     0     4    67    87  -6.174  -1.687  -0.566                         
    IL    29    29 3    29     3     1     7    70    90  -1.442  -0.798  -4.142                          0.000  0.000  0.000  0.000 
                                             [ MATL   10 ]     13      - A - - -
    ML    30    29 3    32     3     1     7    67    87  -7.999  -0.020  -6.653                          1.734 -2.442 -2.066 -1.991 
     D    31    29 3    32     3     0     3    66    86  -6.174  -1.687  -0.566                         
    IL    32    32 3    32     3     1     6    69    89  -1.442  -0.798  -4.142                          0.000  0.000  0.000  0.000 
                                             [ MATL   11 ]     14      - G - - -
    ML    33    32 3    35     3     1     6    66    86  -7.999  -0.020  -6.653                         -1.654 -2.886  1.740 -2.273 
     D    34    32 3    35     3     0     3    65    85  -6.174  -1.687  -0.566                         
    IL    35    35 3    35     3     1     6    68    88  -1.442  -0.798  -4.142                          0.000  0.000  0.000  0.000 
                                             [ MATL   12 ]     15      - U - - -
    ML    36    35 3    38     3     1     5    65    85  -8.387  -0.195  -3.016                         -1.550 -1.535 -2.287  1.636 
     D    37    35 3    38     3     0     3    64    84  -5.620  -0.734  -1.403                         
    IL    38    38 3    38     3     1     6    66    86  -1.925  -0.554  -4.164                          0.000  0.000  0.000  0.000 
                                             [ MATR   13 ]      -     67 - U - -
    MR    39    38 3    41     3     1     7    65    84  -8.212  -0.021  -6.530                         -1.209 -1.255 -1.927  1.529 
     D    40    38 3    41     3     0     1    62    82  -7.369  -2.547  -0.281                         
    IR    41    41 3    41     3     1     5    65    85  -1.925  -0.554  -4.164                          0.000  0.000  0.000  0.000 
                                             [ MATR   14 ]      -     66 - G - -
    MR    42    41 3    44     3     1     7    63    83  -8.212  -0.021  -6.530                         -1.254 -2.420  1.636 -1.805 
     D    43    41 3    44     3     0     1    61    81  -7.369  -2.547  -0.281                         
    IR    44    44 3    44     3     1     5    64    84  -1.925  -0.554  -4.164                          0.000  0.000  0.000  0.000 
                                             [ MATR   15 ]      -     65 - U - -
    MR    45    44 3    47     3     1     6    62    82  -8.212  -0.021  -6.530                         -1.209 -1.255 -1.927  1.529 
     D    46    44 3    47     3     0     1    60    80  -7.369  -2.547  -0.281                         
    IR    47    47 3    47     3     1     5    63    83  -1.925  -0.554  -4.164                          0.000  0.000  0.000  0.000 
                                             [ MATR   16 ]      -     64 - C - -
    MR    48    47 3    50     3     1     6    61    81  -8.212  -0.021  -6.530                         -1.377  1.509 -2.186 -0.866 
     D    49    47 3    50     3     0     1    59    79  -7.369  -2.547  -0.281                         
    IR    50    50 3    50     3     1     4    62    82  -1.925  -0.554  -4.164                          0.000  0.000  0.000  0.000 
                                             [ MATR   17 ]      -     63 - G - -
    MR    51    50 3    53     3     1     5    60    80  -8.212  -0.021  -6.530                         -1.254 -2.420  1.636 -1.805 
     D    52    50 3    53     3     0     0    59    78  -7.369  -2.547  -0.281                         
    IR    53    53 3    53     3     1     4    61    81  -1.925  -0.554  -4.164                          0.000  0.000  0.000  0.000 
                                             [ MATR   18 ]      -     62 - U - -
    MR    54    53 3    56     3     1     4    59    79  -8.212  -0.021  -6.530                         -1.209 -1.255 -1.927  1.529 
     D    55    53 3    56     3     0     0    58    78  -7.369  -0.591  -1.599                         
    IR    56    56 3    56     3     1     3    60    80  -1.925  -0.554  -4.164                          0.000  0.000  0.000  0.000 
                                             [ MATR   19 ]      -     61 - C - -
    MR    57    56 3    59     5     1     4    58    78  -7.124  -0.038  -6.939  -7.151  -8.043         -1.826  1.646 -2.652 -1.222 
     D    58    56 3    59     5     0     0    57    77  -5.352  -0.707  -2.978  -4.409  -2.404         
    IR    59    59 3    59     5     1     2    59    78  -2.408  -0.496  -5.920  -4.087  -5.193          0.000  0.000  0.000  0.000 
                                             [ MATP   20 ]     16     60 A U - -
    MP    60    59 3    64     6     2     5    57    77  -9.122  -9.061  -0.021  -7.838  -8.117  -8.512 -3.856 -2.871 -3.870  3.372 -4.241 -5.309  0.063 -3.908 -3.759  1.008 -4.310 -0.337 -0.354 -4.486 -1.877 -2.700 
    ML    61    59 3    64     6     1     1    56    75  -6.250  -6.596  -1.310  -1.005  -6.446  -3.975  0.368 -0.385 -0.191  0.094 
    MR    62    59 3    64     6     1     1    56    75  -6.988  -5.717  -1.625  -5.695  -0.829  -3.908  0.368 -0.385 -0.191  0.094 
     D    63    59 3    64     6     0     0    53    73  -9.049  -7.747  -3.544  -4.226  -4.244  -0.319 
    IL    64    64 5    64     6     1     2    57    77  -2.579  -2.842  -0.760  -4.497  -5.274  -4.934  0.000  0.000  0.000  0.000 
    IR    65    65 6    65     5     1     2    57    76  -2.408  -0.496  -5.920  -4.087  -5.193          0.000  0.000  0.000  0.000 
                                             [ MATP   21 ]     17     59 G U - -
    MP    66    65 6    70     6     2     5    55    75  -9.122  -9.061  -0.021  -7.838  -8.117  -8.512 -3.662 -2.417 -3.832  1.105 -4.586 -5.311 -0.182 -3.849 -3.482  1.296 -4.006  3.130 -0.540 -4.509 -2.125 -2.523 
    ML    67    65 6    70     6     1     1    54    73  -6.250  -6.596  -1.310  -1.005  -6.446  -3.975  0.368 -0.385 -0.191  0.094 
    MR    68    65 6    70     6     1     1    54    73  -6.988  -5.717  -1.625  -5.695  -0.829  -3.908  0.368 -0.385 -0.191  0.094 
     D    69    65 6    70     6     0     0    51    71  -9.049  -7.747  -3.544  -4.226  -4.244  -0.319 
    IL    70    70 5    70     6     1     1    55    75  -2.579  -2.842  -0.760  -4.497  -5.274  -4.934  0.000  0.000  0.000  0.000 
    IR    71    71 6    71     5     1     2    55    74  -2.408  -0.496  -5.920  -4.087  -5.193          0.000  0.000  0.000  0.000 
                                             [ MATP   22 ]     18     58 A U - -
    MP    72    71 6    76     6     2     5    53    73  -9.122  -9.061  -0.021  -7.838  -8.117  -8.512 -3.856 -2.871 -3.870  3.372 -4.241 -5.309  0.063 -3.908 -3.759  1.008 -4.310 -0.337 -0.354 -4.486 -1.877 -2.700 
    ML    73    71 6    76     6     1     1    52    71  -6.250  -6.596  -1.310  -1.005  -6.446  -3.975  0.368 -0.385 -0.191  0.094 
    MR    74    71 6    76     6     1     1    52    71  -6.988  -5.717  -1.625  -5.695  -0.829  -3.908  0.368 -0.385 -0.191  0.094 
     D    75    71 6    76     6     0     0    49    69  -9.049  -7.747  -3.544  -4.226  -4.244  -0.319 
    IL    76    76 5    76     6     1     1    53    73  -2.579  -2.842  -0.760  -4.497  -5.274  -4.934  0.000  0.000  0.000  0.000 
    IR    77    77 6    77     5     1     1    53    72  -2.408  -0.496  -5.920  -4.087  -5.193          0.000  0.000  0.000  0.000 
                                             [ MATP   23 ]     19     57 G C - -
    MP    78    77 6    82     6     2     5    51    71  -9.122  -9.061  -0.021  -7.838  -8.117  -8.512 -3.595 -1.637 -3.620  0.788 -4.041 -2.207  0.195 -4.089 -3.677  3.308 -4.044 -0.421 -0.069 -3.464 -1.673 -2.677 
    ML    79    77 6    82     6     1     1    50    69  -6.250  -6.596  -1.310  -1.005  -6.446  -3.975  0.368 -0.385 -0.191  0.094 
    MR    80    77 6    82     6     1     1    50    69  -6.988  -5.717  -1.625  -5.695  -0.829  -3.908  0.368 -0.385 -0.191  0.094 
     D    81    77 6    82     6     0     0    47    67  -9.049  -7.747  -3.544  -4.226  -4.244  -0.319 
    IL    82    82 5    82     6     1     1    51    71  -2.579  -2.842  -0.760  -4.497  -5.274  -4.934  0.000  0.000  0.000  0.000 
    IR    83    83 6    83     5     1     1    51    70  -2.408  -0.496  -5.920  -4.087  -5.193          0.000  0.000  0.000  0.000 
                                             [ MATP   24 ]     20     56 C G - -
    MP    84    83 6    88     6     2     5    49    69  -9.122  -9.061  -0.021  -7.838  -8.117  -8.512 -4.629 -4.542 -4.306 -0.767 -3.006 -4.707  3.575 -3.824 -4.358 -0.538 -4.610 -2.490  0.500 -4.693 -0.714 -3.195 
    ML    85    83 6    88     6     1     1    48    67  -6.250  -6.596  -1.310  -1.005  -6.446  -3.975  0.368 -0.385 -0.191  0.094 
    MR    86    83 6    88     6     1     1    48    67  -6.988  -5.717  -1.625  -5.695  -0.829  -3.908  0.368 -0.385 -0.191  0.094 
     D    87    83 6    88     6     0     0    45    65  -9.049  -7.747  -3.544  -4.226  -4.244  -0.319 
    IL    88    88 5    88     6     1     1    49    69  -2.579  -2.842  -0.760  -4.497  -5.274  -4.934  0.000  0.000  0.000  0.000 
    IR    89    89 6    89     5     1     1    49    68  -2.408  -0.496  -5.920  -4.087  -5.193          0.000  0.000  0.000  0.000 
                                             [ MATP   25 ]     21     55 C G - -
    MP    90    89 6    94     6     2     4    47    67  -9.122  -9.061  -0.021  -7.838  -8.117  -8.512 -4.629 -4.542 -4.306 -0.767 -3.006 -4.707  3.575 -3.824 -4.358 -0.538 -4.610 -2.490  0.500 -4.693 -0.714 -3.195 
    ML    91    89 6    94     6     1     1    46    65  -6.250  -6.596  -1.310  -1.005  -6.446  -3.975  0.368 -0.385 -0.191  0.094 
    MR    92    89 6    94     6     1     1    46    65  -6.988  -5.717  -1.625  -5.695  -0.829  -3.908  0.368 -0.385 -0.191  0.094 
     D    93    89 6    94     6     0     0    44    63  -9.049  -7.747  -3.544  -4.226  -4.244  -0.319 
    IL    94    94 5    94     6     1     1    47    67  -2.579  -2.842  -0.760  -4.497  -5.274  -4.934  0.000  0.000  0.000  0.000 
    IR    95    95 6    95     5     1     1    47    66  -2.408  -0.496  -5.920  -4.087  -5.193          0.000  0.000  0.000  0.000 
                                             [ MATP   26 ]     22     54 C G - -
    MP    96    95 6   100     6     2     4    45    65  -9.122  -9.061  -0.021  -7.838  -8.117  -8.512 -4.629 -4.542 -4.306 -0.767 -3.006 -4.707  3.575 -3.824 -4.358 -0.538 -4.610 -2.490  0.500 -4.693 -0.714 -3.195 
    ML    97    95 6   100     6     1     1    44    64  -6.250  -6.596  -1.310  -1.005  -6.446  -3.975  0.368 -0.385 -0.191  0.094 
    MR    98    95 6   100     6     1     1    44    63  -6.988  -5.717  -1.625  -5.695  -0.829  -3.908  0.368 -0.385 -0.191  0.094 
     D    99    95 6   100     6     0     0    42    61  -9.049  -7.747  -3.544  -4.226  -4.244  -0.319 
    IL   100   100 5   100     6     1     1    45    65  -2.579  -2.842  -0.760  -4.497  -5.274  -4.934  0.000  0.000  0.000  0.000 
    IR   101   101 6   101     5     1     1    45    64  -2.408  -0.496  -5.920  -4.087  -5.193          0.000  0.000  0.000  0.000 
                                             [ MATP   27 ]     23     53 c g - -
    MP   102   101 6   106     4     2     2    43    63  -6.985  -2.635  -0.303  -5.606                 -2.750 -2.757 -2.842  0.705 -2.309 -3.618  2.188 -2.842 -2.861  0.905 -3.373 -0.933  1.603 -2.505  1.479 -1.616 
    ML   103   101 6   106     4     1     1    43    62  -3.758  -3.940  -0.507  -2.670                  0.368 -0.385 -0.191  0.094 
    MR   104   101 6   106     4     1     1    42    62  -4.809  -3.838  -1.706  -0.766                  0.368 -0.385 -0.191  0.094 
     D   105   101 6   106     4     0     0    41    61  -4.568  -4.250  -2.265  -0.520                 
    IL   106   106 5   106     4     1     1    44    63  -1.686  -2.369  -1.117  -4.855                  0.000  0.000  0.000  0.000 
    IR   107   107 6   107     3     1     1    43    62  -1.865  -0.550  -4.565                          0.000  0.000  0.000  0.000 
                                             [ MATL   28 ]     24      - U - - -
    ML   108   107 6   110     3     1     1    41    60  -8.387  -0.018  -6.705                         -1.550 -1.535 -2.287  1.636 
     D   109   107 6   110     3     0     0    40    59  -5.620  -0.734  -1.403                         
    IL   110   110 3   110     3     1     1    42    61  -1.925  -0.554  -4.164                          0.000  0.000  0.000  0.000 
                                             [ MATR   29 ]      -     51 - a - -
    MR   111   110 3   113     5     1     1    40    59  -7.124  -0.038  -6.939  -7.151  -8.043          0.826 -0.521 -0.950  0.018 
     D   112   110 3   113     5     0     0    38    58  -5.352  -0.707  -2.978  -4.409  -2.404         
    IR   113   113 3   113     5     1     1    40    60  -2.408  -0.496  -5.920  -4.087  -5.193          0.000  0.000  0.000  0.000 
                                             [ MATP   30 ]     25     50 G C - -
    MP   114   113 3   118     6     2     2    39    58  -9.122  -9.061  -0.021  -7.838  -8.117  -8.512 -4.813 -3.128 -4.919  0.152 -5.333 -4.722 -0.680 -5.167 -4.374  3.655 -4.706 -0.830 -1.064 -4.515 -2.721 -3.795 
    ML   115   113 3   118     6     1     1    38    58  -6.250  -6.596  -1.310  -1.005  -6.446  -3.975  0.368 -0.385 -0.191  0.094 
    MR   116   113 3   118     6     1     1    38    57  -6.988  -5.717  -1.625  -5.695  -0.829  -3.908  0.368 -0.385 -0.191  0.094 
     D   117   113 3   118     6     0     0    36    56  -9.049  -7.747  -3.544  -4.226  -4.244  -0.319 
    IL   118   118 5   118     6     1     1    39    58  -2.579  -2.842  -0.760  -4.497  -5.274  -4.934  0.000  0.000  0.000  0.000 
    IR   119   119 6   119     5     1     1    38    58  -2.408  -0.496  -5.920  -4.087  -5.193          0.000  0.000  0.000  0.000 
                                             [ MATP   31 ]     26     49 G C - -
    MP   120   119 6   124     4     2     2    37    56  -6.985  -7.192  -0.052  -5.606                 -4.813 -3.128 -4.919  0.152 -5.333 -4.722 -0.680 -5.167 -4.374  3.655 -4.706 -0.830 -1.064 -4.515 -2.721 -3.795 
    ML   121   119 6   124     4     1     1    37    57  -3.758  -3.940  -0.507  -2.670                  0.368 -0.385 -0.191  0.094 
    MR   122   119 6   124     4     1     1    37    56  -4.809  -3.838  -1.706  -0.766                  0.368 -0.385 -0.191  0.094 
     D   123   119 6   124     4     0     0    36    55  -4.568  -4.250  -2.265  -0.520                 
    IL   124   124 5   124     4     1     1    38    58  -1.686  -2.369  -1.117  -4.855                  0.000  0.000  0.000  0.000 
    IR   125   125 6   125     3     1     1    38    57  -1.442  -0.798  -4.142                          0.000  0.000  0.000  0.000 
                                             [ MATL   32 ]     27      - U - - -
    ML   126   125 6   128     3     1     1    34    53  -7.999  -0.020  -6.653                         -1.550 -1.535 -2.287  1.636 
     D   127   125 6   128     3     0     0    33    52  -6.174  -1.687  -0.566                         
    IL   128   128 3   128     3     1     1    36    56  -1.442  -0.798  -4.142                          0.000  0.000  0.000  0.000 
                                             [ MATL   33 ]     28      - U - - -
    ML   129   128 3   131     3     1     1    33    52  -7.999  -0.020  -6.653                         -1.550 -1.535 -2.287  1.636 
     D   130   128 3   131     3     0     0    32    51  -6.174  -1.687  -0.566                         
    IL   131   131 3   131     3     1     1    35    55  -1.442  -0.798  -4.142                          0.000  0.000  0.000  0.000 
                                             [ MATL   34 ]     29      - G - - -
    ML   132   131 3   134     3     1     1    32    51  -7.999  -0.020  -6.653                         -1.654 -2.886  1.740 -2.273 
     D   133   131 3   134     3     0     0    31    50  -6.174  -1.687  -0.566                         
    IL   134   134 3   134     3     1     1    34    54  -1.442  -0.798  -4.142                          0.000  0.000  0.000  0.000 
                                             [ MATL   35 ]     30      - A - - -
    ML   135   134 3   137     3     1     1    31    50  -4.724  -0.071  -6.653                          1.734 -2.442 -2.066 -1.991 
     D   136   134 3   137     3     0     0    29    48  -6.174  -1.687  -0.566                         
    IL   137   137 3   137     3     1     1    32    52  -1.554  -0.720  -4.254                          0.000  0.000  0.000  0.000 
                                             [ MATL   36 ]     32      - U - - -
    ML   138   137 3   140     3     1     1    30    49  -7.999  -0.020  -6.653                         -1.550 -1.535 -2.287  1.636 
     D   139   137 3   140     3     0     0    28    48  -6.174  -1.687  -0.566                         
    IL   140   140 3   140     3     1     1    32    51  -1.442  -0.798  -4.142                          0.000  0.000  0.000  0.000 
                                             [ MATL   37 ]     33      - U - - -
    ML   141   140 3   143     3     1     1    29    48  -7.999  -0.020  -6.653                         -1.550 -1.535 -2.287  1.636 
     D   142   140 3   143     3     0     0    27    46  -6.174  -1.687  -0.566                         
    IL   143   143 3   143     3     1     1    31    50  -1.442  -0.798  -4.142                          0.000  0.000  0.000  0.000 
                                             [ MATL   38 ]     34      - G - - -
    ML   144   143 3   146     3     1     1    28    46  -4.644  -0.074  -6.653                         -1.654 -2.886  1.740 -2.273 
     D   145   143 3   146     3     0     0    26    45  -6.174  -1.687  -0.566                         
    IL   146   146 3   146     3     1     1    29    48  -1.561  -0.716  -4.261                          0.000  0.000  0.000  0.000 
                                             [ MATL   39 ]     36      - A - - -
    ML   147   146 3   149     3     1     1    26    45  -7.999  -0.020  -6.653                          1.734 -2.442 -2.066 -1.991 
     D   148   146 3   149     3     0     0    25    44  -6.174  -1.687  -0.566                         
    IL   149   149 3   149     3     1     1    29    48  -1.442  -0.798  -4.142                          0.000  0.000  0.000  0.000 
                                             [ MATL   40 ]     37      - U - - -
    ML   150   149 3   152     3     1     1    25    44  -7.999  -0.020  -6.653                         -1.006 -0.619 -1.744  1.352 
     D   151   149 3   152     3     0     0    24    43  -6.174  -1.687  -0.566                         
    IL   152   152 3   152     3     1     1    27    47  -1.442  -0.798  -4.142                          0.000  0.000  0.000  0.000 
                                             [ MATL   41 ]     38      - A - - -
    ML   153   152 3   155     3     1     1    24    43  -7.999  -0.020  -6.653                          1.734 -2.442 -2.066 -1.991 
     D   154   152 3   155     3     0     0    23    42  -6.174  -1.687  -0.566                         
    IL   155   155 3   155     3     1     1    26    46  -1.442  -0.798  -4.142                          0.000  0.000  0.000  0.000 
                                             [ MATL   42 ]     39      - A - - -
    ML   156   155 3   158     3     1     1    23    41  -7.999  -0.020  -6.653                          1.199 -1.501 -0.259 -0.958 
     D   157   155 3   158     3     0     0    22    41  -6.174  -1.687  -0.566                         
    IL   158   158 3   158     3     1     1    25    44  -1.442  -0.798  -4.142                          0.000  0.000  0.000  0.000 
                                             [ MATL   43 ]     40      - A - - -
    ML   159   158 3   161     3     1     1    22    40  -7.999  -0.020  -6.653                          1.734 -2.442 -2.066 -1.991 
     D   160   158 3   161     3     0     0    21    39  -6.174  -1.687  -0.566                         
    IL   161   161 3   161     3     1     1    24    43  -1.442  -0.798  -4.142                          0.000  0.000  0.000  0.000 
                                             [ MATL   44 ]     41      - A - - -
    ML   162   161 3   164     3     1     1    20    39  -7.999  -0.020  -6.653                          1.734 -2.442 -2.066 -1.991 
     D   163   161 3   164     3     0     0    19    38  -6.174  -1.687  -0.566                         
    IL   164   164 3   164     3     1     1    23    42  -1.442  -0.798  -4.142                          0.000  0.000  0.000  0.000 
                                             [ MATL   45 ]     42      - A - - -
    ML   165   164 3   167     3     1     1    19    38  -7.999  -0.114  -3.794                          1.130 -0.477 -1.190 -0.611 
     D   166   164 3   167     3     0     0    18    37  -6.174  -1.687  -0.566                         
    IL   167   167 3   167     3     1     1    22    41  -1.442  -0.798  -4.142                          0.000  0.000  0.000  0.000 
                                             [ MATL   46 ]     43      - A - - -
    ML   168   167 3   170     3     1     1    18    36  -7.906  -0.276  -2.556                          1.693 -2.255 -1.898 -1.786 
     D   169   167 3   170     3     0     0    17    35  -6.842  -2.355  -0.330                         
    IL   170   170 3   170     3     1     1    21    40  -1.442  -0.798  -4.142                          0.000  0.000  0.000  0.000 
                                             [ MATL   47 ]     44      - A - - -
    ML   171   170 3   173     3     1     1    17    35  -4.244  -0.098  -6.310                          1.547 -1.763 -1.456 -1.252 
     D   172   170 3   173     3     0     0    15    33  -7.761  -0.376  -2.153                         
    IL   173   173 3   173     3     1     1    19    37  -1.566  -0.713  -4.266                          0.000  0.000  0.000  0.000 
                                             [ MATL   48 ]     46      - U - - -
    ML   174   173 3   176     3     1     1    15    33  -7.999  -0.020  -6.653                         -1.550 -1.535 -2.287  1.636 
     D   175   173 3   176     3     0     0    15    33  -6.174  -1.687  -0.566                         
    IL   176   176 3   176     3     1     1    19    37  -1.442  -0.798  -4.142                          0.000  0.000  0.000  0.000 
                                             [ MATL   49 ]     47      - C - - -
    ML   177   176 3   179     3     1     1    13    31  -7.999  -0.020  -6.653                         -1.826  1.646 -2.652 -1.222 
     D   178   176 3   179     3     0     0    13    32  -6.174  -1.687  -0.566                         
    IL   179   179 3   179     3     1     1    18    36  -1.442  -0.798  -4.142                          0.000  0.000  0.000  0.000 
                                             [ MATL   50 ]     48      - U - - -
    ML   180   179 3   182     2     1     1     1     1       *   0.000                                 -0.867 -1.052 -1.295  1.357 
     D   181   179 3   182     2     0     0     0     0       *   0.000                                 
    IL   182   182 3   182     2     1     1    13    28  -1.823  -0.479                                  0.000  0.000  0.000  0.000 
                                             [ END    51 ]      -      - - - - -
     E   183   182 3    -1     0     0     0     0     0                                                 
//
HMMER3/f [3.1b3 | July 2016]
NAME  at_nt_pnda_pndb_round5_0001
LENG  60
MAXL  141
ALPH  RNA
RF    no
MM    no
CONS  yes
CS    yes
MAP   yes
DATE  Mon Dec 23 14:42:29 2019
COM   [1] cmbuild /home/co78wid/projects/master/results/ta_systems/pnda_pndb/2_structure_analysis/infernal_search/at_nt_pnda_pndb_cmbuild.txt /home/co78wid/projects/master/results/ta_systems/pnda_pndb/1_sequence_analysis/fold/at_nt_pnda_pndb_round5.stk
NSEQ  17
EFFN  2.386475
CKSUM 502367673
STATS LOCAL MSV       -8.2530  0.71914
STATS LOCAL VITERBI   -8.7120  0.71914
STATS LOCAL FORWARD   -3.6744  0.71914
HMM          A        C        G        U   
            m->m     m->i     m->d     i->m     i->i     d->m     d->d
  COMPO   1.32833  1.55187  1.41070  1.27562
          1.38629  1.38629  1.38629  1.38629
          0.32785  1.62640  2.49023  1.01436  0.45041  0.00000        *
      1   0.17435  3.13098  2.86576  2.82380      4 A - - :
          1.38629  1.38629  1.38629  1.38629
          0.04207  3.88247  3.88247  1.46634  0.26236  1.84010  0.17293
      2   1.25447  2.53298  0.66203  2.12404      5 G - - :
          1.38629  1.38629  1.38629  1.38629
          0.04207  3.88247  3.88247  1.46634  0.26236  0.38214  1.14696
      3   2.72277  3.60372  0.14449  3.17918      6 G - - :
          1.38629  1.38629  1.38629  1.38629
          0.03934  3.94819  3.94819  1.46634  0.26236  1.09861  0.40547
      4   2.87284  0.19613  3.44904  2.41043      7 C - - :
          1.38629  1.38629  1.38629  1.38629
          0.03934  3.94819  3.94819  1.46634  0.26236  1.09861  0.40547
      5   0.15132  3.26114  2.98307  2.96725      8 A - - :
          1.38629  1.38629  1.38629  1.38629
          0.03934  3.94819  3.94819  1.46634  0.26236  1.09861  0.40547
      6   2.63044  2.59092  3.14867  0.21061      9 U - - :
          1.38629  1.38629  1.38629  1.38629
          0.03934  3.94819  3.94819  1.46634  0.26236  1.09861  0.40547
      7   2.63044  2.59092  3.14867  0.21061     10 U - - :
          1.38629  1.38629  1.38629  1.38629
          0.03934  3.94819  3.94819  1.46634  0.26236  1.09861  0.40547
      8   0.15132  3.26114  2.98307  2.96725     11 A - - :
          1.38629  1.38629  1.38629  1.38629
          0.03934  3.94819  3.94819  1.46634  0.26236  1.09861  0.40547
      9   2.87284  0.19613  3.44904  2.41043     12 C - - :
          1.38629  1.38629  1.38629  1.38629
          0.03934  3.94819  3.94819  1.46634  0.26236  1.09861  0.40547
     10   0.15132  3.26114  2.98307  2.96725     13 A - - :
          1.38629  1.38629  1.38629  1.38629
          0.03934  3.94819  3.94819  1.46634  0.26236  1.09861  0.40547
     11   2.72277  3.60372  0.14449  3.17918     14 G - - :
          1.38629  1.38629  1.38629  1.38629
          0.03934  3.94819  3.94819  1.46634  0.26236  1.09861  0.40547
     12   2.63044  2.59092  3.14867  0.21061     15 U - - :
          1.38629  1.38629  1.38629  1.38629
          0.03934  3.94819  3.94819  1.46634  0.26236  1.09861  0.40547
     13   0.33422  2.79420  1.84992  2.72286     16 A - - <
          1.38629  1.38629  1.38629  1.38629
          0.03934  3.94819  3.94819  1.46634  0.26236  1.09861  0.40547
     14   1.92814  2.91914  0.30243  2.78743     17 G - - <
          1.38629  1.38629  1.38629  1.38629
          0.03934  3.94819  3.94819  1.46634  0.26236  1.09861  0.40547
     15   0.33337  2.79750  1.85053  2.72761     18 A - - <
          1.38629  1.38629  1.38629  1.38629
          0.03934  3.94819  3.94819  1.46634  0.26236  1.09861  0.40547
     16   2.01383  2.45889  0.36316  2.45899     19 G - - <
          1.38629  1.38629  1.38629  1.38629
          0.03934  3.94819  3.94819  1.46634  0.26236  1.09861  0.40547
     17   3.21532  0.23531  2.99423  2.12479     20 C - - <
          1.38629  1.38629  1.38629  1.38629
          0.03934  3.94819  3.94819  1.46634  0.26236  1.09861  0.40547
     18   3.21488  0.23536  2.99402  2.12471     21 C - - <
          1.38629  1.38629  1.38629  1.38629
          0.03934  3.94819  3.94819  1.46634  0.26236  1.09861  0.40547
     19   3.21433  0.23542  2.99375  2.12461     22 C - - <
          1.38629  1.38629  1.38629  1.38629
          0.03934  3.94819  3.94819  1.46634  0.26236  1.09861  0.40547
     20   2.06482  1.17001  1.85113  0.90206     23 u - - <
          1.38629  1.38629  1.38629  1.38629
          0.03934  3.94819  3.94819  1.46634  0.26236  1.09861  0.40547
     21   2.63044  2.59092  3.14867  0.21061     24 U - - -
          1.38629  1.38629  1.38629  1.38629
          0.03934  3.94819  3.94819  1.46634  0.26236  1.09861  0.40547
     22   2.59658  3.25899  0.16705  3.19696     25 G - - <
          1.38629  1.38629  1.38629  1.38629
          0.03934  3.94819  3.94819  1.46634  0.26236  1.09861  0.40547
     23   2.59852  3.26131  0.16662  3.20018     26 G - - <
          1.38629  1.38629  1.38629  1.38629
          0.03934  3.94819  3.94819  1.46634  0.26236  1.09861  0.40547
     24   2.63044  2.59092  3.14867  0.21061     27 U - - _
          1.38629  1.38629  1.38629  1.38629
          0.03934  3.94819  3.94819  1.46634  0.26236  1.09861  0.40547
     25   2.63044  2.59092  3.14867  0.21061     28 U - - _
          1.38629  1.38629  1.38629  1.38629
          0.03934  3.94819  3.94819  1.46634  0.26236  1.09861  0.40547
     26   2.72277  3.60372  0.14449  3.17918     29 G - - _
          1.38629  1.38629  1.38629  1.38629
          0.03934  3.94819  3.94819  1.46634  0.26236  1.09861  0.40547
     27   0.15132  3.26114  2.98307  2.96725     30 A - - _
          1.38629  1.38629  1.38629  1.38629
          0.07917  2.86781  3.94819  0.57976  0.82105  1.09861  0.40547
     28   2.63044  2.59092  3.14867  0.21061     32 U - - _
          1.38629  1.38629  1.38629  1.38629
          0.03934  3.94819  3.94819  1.46634  0.26236  1.09861  0.40547
     29   2.63044  2.59092  3.14867  0.21061     33 U - - _
          1.38629  1.38629  1.38629  1.38629
          0.03934  3.94819  3.94819  1.46634  0.26236  1.09861  0.40547
     30   2.72277  3.60372  0.14449  3.17918     34 G - - _
          1.38629  1.38629  1.38629  1.38629
          0.08176  2.82655  3.94819  0.55910  0.84799  1.09861  0.40547
     31   0.15132  3.26114  2.98307  2.96725     36 A - - _
          1.38629  1.38629  1.38629  1.38629
          0.03934  3.94819  3.94819  1.46634  0.26236  1.09861  0.40547
     32   2.18774  1.85389  2.70325  0.40915     37 U - - _
          1.38629  1.38629  1.38629  1.38629
          0.03934  3.94819  3.94819  1.46634  0.26236  1.09861  0.40547
     33   0.15132  3.26114  2.98307  2.96725     38 A - - _
          1.38629  1.38629  1.38629  1.38629
          0.03934  3.94819  3.94819  1.46634  0.26236  1.09861  0.40547
     34   0.52280  2.51535  1.56383  2.14582     39 A - - _
          1.38629  1.38629  1.38629  1.38629
          0.03934  3.94819  3.94819  1.46634  0.26236  1.09861  0.40547
     35   0.15132  3.26114  2.98307  2.96725     40 A - - _
          1.38629  1.38629  1.38629  1.38629
          0.03934  3.94819  3.94819  1.46634  0.26236  1.09861  0.40547
     36   0.15132  3.26114  2.98307  2.96725     41 A - - _
          1.38629  1.38629  1.38629  1.38629
          0.03934  3.94819  3.94819  1.46634  0.26236  1.09861  0.40547
     37   0.56703  1.72182  2.28411  1.88265     42 A - - _
          1.38629  1.38629  1.38629  1.38629
          0.11355  3.94819  2.42984  1.46634  0.26236  1.09861  0.40547
     38   0.17644  3.12006  2.85593  2.81178     43 A - - _
          1.38629  1.38629  1.38629  1.38629
          0.24721  3.87695  1.61791  1.46634  0.26236  1.88170  0.16526
     39   0.26980  2.74044  2.51441  2.39669     44 A - - _
          1.38629  1.38629  1.38629  1.38629
          0.11073  2.53037  3.68142  0.54479  0.86742  0.14169  2.02410
     40   2.63044  2.59092  3.14867  0.21061     46 U - - _
          1.38629  1.38629  1.38629  1.38629
          0.03934  3.94819  3.94819  1.46634  0.26236  1.09861  0.40547
     41   2.87284  0.19613  3.44904  2.41043     47 C - - _
          1.38629  1.38629  1.38629  1.38629
          0.03934  3.94819  3.94819  1.46634  0.26236  1.09861  0.40547
     42   2.08931  2.20228  2.35876  0.39878     48 U - - _
          1.38629  1.38629  1.38629  1.38629
          0.03934  3.94819  3.94819  1.46634  0.26236  1.09861  0.40547
     43   3.41327  0.19626  3.10171  2.29961     49 C - - >
          1.38629  1.38629  1.38629  1.38629
          0.03934  3.94819  3.94819  1.46634  0.26236  1.09861  0.40547
     44   3.41926  0.19574  3.10434  2.30074     50 C - - >
          1.38629  1.38629  1.38629  1.38629
          0.03934  3.94819  3.94819  1.46634  0.26236  1.09861  0.40547
     45   0.78875  1.75821  2.08646  1.38987     51 a - - -
          1.38629  1.38629  1.38629  1.38629
          0.21955  1.72693  3.94819  0.20440  1.68815  1.09861  0.40547
     46   1.51600  1.99229  0.72475  1.83519     53 g - - >
          1.38629  1.38629  1.38629  1.38629
          0.03934  3.94819  3.94819  1.46634  0.26236  1.09861  0.40547
     47   2.40150  3.16102  0.20338  2.97468     54 G - - >
          1.38629  1.38629  1.38629  1.38629
          0.03934  3.94819  3.94819  1.46634  0.26236  1.09861  0.40547
     48   2.40189  3.16155  0.20326  2.97533     55 G - - >
          1.38629  1.38629  1.38629  1.38629
          0.03934  3.94819  3.94819  1.46634  0.26236  1.09861  0.40547
     49   2.40238  3.16222  0.20312  2.97613     56 G - - >
          1.38629  1.38629  1.38629  1.38629
          0.03934  3.94819  3.94819  1.46634  0.26236  1.09861  0.40547
     50   2.69832  0.37930  2.41334  1.83993     57 C - - >
          1.38629  1.38629  1.38629  1.38629
          0.03934  3.94819  3.94819  1.46634  0.26236  1.09861  0.40547
     51   2.95751  2.14754  2.61082  0.27733     58 U - - >
          1.38629  1.38629  1.38629  1.38629
          0.03934  3.94819  3.94819  1.46634  0.26236  1.09861  0.40547
     52   3.00488  1.92649  2.72153  0.30243     59 U - - >
          1.38629  1.38629  1.38629  1.38629
          0.03934  3.94819  3.94819  1.46634  0.26236  1.09861  0.40547
     53   2.96283  2.14819  2.61284  0.27667     60 U - - >
          1.38629  1.38629  1.38629  1.38629
          0.03934  3.94819  3.94819  1.46634  0.26236  1.09861  0.40547
     54   2.87284  0.19613  3.44904  2.41043     61 C - - :
          1.38629  1.38629  1.38629  1.38629
          0.19032  3.94819  1.87072  1.46634  0.26236  1.09861  0.40547
     55   2.36625  2.37255  2.87215  0.27925     62 U - - :
          1.38629  1.38629  1.38629  1.38629
          0.04561  3.80348  3.80348  1.46634  0.26236  2.30100  0.10554
     56   2.42396  3.26050  0.20537  2.83512     63 G - - :
          1.38629  1.38629  1.38629  1.38629
          0.04561  3.80348  3.80348  1.46634  0.26236  2.30100  0.10554
     57   2.52763  0.27884  3.09645  2.13466     64 C - - :
          1.38629  1.38629  1.38629  1.38629
          0.04561  3.80348  3.80348  1.46634  0.26236  2.30100  0.10554
     58   2.36625  2.37255  2.87215  0.27925     65 U - - :
          1.38629  1.38629  1.38629  1.38629
          0.04561  3.80348  3.80348  1.46634  0.26236  2.30100  0.10554
     59   2.42396  3.26050  0.20537  2.83512     66 G - - :
          1.38629  1.38629  1.38629  1.38629
          0.04561  3.80348  3.80348  1.46634  0.26236  2.30100  0.10554
     60   2.36625  2.37255  2.87215  0.27925     67 U - - :
          1.38629  1.38629  1.38629  1.38629
          0.02307  3.78094        *  1.46634  0.26236  0.00000        *
//
