INFERNAL1/a [1.1.2 | July 2016]
NAME     t_pro_pnda_pndb_round5_0001
STATES   463
NODES    155
CLEN     153
W        267
ALPH     RNA
RF       no
CONS     yes
MAP      yes
DATE     Mon Dec 23 15:15:13 2019
COM      [1] cmbuild /home/co78wid/projects/master/results/ta_systems/pnda_pndb/2_structure_analysis/infernal_search/t_pro_pnda_pndb_cmbuild.txt /home/co78wid/projects/master/results/ta_systems/pnda_pndb/1_sequence_analysis/fold/t_pro_pnda_pndb_round5.stk
COM      [2] cmcalibrate --cpu 20 /home/co78wid/projects/master/results/ta_systems/pnda_pndb/2_structure_analysis/infernal_search/t_pro_pnda_pndb_cmbuild.txt
PBEGIN   0.05
PEND     0.05
WBETA    1e-07
QDBBETA1 1e-07
QDBBETA2 1e-15
N2OMEGA  1.52588e-05
N3OMEGA  1.52588e-05
ELSELF   -0.08926734
NSEQ     1296
EFFN     7.766785
CKSUM    974724412
NULL     0.000  0.000  0.000  0.000 
EFP7GF   -9.0573 0.71775
ECMLC    0.68332   -11.48784    -2.48538     1600000      563320  0.002130
ECMGC    0.36746   -19.58169   -10.04323     1600000       13312  0.030048
ECMLI    0.57927    -9.98773    -0.21926     1600000      344085  0.003488
ECMGI    0.42527    -9.29450    -1.09228     1600000       13090  0.030558
CM
                                             [ ROOT    0 ]      -      - - - - -
     S     0    -1 0     1     4     1     1   267   421  -8.358  -8.565  -0.586  -1.607                 
    IL     1     1 2     1     4    40    89   269   423  -1.686  -2.369  -1.117  -4.855                  0.000  0.000  0.000  0.000 
    IR     2     2 3     2     3    40    89   269   422  -1.442  -0.798  -4.142                          0.000  0.000  0.000  0.000 
                                             [ MATL    1 ]     41      - A - - -
    ML     3     2 3     5     3    40    89   267   421  -5.464  -0.088  -4.766                          1.190 -1.110 -0.451 -0.934 
     D     4     2 3     5     3    34    83   263   417 -15.009  -3.345  -0.150                         
    IL     5     5 3     5     3    41    89   268   422  -2.070  -0.395  -9.714                          0.000  0.000  0.000  0.000 
                                             [ MATL    2 ]     43      - u - - -
    ML     6     5 3     8     3    40    88   267   420  -6.137  -0.042  -6.137                         -0.029 -0.929 -0.185  0.692 
     D     7     5 3     8     3    34    83   263   416 -14.979  -4.410  -0.070                         
    IL     8     8 3     8     3    41    90   271   425  -0.384  -2.121  -8.028                          0.000  0.000  0.000  0.000 
                                             [ MATL    3 ]     44      - G - - -
    ML     9     8 3    11     3    39    87   265   419  -3.535  -0.155  -5.986                          0.150 -1.552  1.073 -1.166 
     D    10     8 3    11     3    34    82   263   416 -14.956  -0.353  -2.203                         
    IL    11    11 3    11     3    42    90   271   425  -0.294  -2.442 -14.779                          0.000  0.000  0.000  0.000 
                                             [ MATL    4 ]     58      - A - - -
    ML    12    11 3    14     3    38    87   263   417  -6.564  -0.031  -6.564                          1.111 -0.587 -0.980 -0.584 
     D    13    11 3    14     3    31    78   258   412 -12.970  -2.843  -0.217                         
    IL    14    14 3    14     3    40    88   268   422  -0.384  -2.121  -8.028                          0.000  0.000  0.000  0.000 
                                             [ MATL    5 ]     59      - U - - -
    ML    15    14 3    17     3    38    86   262   416  -6.566  -0.031  -6.566                          0.096 -1.040 -1.546  1.072 
     D    16    14 3    17     3    31    78   258   411 -12.948  -2.942  -0.201                         
    IL    17    17 3    17     3    39    88   267   420  -0.384  -2.121  -8.028                          0.000  0.000  0.000  0.000 
                                             [ MATL    6 ]     60      - G - - -
    ML    18    17 3    20     3    37    85   261   415  -6.567  -0.036  -6.117                         -0.774 -2.415  1.517 -1.448 
     D    19    17 3    20     3    30    78   257   411 -12.943  -1.979  -0.422                         
    IL    20    20 3    20     3    39    87   266   419  -0.384  -2.121  -8.028                          0.000  0.000  0.000  0.000 
                                             [ MATL    7 ]     61      - C - - -
    ML    21    20 3    23     3    37    85   260   414  -6.576  -0.032  -6.451                         -0.607  1.265 -1.869 -0.586 
     D    22    20 3    23     3    30    77   255   409 -12.822  -2.407  -0.302                         
    IL    23    23 3    23     3    38    86   265   418  -0.384  -2.121  -8.028                          0.000  0.000  0.000  0.000 
                                             [ MATL    8 ]     62      - c - - -
    ML    24    23 3    26     3    36    84   259   413  -6.580  -0.031  -6.532                         -0.077  0.695 -1.108 -0.045 
     D    25    23 3    26     3    29    76   254   408 -12.767  -2.801  -0.224                         
    IL    26    26 3    26     3    38    86   264   417  -0.384  -2.121  -8.028                          0.000  0.000  0.000  0.000 
                                             [ MATL    9 ]     63      - G - - -
    ML    27    26 3    29     3    36    83   258   412  -4.465  -0.088  -6.163                         -0.169 -1.580  1.256 -1.367 
     D    28    26 3    29     3    29    76   253   407 -12.774  -2.633  -0.254                         
    IL    29    29 3    29     3    37    85   261   414  -0.579  -1.596 -13.324                          0.000  0.000  0.000  0.000 
                                             [ MATL   10 ]     67      - c - - -
    ML    30    29 3    32     3    35    83   257   411  -6.577  -0.035  -6.224                          0.102  0.763 -0.975 -0.471 
     D    31    29 3    32     3    29    75   252   406 -12.816  -2.724  -0.237                         
    IL    32    32 3    32     3    37    84   261   415  -0.384  -2.121  -8.028                          0.000  0.000  0.000  0.000 
                                             [ MATL   11 ]     68      - a - - -
    ML    33    32 3    35     3    35    82   256   410  -6.574  -0.032  -6.410                          0.655 -0.160 -0.297 -0.481 
     D    34    32 3    35     3    28    75   251   405 -12.852  -2.470  -0.287                         
    IL    35    35 3    35     3    36    84   260   414  -0.384  -2.121  -8.028                          0.000  0.000  0.000  0.000 
                                             [ MATL   12 ]     69      - a - - -
    ML    36    35 3    38     3    34    81   255   409  -6.577  -0.031  -6.577                          0.856 -0.657 -0.238 -0.497 
     D    37    35 3    38     3    28    74   250   404 -12.810  -2.393  -0.305                         
    IL    38    38 3    38     3    36    83   259   413  -0.384  -2.121  -8.028                          0.000  0.000  0.000  0.000 
                                             [ MATL   13 ]     70      - A - - -
    ML    39    38 3    41     3    33    80   254   408  -6.583  -0.030  -6.583                          1.507 -1.051 -1.621 -1.517 
     D    40    38 3    41     3    27    74   249   402 -12.734  -2.415  -0.300                         
    IL    41    41 3    41     3    35    82   258   412  -0.384  -2.121  -8.028                          0.000  0.000  0.000  0.000 
                                             [ MATL   14 ]     71      - A - - -
    ML    42    41 3    44     3    32    80   253   407  -5.249  -0.167  -3.589                          1.389 -1.726 -0.487 -1.455 
     D    43    41 3    44     3    27    73   247   401 -12.674  -2.508  -0.279                         
    IL    44    44 3    44     3    37    84   261   415  -0.266  -2.570 -13.203                          0.000  0.000  0.000  0.000 
                                             [ MATL   15 ]     78      - a - - -
    ML    45    44 3    47     3    34    81   252   406  -6.480  -0.033  -6.480                          0.682 -0.615 -0.024 -0.398 
     D    46    44 3    47     3    27    73   246   400 -13.708  -3.684  -0.117                         
    IL    47    47 3    47     3    36    83   256   410  -0.384  -2.121  -8.028                          0.000  0.000  0.000  0.000 
                                             [ MATL   16 ]     79      - u - - -
    ML    48    47 3    50     3    34    80   251   405  -6.481  -0.033  -6.481                          0.016 -0.470 -0.007  0.347 
     D    49    47 3    50     3    26    73   245   399 -13.703  -3.737  -0.113                         
    IL    50    50 3    50     3    35    82   255   409  -0.384  -2.121  -8.028                          0.000  0.000  0.000  0.000 
                                             [ MATL   17 ]     80      - c - - -
    ML    51    50 3    53     3    33    79   250   403  -6.481  -0.033  -6.481                          0.222  0.683 -0.910 -0.524 
     D    52    50 3    53     3    26    72   245   399 -13.703  -3.737  -0.113                         
    IL    53    53 3    53     3    35    81   254   408  -0.384  -2.121  -8.028                          0.000  0.000  0.000  0.000 
                                             [ MATL   18 ]     81      - u - - -
    ML    54    53 3    56     3    33    79   249   402  -6.481  -0.033  -6.440                         -0.689 -0.259  0.108  0.552 
     D    55    53 3    56     3    26    72   245   398 -13.703  -3.737  -0.113                         
    IL    56    56 3    56     3    34    80   253   407  -0.384  -2.121  -8.028                          0.000  0.000  0.000  0.000 
                                             [ MATL   19 ]     82      - g - - -
    ML    57    56 3    59     3    32    78   248   401  -6.481  -0.033  -6.481                          0.220 -0.313  0.429 -0.547 
     D    58    56 3    59     3    26    72   244   398 -13.706  -3.700  -0.116                         
    IL    59    59 3    59     3    34    80   252   406  -0.384  -2.121  -8.028                          0.000  0.000  0.000  0.000 
                                             [ MATL   20 ]     83      - u - - -
    ML    60    59 3    62     3    31    77   246   400  -6.481  -0.036  -6.236                         -1.360  0.397 -1.012  0.846 
     D    61    59 3    62     3    26    72   244   398 -13.703  -0.739  -1.319                         
    IL    62    62 3    62     3    33    79   251   405  -0.384  -2.121  -8.028                          0.000  0.000  0.000  0.000 
                                             [ MATL   21 ]     84      - g - - -
    ML    63    62 3    65     3    31    76   245   399  -6.587  -0.030  -6.587                         -0.278  0.030  0.325 -0.149 
     D    64    62 3    65     3    24    70   241   395 -12.673  -2.490  -0.283                         
    IL    65    65 3    65     3    32    78   250   404  -0.384  -2.121  -8.028                          0.000  0.000  0.000  0.000 
                                             [ MATL   22 ]     85      - u - - -
    ML    66    65 3    68     3    30    75   244   398  -6.589  -0.030  -6.589                         -0.447  0.296 -0.621  0.473 
     D    67    65 3    68     3    23    69   240   394 -12.637  -2.426  -0.297                         
    IL    68    68 3    68     3    32    77   249   403  -0.384  -2.121  -8.028                          0.000  0.000  0.000  0.000 
                                             [ MATL   23 ]     86      - U - - -
    ML    69    68 3    71     3    29    74   243   397  -6.592  -0.030  -6.592                         -2.337 -0.734 -2.527  1.598 
     D    70    68 3    71     3    23    69   239   393 -12.594  -2.628  -0.255                         
    IL    71    71 3    71     3    31    76   248   402  -0.384  -2.121  -8.028                          0.000  0.000  0.000  0.000 
                                             [ MATL   24 ]     87      - a - - -
    ML    72    71 3    74     3    29    74   242   396  -6.592  -0.030  -6.592                          0.277 -0.368 -0.035  0.053 
     D    73    71 3    74     3    23    68   239   393 -12.594  -2.628  -0.255                         
    IL    74    74 3    74     3    30    75   247   401  -0.384  -2.121  -8.028                          0.000  0.000  0.000  0.000 
                                             [ MATL   25 ]     88      - a - - -
    ML    75    74 3    77     3    28    73   241   395  -6.246  -0.035  -6.551                          0.257 -0.569 -0.045  0.216 
     D    76    74 3    77     3    22    68   238   392 -12.594  -2.628  -0.255                         
    IL    77    77 3    77     3    28    73   242   396  -1.412  -0.684  -9.056                          0.000  0.000  0.000  0.000 
                                             [ MATL   26 ]     90      - U - - -
    ML    78    77 3    80     3    27    72   240   394  -6.592  -0.030  -6.592                         -0.971 -0.807 -0.134  1.005 
     D    79    77 3    80     3    22    67   238   391 -12.601  -0.875  -1.137                         
    IL    80    80 3    80     3    29    74   245   398  -0.384  -2.121  -8.028                          0.000  0.000  0.000  0.000 
                                             [ MATL   27 ]     91      - g - - -
    ML    81    80 3    83     3    26    71   239   393  -6.627  -0.029  -6.627                         -0.330  0.167  0.382 -0.361 
     D    82    80 3    83     3    20    66   235   389 -11.901  -1.859  -0.466                         
    IL    83    83 3    83     3    28    73   244   397  -0.384  -2.121  -8.028                          0.000  0.000  0.000  0.000 
                                             [ MATL   28 ]     92      - g - - -
    ML    84    83 3    86     3    26    70   238   392  -6.628  -0.029  -6.628                         -0.081 -1.430  0.787 -0.063 
     D    85    83 3    86     3    20    65   234   387 -11.881  -1.915  -0.445                         
    IL    86    86 3    86     3    27    72   243   396  -0.384  -2.121  -8.028                          0.000  0.000  0.000  0.000 
                                             [ MATL   29 ]     93      - g - - -
    ML    87    86 3    89     3    25    69   237   391  -6.628  -0.034  -6.211                         -0.732  0.245  0.472 -0.275 
     D    88    86 3    89     3    19    64   232   386 -11.881  -1.793  -0.492                         
    IL    89    89 3    89     3    26    71   242   395  -0.384  -2.121  -8.028                          0.000  0.000  0.000  0.000 
                                             [ MATL   30 ]     94      - c - - -
    ML    90    89 3    92     3    24    68   236   390  -6.624  -0.032  -6.379                         -0.213  0.184 -0.022  0.024 
     D    91    89 3    92     3    19    63   229   383 -11.972  -1.546  -0.605                         
    IL    92    92 3    92     3    26    70   241   394  -0.384  -2.121  -8.028                          0.000  0.000  0.000  0.000 
                                             [ MATL   31 ]     95      - u - - -
    ML    93    92 3    95     3    23    67   235   389  -6.627  -0.029  -6.627                         -0.423  0.159 -0.068  0.244 
     D    94    92 3    95     3    18    63   223   377 -11.902  -1.936  -0.437                         
    IL    95    95 3    95     3    25    69   239   393  -0.384  -2.121  -8.028                          0.000  0.000  0.000  0.000 
                                             [ MATL   32 ]     96      - U - - -
    ML    96    95 3    98     3    22    67   234   388  -5.016  -0.063  -6.432                         -2.671 -1.015 -2.981  1.688 
     D    97    95 3    98     3    17    62   206   347 -11.902  -1.691  -0.535                         
    IL    98    98 3    98     3    26    70   262   416  -0.173  -3.149 -14.195                          0.000  0.000  0.000  0.000 
                                             [ MATL   33 ]    106      - g - - -
    ML    99    98 3   101     3    22    66   207   307  -6.628  -0.029  -6.628                          0.090 -0.320  0.595 -0.680 
     D   100    98 3   101     3    17    61   204   304 -11.887  -1.833  -0.476                         
    IL   101   101 3   101     3    23    67   212   312  -0.384  -2.121  -8.028                          0.000  0.000  0.000  0.000 
                                             [ MATL   34 ]    107      - a - - -
    ML   102   101 3   104     3    21    65   205   305  -6.629  -0.029  -6.629                          0.627 -0.546 -0.308 -0.054 
     D   103   101 3   104     3    16    60   203   303 -11.863  -1.897  -0.452                         
    IL   104   104 3   104     3    22    66   211   311  -0.384  -2.121  -8.028                          0.000  0.000  0.000  0.000 
                                             [ MATL   35 ]    108      - U - - -
    ML   105   104 3   107     3    20    64   204   304  -6.629  -0.065  -4.881                         -2.602 -1.130 -2.648  1.687 
     D   106   104 3   107     3    15    60   202   302 -11.863  -1.701  -0.531                         
    IL   107   107 3   107     3    22    66   210   310  -0.384  -2.121  -8.028                          0.000  0.000  0.000  0.000 
                                             [ MATL   36 ]    109      - c - - -
    ML   108   107 3   110     3    20    63   203   303  -5.688  -0.044  -6.596                         -0.095  0.482 -0.447 -0.099 
     D   109   107 3   110     3    15    59   201   301 -12.535  -0.822  -1.203                         
    IL   110   110 3   110     3    21    64   206   306  -0.566  -1.626 -11.496                          0.000  0.000  0.000  0.000 
                                             [ MATL   37 ]    113      - G - - -
    ML   111   110 3   113     3    19    62   202   302  -6.631  -0.031  -6.509                          0.130 -2.141  1.255 -1.773 
     D   112   110 3   113     3    13    57   199   299 -11.805  -1.839  -0.473                         
    IL   113   113 3   113     3    20    64   208   308  -0.384  -2.121  -8.028                          0.000  0.000  0.000  0.000 
                                             [ MATL   38 ]    114      - U - - -
    ML   114   113 3   116     3    18    61   201   301  -6.629  -0.029  -6.629                         -2.623 -0.189 -2.927  1.500 
     D   115   113 3   116     3    13    56   198   298 -11.840  -1.654  -0.552                         
    IL   116   116 3   116     3    20    63   207   307  -0.384  -2.121  -8.028                          0.000  0.000  0.000  0.000 
                                             [ MATL   39 ]    115      - c - - -
    ML   117   116 3   119     3    17    60   200   300  -6.632  -0.029  -6.632                         -0.277  0.375 -0.242  0.046 
     D   118   116 3   119     3    12    55   197   297 -11.774  -1.523  -0.618                         
    IL   119   119 3   119     3    19    62   206   306  -0.384  -2.121  -8.028                          0.000  0.000  0.000  0.000 
                                             [ MATL   40 ]    116      - a - - -
    ML   120   119 3   122     3    17    59   199   299  -6.635  -0.031  -6.508                          0.558 -0.622  0.387 -0.810 
     D   121   119 3   122     3    11    55   196   296 -11.681  -1.715  -0.525                         
    IL   122   122 3   122     3    18    61   205   305  -0.384  -2.121  -8.028                          0.000  0.000  0.000  0.000 
                                             [ MATL   41 ]    117      - U - - -
    ML   123   122 3   125     3    16    59   198   298  -6.634  -0.029  -6.634                         -3.180 -1.891 -3.397  1.818 
     D   124   122 3   125     3    10    54   195   294 -11.721  -1.516  -0.622                         
    IL   125   125 3   125     3    17    60   204   303  -0.384  -2.121  -8.028                          0.000  0.000  0.000  0.000 
                                             [ MATL   42 ]    118      - c - - -
    ML   126   125 3   128     3    15    58   196   297  -6.636  -0.034  -6.224                         -0.783  0.235  0.212  0.116 
     D   127   125 3   128     3    10    53   193   293 -11.642  -1.676  -0.542                         
    IL   128   128 3   128     3    17    60   202   302  -0.384  -2.121  -8.028                          0.000  0.000  0.000  0.000 
                                             [ MATL   43 ]    119      - U - - -
    ML   129   128 3   131     3    15    57   195   295  -6.631  -0.029  -6.631                         -2.063 -2.471 -2.537  1.769 
     D   130   128 3   131     3     9    52   192   291 -11.784  -1.406  -0.684                         
    IL   131   131 3   131     3    16    59   201   301  -0.384  -2.121  -8.028                          0.000  0.000  0.000  0.000 
                                             [ MATL   44 ]    120      - G - - -
    ML   132   131 3   134     3    14    56   194   294  -5.328  -0.051  -6.636                         -2.089 -2.778  1.794 -2.722 
     D   133   131 3   134     3     8    51   189   287 -11.642  -1.676  -0.542                         
    IL   134   134 3   134     3    16    59   209   311  -0.266  -2.569 -13.154                          0.000  0.000  0.000  0.000 
                                             [ MATL   45 ]    127      - U - - -
    ML   135   134 3   137     3    13    55   191   288  -6.636  -0.029  -6.636                         -2.162  0.225 -2.440  1.277 
     D   136   134 3   137     3     7    50   188   286 -11.642  -1.634  -0.562                         
    IL   137   137 3   137     3    15    57   197   294  -0.384  -2.121  -8.028                          0.000  0.000  0.000  0.000 
                                             [ MATL   46 ]    128      - u - - -
    ML   138   137 3   140     3    12    54   190   287  -6.637  -0.029  -6.637                          0.112 -0.500 -0.056  0.322 
     D   139   137 3   140     3     7    49   187   284 -11.628  -1.662  -0.548                         
    IL   140   140 3   140     3    14    56   196   293  -0.384  -2.121  -8.028                          0.000  0.000  0.000  0.000 
                                             [ MATL   47 ]    129      - U - - -
    ML   141   140 3   143     3    12    53   188   286  -6.637  -0.029  -6.637                         -2.048 -0.572 -1.670  1.471 
     D   142   140 3   143     3     6    48   185   283 -11.628  -1.662  -0.548                         
    IL   143   143 3   143     3    13    55   195   292  -0.384  -2.121  -8.028                          0.000  0.000  0.000  0.000 
                                             [ MATL   48 ]    130      - c - - -
    ML   144   143 3   146     3    11    52   187   285  -6.637  -0.030  -6.608                         -0.073  0.453 -0.141 -0.369 
     D   145   143 3   146     3     5    47   184   282 -11.628  -1.558  -0.599                         
    IL   146   146 3   146     3    12    54   193   291  -0.384  -2.121  -8.028                          0.000  0.000  0.000  0.000 
                                             [ MATL   49 ]    131      - A - - -
    ML   147   146 3   149     3    10    51   186   284  -6.637  -0.029  -6.637                          1.867 -3.520 -2.588 -3.343 
     D   148   146 3   149     3     5    47   183   281 -11.603  -1.608  -0.574                         
    IL   149   149 3   149     3    12    53   192   290  -0.384  -2.121  -8.028                          0.000  0.000  0.000  0.000 
                                             [ MATL   50 ]    132      - C - - -
    ML   150   149 3   152     3    10    51   185   283  -6.638  -0.030  -6.536                         -3.671  1.867 -3.679 -2.360 
     D   151   149 3   152     3     4    46   182   280 -11.594  -1.628  -0.565                         
    IL   152   152 3   152     3    11    52   191   289  -0.384  -2.121  -8.028                          0.000  0.000  0.000  0.000 
                                             [ MATL   51 ]    133      - g - - -
    ML   153   152 3   155     3     9    50   184   282  -6.637  -0.029  -6.637                         -0.352 -0.207  0.783 -0.669 
     D   154   152 3   155     3     3    45   181   279 -11.627  -1.661  -0.549                         
    IL   155   155 3   155     3    10    52   190   288  -0.384  -2.121  -8.028                          0.000  0.000  0.000  0.000 
                                             [ MATL   52 ]    134      - g - - -
    ML   156   155 3   158     3     8    49   183   281  -6.637  -0.029  -6.637                         -0.248 -0.381  0.885 -0.881 
     D   157   155 3   158     3     3    44   180   278 -11.627  -1.661  -0.549                         
    IL   158   158 3   158     3    10    51   189   286  -0.384  -2.121  -8.028                          0.000  0.000  0.000  0.000 
                                             [ MATL   53 ]    135      - U - - -
    ML   159   158 3   161     3     8    48   182   279  -6.637  -0.035  -6.194                         -2.956 -1.070 -3.069  1.712 
     D   160   158 3   161     3     2    43   179   277 -11.627  -1.661  -0.549                         
    IL   161   161 3   161     3     9    50   188   285  -0.384  -2.121  -8.028                          0.000  0.000  0.000  0.000 
                                             [ MATL   54 ]    136      - g - - -
    ML   162   161 3   164     3     7    47   180   278  -6.631  -0.029  -6.631                          0.161 -0.197  0.179 -0.188 
     D   163   161 3   164     3     1    42   178   276 -11.782  -1.700  -0.531                         
    IL   164   164 3   164     3     9    49   187   284  -0.384  -2.121  -8.028                          0.000  0.000  0.000  0.000 
                                             [ MATL   55 ]    137      - u - - -
    ML   165   164 3   167     3     7    46   179   277  -6.633  -0.029  -6.633                         -0.015  0.009 -0.574  0.413 
     D   166   164 3   167     3     1    41   177   275 -11.748  -1.369  -0.707                         
    IL   167   167 3   167     3     8    48   185   283  -0.384  -2.121  -8.028                          0.000  0.000  0.000  0.000 
                                             [ MATL   56 ]    138      - U - - -
    ML   168   167 3   170     3     6    45   178   276  -6.213  -0.034  -6.638                         -3.474 -2.726 -3.594  1.878 
     D   169   167 3   170     3     0    40   175   273 -11.602  -1.636  -0.561                         
    IL   170   170 3   170     3     7    46   179   277  -1.592  -0.585  -9.236                          0.000  0.000  0.000  0.000 
                                             [ MATL   57 ]    140      - g - - -
    ML   171   170 3   173     3     5    44   177   275  -6.638  -0.029  -6.638                          0.007 -1.048  0.984 -0.907 
     D   172   170 3   173     3     0    39   174   272 -11.602  -1.636  -0.561                         
    IL   173   173 3   173     3     7    46   183   281  -0.384  -2.121  -8.028                          0.000  0.000  0.000  0.000 
                                             [ MATL   58 ]    141      - g - - -
    ML   174   173 3   176     3     5    44   176   274  -6.638  -0.029  -6.638                          0.005 -0.838  0.338  0.230 
     D   175   173 3   176     3     0    39   173   271 -11.602  -1.636  -0.561                         
    IL   176   176 3   176     3     6    45   182   280  -0.384  -2.121  -8.028                          0.000  0.000  0.000  0.000 
                                             [ MATL   59 ]    142      - u - - -
    ML   177   176 3   179     3     4    43   175   273  -6.638  -0.029  -6.638                         -1.332 -0.696  0.166  0.898 
     D   178   176 3   179     3     0    38   172   270 -11.602  -1.636  -0.561                         
    IL   179   179 3   179     3     5    44   181   279  -0.384  -2.121  -8.028                          0.000  0.000  0.000  0.000 
                                             [ MATL   60 ]    143      - a - - -
    ML   180   179 3   182     3     4    42   174   272  -6.638  -0.029  -6.638                          0.199 -0.394 -0.040  0.161 
     D   181   179 3   182     3     0    37   171   269 -11.602  -1.636  -0.561                         
    IL   182   182 3   182     3     5    44   180   278  -0.384  -2.121  -8.028                          0.000  0.000  0.000  0.000 
                                             [ MATL   61 ]    144      - u - - -
    ML   183   182 3   185     3     3    41   173   271  -6.638  -0.029  -6.638                         -0.032 -1.107 -0.511  0.892 
     D   184   182 3   185     3     0    36   170   268 -11.602  -1.636  -0.561                         
    IL   185   185 3   185     3     4    43   179   276  -0.384  -2.121  -8.028                          0.000  0.000  0.000  0.000 
                                             [ MATL   62 ]    145      - U - - -
    ML   186   185 3   188     3     3    40   171   270  -6.638  -0.030  -6.567                         -1.897 -0.172 -1.471  1.312 
     D   187   185 3   188     3     0    35   169   267 -11.602  -1.636  -0.561                         
    IL   188   188 3   188     3     4    42   178   275  -0.384  -2.121  -8.028                          0.000  0.000  0.000  0.000 
                                             [ MATL   63 ]    146      - u - - -
    ML   189   188 3   191     3     2    39   170   268  -6.637  -0.030  -6.603                         -0.624  0.230 -0.124  0.335 
     D   190   188 3   191     3     0    34   168   266 -11.625  -1.474  -0.645                         
    IL   191   191 3   191     3     3    41   176   274  -0.384  -2.121  -8.028                          0.000  0.000  0.000  0.000 
                                             [ MATL   64 ]    147      - a - - -
    ML   192   191 3   194     3     2    38   169   267  -6.638  -0.029  -6.638                          0.666 -0.948  0.111 -0.296 
     D   193   191 3   194     3     0    33   166   265 -11.572  -1.545  -0.606                         
    IL   194   194 3   194     3     3    40   175   273  -0.384  -2.121  -8.028                          0.000  0.000  0.000  0.000 
                                             [ MATL   65 ]    148      - C - - -
    ML   195   194 3   197     3     2    37   168   266  -6.639  -0.029  -6.639                         -2.746  1.314 -2.856  0.295 
     D   196   194 3   197     3     0    32   165   263 -11.551  -1.585  -0.585                         
    IL   197   197 3   197     3     2    39   174   272  -0.384  -2.121  -8.028                          0.000  0.000  0.000  0.000 
                                             [ MATL   66 ]    149      - a - - -
    ML   198   197 3   200     3     1    37   167   265  -6.639  -0.030  -6.568                          0.408  0.238 -0.388 -0.456 
     D   199   197 3   200     3     0    32   164   262 -11.551  -1.585  -0.585                         
    IL   200   200 3   200     3     2    38   173   271  -0.384  -2.121  -8.028                          0.000  0.000  0.000  0.000 
                                             [ MATL   67 ]    150      - u - - -
    ML   201   200 3   203     3     1    36   166   264  -6.638  -0.030  -6.603                         -1.727  0.567 -1.681  0.930 
     D   202   200 3   203     3     0    31   163   261 -11.575  -1.610  -0.574                         
    IL   203   203 3   203     3     2    37   172   270  -0.384  -2.121  -8.028                          0.000  0.000  0.000  0.000 
                                             [ MATL   68 ]    151      - u - - -
    ML   204   203 3   206     3     1    35   165   263  -6.638  -0.029  -6.638                         -0.647 -1.156  0.292  0.756 
     D   205   203 3   206     3     0    30   162   260 -11.587  -1.621  -0.568                         
    IL   206   206 3   206     3     1    37   171   269  -0.384  -2.121  -8.028                          0.000  0.000  0.000  0.000 
                                             [ MATL   69 ]    152      - G - - -
    ML   207   206 3   209     3     1    34   163   262  -6.638  -0.029  -6.638                         -0.795 -0.822  1.119 -0.544 
     D   208   206 3   209     3     0    29   161   259 -11.587  -1.550  -0.603                         
    IL   209   209 3   209     3     1    36   170   268  -0.384  -2.121  -8.028                          0.000  0.000  0.000  0.000 
                                             [ MATL   70 ]    153      - a - - -
    ML   210   209 3   212     3     1    33   162   261  -6.639  -0.029  -6.639                          0.659 -0.097 -0.287 -0.585 
     D   211   209 3   212     3     0    28   159   258 -11.563  -1.562  -0.597                         
    IL   212   212 3   212     3     1    35   168   266  -0.384  -2.121  -8.028                          0.000  0.000  0.000  0.000 
                                             [ MATL   71 ]    154      - U - - -
    ML   213   212 3   215     3     1    32   161   260  -6.639  -0.029  -6.639                         -3.411 -2.477 -3.678  1.867 
     D   214   212 3   215     3     0    27   158   257 -11.551  -1.585  -0.585                         
    IL   215   215 3   215     3     1    34   167   265  -0.384  -2.121  -8.028                          0.000  0.000  0.000  0.000 
                                             [ MATL   72 ]    155      - g - - -
    ML   216   215 3   218     3     1    31   160   258  -6.639  -0.029  -6.639                          0.253 -0.943  0.677 -0.537 
     D   217   215 3   218     3     0    26   157   256 -11.551  -1.585  -0.585                         
    IL   218   218 3   218     3     1    33   166   264  -0.384  -2.121  -8.028                          0.000  0.000  0.000  0.000 
                                             [ MATL   73 ]    156      - a - - -
    ML   219   218 3   221     3     1    30   159   257  -6.639  -0.029  -6.639                          0.823 -1.048 -0.091 -0.306 
     D   220   218 3   221     3     0    25   156   254 -11.551  -1.585  -0.585                         
    IL   221   221 3   221     3     1    32   165   263  -0.384  -2.121  -8.028                          0.000  0.000  0.000  0.000 
                                             [ MATL   74 ]    157      - u - - -
    ML   222   221 3   224     3     1    29   158   256  -6.639  -0.029  -6.639                         -1.219  0.662 -1.653  0.739 
     D   223   221 3   224     3     0    25   155   253 -11.551  -1.585  -0.585                         
    IL   224   224 3   224     3     1    31   164   262  -0.384  -2.121  -8.028                          0.000  0.000  0.000  0.000 
                                             [ MATL   75 ]    158      - c - - -
    ML   225   224 3   227     3     1    29   157   255  -6.639  -0.029  -6.639                         -0.064  0.239  0.170 -0.438 
     D   226   224 3   227     3     0    24   154   252 -11.551  -1.585  -0.585                         
    IL   227   227 3   227     3     1    30   163   261  -0.384  -2.121  -8.028                          0.000  0.000  0.000  0.000 
                                             [ MATL   76 ]    159      - c - - -
    ML   228   227 3   230     3     1    28   155   254  -6.639  -0.035  -6.186                          0.526  0.722 -1.144 -1.128 
     D   229   227 3   230     3     0    23   153   251 -11.551  -1.585  -0.585                         
    IL   230   230 3   230     3     1    29   162   260  -0.384  -2.121  -8.028                          0.000  0.000  0.000  0.000 
                                             [ MATL   77 ]    160      - G - - -
    ML   231   230 3   233     3     1    27   154   253  -6.634  -0.029  -6.634                         -0.473 -2.895  1.578 -2.648 
     D   232   230 3   233     3     0    22   152   250 -11.718  -1.300  -0.753                         
    IL   233   233 3   233     3     1    29   160   259  -0.384  -2.121  -8.028                          0.000  0.000  0.000  0.000 
                                             [ MATL   78 ]    161      - g - - -
    ML   234   233 3   236     3     1    26   153   252  -6.639  -0.029  -6.639                         -0.042  0.016  0.421 -0.560 
     D   235   233 3   236     3     0    21   150   249 -11.551  -1.585  -0.585                         
    IL   236   236 3   236     3     1    28   159   257  -0.384  -2.121  -8.028                          0.000  0.000  0.000  0.000 
                                             [ MATL   79 ]    162      - g - - -
    ML   237   236 3   239     3     1    25   152   251  -6.215  -0.035  -6.596                          0.328 -1.342  0.927 -1.156 
     D   238   236 3   239     3     0    20   149   248 -11.551  -1.585  -0.585                         
    IL   239   239 3   239     3     1    26   153   251  -1.591  -0.586  -9.235                          0.000  0.000  0.000  0.000 
                                             [ MATL   80 ]    164      - A - - -
    ML   240   239 3   242     3     1    24   151   250  -6.639  -0.029  -6.639                          1.208 -1.700  0.051 -1.530 
     D   241   239 3   242     3     0    19   148   247 -11.566  -1.557  -0.600                         
    IL   242   242 3   242     3     1    26   157   255  -0.384  -2.121  -8.028                          0.000  0.000  0.000  0.000 
                                             [ MATL   81 ]    165      - a - - -
    ML   243   242 3   245     3     1    23   150   248  -6.639  -0.030  -6.584                          0.487 -0.070 -1.226  0.285 
     D   244   242 3   245     3     0    18   147   246 -11.551  -1.585  -0.585                         
    IL   245   245 3   245     3     1    25   156   254  -0.384  -2.121  -8.028                          0.000  0.000  0.000  0.000 
                                             [ MATL   82 ]    166      - u - - -
    ML   246   245 3   248     3     1    23   149   247  -6.638  -0.029  -6.638                         -0.212 -0.377 -0.317  0.645 
     D   247   245 3   248     3     0    17   146   245 -11.570  -1.549  -0.604                         
    IL   248   248 3   248     3     1    24   155   253  -0.384  -2.121  -8.028                          0.000  0.000  0.000  0.000 
                                             [ MATL   83 ]    167      - c - - -
    ML   249   248 3   251     3     1    22   148   246  -6.639  -0.029  -6.639                          0.066  0.728 -0.311 -1.026 
     D   250   248 3   251     3     0    16   145   243 -11.551  -1.585  -0.585                         
    IL   251   251 3   251     3     1    23   154   252  -0.384  -2.121  -8.028                          0.000  0.000  0.000  0.000 
                                             [ MATL   84 ]    168      - g - - -
    ML   252   251 3   254     3     1    21   146   245  -6.639  -0.029  -6.639                         -0.077 -0.226  0.660 -0.697 
     D   253   251 3   254     3     0    16   144   242 -11.551  -1.585  -0.585                         
    IL   254   254 3   254     3     1    22   153   251  -0.384  -2.121  -8.028                          0.000  0.000  0.000  0.000 
                                             [ MATL   85 ]    169      - C - - -
    ML   255   254 3   257     3     1    20   145   244  -6.639  -0.031  -6.478                         -2.298  1.426 -2.744 -0.058 
     D   256   254 3   257     3     0    15   142   241 -11.551  -1.585  -0.585                         
    IL   257   257 3   257     3     1    22   151   250  -0.384  -2.121  -8.028                          0.000  0.000  0.000  0.000 
                                             [ MATL   86 ]    170      - U - - -
    ML   258   257 3   260     3     1    19   144   243  -6.637  -0.029  -6.637                         -3.243 -2.137 -3.482  1.839 
     D   259   257 3   260     3     0    14   141   240 -11.607  -1.480  -0.641                         
    IL   260   260 3   260     3     1    21   150   249  -0.384  -2.121  -8.028                          0.000  0.000  0.000  0.000 
                                             [ MATL   87 ]    171      - g - - -
    ML   261   260 3   263     3     1    18   143   242  -6.639  -0.029  -6.639                         -0.054  0.067  0.261 -0.339 
     D   262   260 3   263     3     0    13   140   239 -11.551  -1.585  -0.585                         
    IL   263   263 3   263     3     1    20   149   248  -0.384  -2.121  -8.028                          0.000  0.000  0.000  0.000 
                                             [ MATL   88 ]    172      - U - - -
    ML   264   263 3   266     3     1    17   142   241  -6.639  -0.029  -6.639                         -3.562 -3.087 -3.965  1.901 
     D   265   263 3   266     3     0    12   139   238 -11.551  -1.585  -0.585                         
    IL   266   266 3   266     3     1    19   148   246  -0.384  -2.121  -8.028                          0.000  0.000  0.000  0.000 
                                             [ MATL   89 ]    173      - G - - -
    ML   267   266 3   269     3     1    17   141   240  -6.639  -0.029  -6.639                         -1.962 -3.678  1.831 -3.212 
     D   268   266 3   269     3     0    11   138   237 -11.551  -1.585  -0.585                         
    IL   269   269 3   269     3     1    18   147   245  -0.384  -2.121  -8.028                          0.000  0.000  0.000  0.000 
                                             [ MATL   90 ]    174      - c - - -
    ML   270   269 3   272     3     1    16   140   238  -6.639  -0.029  -6.639                         -2.652  0.986 -2.839  0.783 
     D   271   269 3   272     3     0    10   137   236 -11.551  -1.585  -0.585                         
    IL   272   272 3   272     3     1    17   146   244  -0.384  -2.121  -8.028                          0.000  0.000  0.000  0.000 
                                             [ MATL   91 ]    175      - G - - -
    ML   273   272 3   275     3     1    15   138   237  -6.639  -0.029  -6.639                         -1.685 -2.964  1.745 -2.256 
     D   274   272 3   275     3     0     9   136   235 -11.551  -1.585  -0.585                         
    IL   275   275 3   275     3     1    17   145   243  -0.384  -2.121  -8.028                          0.000  0.000  0.000  0.000 
                                             [ MATL   92 ]    176      - A - - -
    ML   276   275 3   278     3     1    14   137   236  -6.639  -0.029  -6.639                          1.624 -1.614 -1.704 -1.819 
     D   277   275 3   278     3     0     8   134   233 -11.551  -1.585  -0.585                         
    IL   278   278 3   278     3     1    16   143   242  -0.384  -2.121  -8.028                          0.000  0.000  0.000  0.000 
                                             [ MATL   93 ]    177      - G - - -
    ML   279   278 3   281     3     1    13   136   235  -6.639  -0.030  -6.578                          0.106 -1.763  1.156 -1.319 
     D   280   278 3   281     3     0     8   133   232 -11.551  -1.585  -0.585                         
    IL   281   281 3   281     3     1    15   142   241  -0.384  -2.121  -8.028                          0.000  0.000  0.000  0.000 
                                             [ MATL   94 ]    178      - u - - -
    ML   282   281 3   284     3     1    12   135   234  -6.638  -0.029  -6.638                         -0.366  0.024  0.090  0.193 
     D   283   281 3   284     3     0     7   132   231 -11.572  -1.606  -0.575                         
    IL   284   284 3   284     3     1    14   141   240  -0.384  -2.121  -8.028                          0.000  0.000  0.000  0.000 
                                             [ MATL   95 ]    179      - U - - -
    ML   285   284 3   287     3     1    12   134   233  -6.638  -0.029  -6.638                         -3.604 -3.073 -3.797  1.898 
     D   286   284 3   287     3     0     6   131   230 -11.572  -1.606  -0.575                         
    IL   287   287 3   287     3     1    13   140   239  -0.384  -2.121  -8.028                          0.000  0.000  0.000  0.000 
                                             [ MATL   96 ]    180      - g - - -
    ML   288   287 3   290     3     1    11   133   232  -6.638  -0.029  -6.638                         -0.009  0.003  0.171 -0.187 
     D   289   287 3   290     3     0     5   130   229 -11.572  -1.606  -0.575                         
    IL   290   290 3   290     3     1    12   139   238  -0.384  -2.121  -8.028                          0.000  0.000  0.000  0.000 
                                             [ MATL   97 ]    181      - c - - -
    ML   291   290 3   293     3     1    10   132   231  -6.638  -0.029  -6.638                          0.214  0.933 -1.301 -0.929 
     D   292   290 3   293     3     0     4   129   228 -11.572  -1.606  -0.575                         
    IL   293   293 3   293     3     1    12   138   236  -0.384  -2.121  -8.028                          0.000  0.000  0.000  0.000 
                                             [ MATL   98 ]    182      - G - - -
    ML   294   293 3   296     3     1     9   130   230  -6.638  -0.029  -6.638                         -0.101 -0.903  1.123 -1.493 
     D   295   293 3   296     3     0     3   128   227 -11.572  -1.606  -0.575                         
    IL   296   296 3   296     3     1    11   137   235  -0.384  -2.121  -8.028                          0.000  0.000  0.000  0.000 
                                             [ MATL   99 ]    183      - u - - -
    ML   297   296 3   299     3     1     9   129   228  -6.638  -0.029  -6.638                         -0.008 -0.426  0.119  0.233 
     D   298   296 3   299     3     0     2   126   226 -11.572  -1.606  -0.575                         
    IL   299   299 3   299     3     1    10   135   234  -0.384  -2.121  -8.028                          0.000  0.000  0.000  0.000 
                                             [ MATL  100 ]    184      - a - - -
    ML   300   299 3   302     3     1     8   128   227  -6.638  -0.029  -6.638                          0.810 -0.678 -0.839  0.088 
     D   301   299 3   302     3     0     1   125   224 -11.572  -1.606  -0.575                         
    IL   302   302 3   302     3     1     9   134   233  -0.384  -2.121  -8.028                          0.000  0.000  0.000  0.000 
                                             [ MATL  101 ]    185      - U - - -
    ML   303   302 3   305     3     1     7   127   226  -6.638  -0.029  -6.638                         -0.607 -1.944 -2.147  1.515 
     D   304   302 3   305     3     0     0   124   223 -11.572  -1.606  -0.575                         
    IL   305   305 3   305     3     1     9   133   232  -0.384  -2.121  -8.028                          0.000  0.000  0.000  0.000 
                                             [ MATL  102 ]    186      - c - - -
    ML   306   305 3   308     3     1     6   126   225  -6.638  -0.032  -6.411                         -0.429  0.633 -0.612  0.073 
     D   307   305 3   308     3     0     0   123   222 -11.572  -1.606  -0.575                         
    IL   308   308 3   308     3     1     8   132   231  -0.384  -2.121  -8.028                          0.000  0.000  0.000  0.000 
                                             [ MATL  103 ]    187      - a - - -
    ML   309   308 3   311     3     1     6   125   224  -6.636  -0.029  -6.636                          0.672  0.597 -1.490 -0.892 
     D   310   308 3   311     3     0     0   122   221 -11.651  -1.685  -0.538                         
    IL   311   311 3   311     3     1     7   131   230  -0.384  -2.121  -8.028                          0.000  0.000  0.000  0.000 
                                             [ MATL  104 ]    188      - g - - -
    ML   312   311 3   314     3     1     5   124   223  -6.636  -0.029  -6.636                          0.506 -1.468  0.888 -1.443 
     D   313   311 3   314     3     0     0   121   220 -11.651  -1.685  -0.538                         
    IL   314   314 3   314     3     1     6   130   229  -0.384  -2.121  -8.028                          0.000  0.000  0.000  0.000 
                                             [ MATL  105 ]    189      - a - - -
    ML   315   314 3   317     3     1     4   122   222  -6.636  -0.029  -6.636                          0.467 -0.373  0.269 -0.641 
     D   316   314 3   317     3     0     0   119   219 -11.651  -1.685  -0.538                         
    IL   317   317 3   317     3     1     6   129   227  -0.384  -2.121  -8.028                          0.000  0.000  0.000  0.000 
                                             [ MATL  106 ]    190      - a - - -
    ML   318   317 3   320     3     1     4   121   221  -6.636  -0.029  -6.636                          0.443 -0.384  0.239 -0.526 
     D   319   317 3   320     3     0     0   118   218 -11.651  -1.685  -0.538                         
    IL   320   320 3   320     3     1     5   127   226  -0.384  -2.121  -8.028                          0.000  0.000  0.000  0.000 
                                             [ MATL  107 ]    191      - a - - -
    ML   321   320 3   323     3     1     3   120   219  -5.738  -0.042  -6.636                          0.571 -0.301 -0.115 -0.359 
     D   322   320 3   323     3     0     0   117   217 -11.651  -1.685  -0.538                         
    IL   323   323 3   323     3     1     5   123   222  -0.565  -1.627 -11.477                          0.000  0.000  0.000  0.000 
                                             [ MATL  108 ]    195      - c - - -
    ML   324   323 3   326     3     1     3   119   218  -6.636  -0.029  -6.636                         -0.378  0.295  0.122 -0.127 
     D   325   323 3   326     3     0     0   116   215 -11.651  -1.685  -0.538                         
    IL   326   326 3   326     3     1     4   125   224  -0.384  -2.121  -8.028                          0.000  0.000  0.000  0.000 
                                             [ MATL  109 ]    196      - G - - -
    ML   327   326 3   329     3     1     2   118   217  -6.220  -0.034  -6.636                         -1.047 -1.368  1.471 -1.491 
     D   328   326 3   329     3     0     0   115   214 -11.651  -1.685  -0.538                         
    IL   329   329 3   329     3     1     3   118   218  -1.574  -0.594  -9.218                          0.000  0.000  0.000  0.000 
                                             [ MATL  110 ]    198      - G - - -
    ML   330   329 3   332     3     1     2   117   216  -6.636  -0.032  -6.420                         -0.700 -1.239  1.401 -1.649 
     D   331   329 3   332     3     0     0   114   213 -11.651  -1.685  -0.538                         
    IL   332   332 3   332     3     1     3   123   222  -0.384  -2.121  -8.028                          0.000  0.000  0.000  0.000 
                                             [ MATL  111 ]    199      - a - - -
    ML   333   332 3   335     3     1     2   116   215  -6.634  -0.030  -6.590                          0.292 -0.108 -0.106 -0.123 
     D   334   332 3   335     3     0     0   112   212 -11.721  -1.724  -0.521                         
    IL   335   335 3   335     3     1     2   122   221  -0.384  -2.121  -8.028                          0.000  0.000  0.000  0.000 
                                             [ MATL  112 ]    200      - a - - -
    ML   336   335 3   338     3     1     1   115   214  -6.633  -0.029  -6.633                          0.504 -0.044 -0.049 -0.633 
     D   337   335 3   338     3     0     0   111   210 -11.725  -1.715  -0.524                         
    IL   338   338 3   338     3     1     2   121   220  -0.384  -2.121  -8.028                          0.000  0.000  0.000  0.000 
                                             [ MATL  113 ]    201      - A - - -
    ML   339   338 3   341     3     1     1   113   213  -6.218  -0.034  -6.634                          1.124 -1.195 -0.112 -1.127 
     D   340   338 3   341     3     0     0   110   209 -11.712  -1.746  -0.511                         
    IL   341   341 3   341     3     1     2   114   214  -1.574  -0.594  -9.218                          0.000  0.000  0.000  0.000 
                                             [ MATL  114 ]    203      - u - - -
    ML   342   341 3   344     3     1     1   112   212  -6.634  -0.029  -6.634                         -0.452 -0.005 -0.278  0.533 
     D   343   341 3   344     3     0     0   108   207 -11.712  -1.746  -0.511                         
    IL   344   344 3   344     3     1     1   119   218  -0.384  -2.121  -8.028                          0.000  0.000  0.000  0.000 
                                             [ MATL  115 ]    204      - A - - -
    ML   345   344 3   347     3     1     1   111   211  -6.634  -0.029  -6.634                          1.099 -0.782 -0.604 -0.692 
     D   346   344 3   347     3     0     0   105   203 -11.712  -1.746  -0.511                         
    IL   347   347 3   347     3     1     1   117   217  -0.384  -2.121  -8.028                          0.000  0.000  0.000  0.000 
                                             [ MATL  116 ]    205      - c - - -
    ML   348   347 3   350     3     1     1   110   210  -5.153  -0.056  -6.634                         -0.388  0.696 -0.524 -0.120 
     D   349   347 3   350     3     0     0    98   184 -11.712  -1.746  -0.511                         
    IL   350   350 3   350     3     1     2   128   228  -0.266  -2.572 -13.427                          0.000  0.000  0.000  0.000 
                                             [ MATL  117 ]    212      - G - - -
    ML   351   350 3   353     3     1     1   100   175  -6.634  -0.029  -6.634                         -0.232 -1.194  1.050 -0.643 
     D   352   350 3   353     3     0     0    96   171 -11.712  -1.746  -0.511                         
    IL   353   353 3   353     3     1     1   108   184  -0.384  -2.121  -8.028                          0.000  0.000  0.000  0.000 
                                             [ MATL  118 ]    213      - G - - -
    ML   354   353 3   356     3     1     1    98   173  -6.634  -0.029  -6.634                         -1.313 -2.209  1.681 -2.515 
     D   355   353 3   356     3     0     0    95   170 -11.712  -1.746  -0.511                         
    IL   356   356 3   356     3     1     1   107   183  -0.384  -2.121  -8.028                          0.000  0.000  0.000  0.000 
                                             [ MATL  119 ]    214      - A - - -
    ML   357   356 3   359     3     1     1    97   172  -6.634  -0.029  -6.634                          1.277 -1.297 -1.543 -0.275 
     D   358   356 3   359     3     0     0    94   168 -11.712  -1.746  -0.511                         
    IL   359   359 3   359     3     1     1   105   181  -0.384  -2.121  -8.028                          0.000  0.000  0.000  0.000 
                                             [ MATL  120 ]    215      - G - - -
    ML   360   359 3   362     3     1     1    96   170  -6.634  -0.029  -6.634                         -0.812 -1.779  1.511 -1.790 
     D   361   359 3   362     3     0     0    92   167 -11.712  -1.746  -0.511                         
    IL   362   362 3   362     3     1     1   104   180  -0.384  -2.121  -8.028                          0.000  0.000  0.000  0.000 
                                             [ MATL  121 ]    216      - g - - -
    ML   363   362 3   365     3     1     1    94   169  -6.634  -0.029  -6.634                         -0.463 -0.810  0.861 -0.172 
     D   364   362 3   365     3     0     0    91   165 -11.712  -1.746  -0.511                         
    IL   365   365 3   365     3     1     1   103   178  -0.384  -2.121  -8.028                          0.000  0.000  0.000  0.000 
                                             [ MATL  122 ]    217      - U - - -
    ML   366   365 3   368     3     1     1    93   167  -6.634  -0.029  -6.634                         -3.390 -2.610 -3.807  1.876 
     D   367   365 3   368     3     0     0    90   164 -11.712  -1.746  -0.511                         
    IL   368   368 3   368     3     1     1   101   177  -0.384  -2.121  -8.028                          0.000  0.000  0.000  0.000 
                                             [ MATL  123 ]    218      - u - - -
    ML   369   368 3   371     3     1     1    91   166  -6.634  -0.029  -6.634                         -0.826 -0.216  0.174  0.532 
     D   370   368 3   371     3     0     0    88   162 -11.712  -1.746  -0.511                         
    IL   371   371 3   371     3     1     1   100   175  -0.384  -2.121  -8.028                          0.000  0.000  0.000  0.000 
                                             [ MATL  124 ]    219      - G - - -
    ML   372   371 3   374     3     1     1    90   164  -6.252  -0.034  -6.634                         -0.328 -0.444  1.032 -1.243 
     D   373   371 3   374     3     0     0    87   161 -11.712  -1.746  -0.511                         
    IL   374   374 3   374     3     1     1    91   165  -1.495  -0.636  -9.139                          0.000  0.000  0.000  0.000 
                                             [ MATL  125 ]    221      - c - - -
    ML   375   374 3   377     3     1     1    89   163  -6.634  -0.029  -6.634                         -0.102  0.798 -0.993 -0.274 
     D   376   374 3   377     3     0     0    86   160 -11.712  -1.558  -0.599                         
    IL   377   377 3   377     3     1     1    98   173  -0.384  -2.121  -8.028                          0.000  0.000  0.000  0.000 
                                             [ MATL  126 ]    222      - G - - -
    ML   378   377 3   380     3     1     1    88   162  -6.636  -0.030  -6.592                         -0.707 -1.415  1.118 -0.248 
     D   379   377 3   380     3     0     0    84   158 -11.651  -1.685  -0.538                         
    IL   380   380 3   380     3     1     1    97   171  -0.384  -2.121  -8.028                          0.000  0.000  0.000  0.000 
                                             [ MATL  127 ]    223      - G - - -
    ML   381   380 3   383     3     1     1    86   160  -6.636  -0.030  -6.570                         -1.527 -2.654  1.739 -2.678 
     D   382   380 3   383     3     0     0    83   156 -11.665  -1.699  -0.532                         
    IL   383   383 3   383     3     1     1    95   170  -0.384  -2.121  -8.028                          0.000  0.000  0.000  0.000 
                                             [ MATL  128 ]    224      - C - - -
    ML   384   383 3   386     3     1     1    85   158  -6.635  -0.029  -6.635                         -2.636  1.301 -2.758  0.296 
     D   385   383 3   386     3     0     0    81   155 -11.685  -1.653  -0.553                         
    IL   386   386 3   386     3     1     1    94   168  -0.384  -2.121  -8.028                          0.000  0.000  0.000  0.000 
                                             [ MATL  129 ]    225      - a - - -
    ML   387   386 3   389     3     1     1    84   157  -6.636  -0.035  -6.181                          0.224 -0.151 -0.215  0.097 
     D   388   386 3   389     3     0     0    80   153 -11.665  -1.699  -0.532                         
    IL   389   389 3   389     3     1     1    93   167  -0.384  -2.121  -8.028                          0.000  0.000  0.000  0.000 
                                             [ MATL  130 ]    226      - u - - -
    ML   390   389 3   392     3     1     1    82   155  -6.630  -0.029  -6.630                          0.335 -0.698 -0.455  0.478 
     D   391   389 3   392     3     0     0    78   151 -11.820  -1.855  -0.467                         
    IL   392   392 3   392     3     1     1    91   165  -0.384  -2.121  -8.028                          0.000  0.000  0.000  0.000 
                                             [ MATL  131 ]    227      - u - - -
    ML   393   392 3   395     3     1     1    81   154  -6.630  -0.029  -6.630                         -0.454 -0.285 -0.678  0.867 
     D   394   392 3   395     3     0     0    77   149 -11.820  -1.855  -0.467                         
    IL   395   395 3   395     3     1     1    90   164  -0.384  -2.121  -8.028                          0.000  0.000  0.000  0.000 
                                             [ MATL  132 ]    228      - c - - -
    ML   396   395 3   398     3     1     1    79   152  -6.630  -0.029  -6.630                         -0.568  0.453 -0.596  0.373 
     D   397   395 3   398     3     0     0    75   148 -11.820  -1.855  -0.467                         
    IL   398   398 3   398     3     1     1    89   162  -0.384  -2.121  -8.028                          0.000  0.000  0.000  0.000 
                                             [ MATL  133 ]    229      - u - - -
    ML   399   398 3   401     3     1     1    78   150  -6.630  -0.029  -6.630                          0.141  0.063 -0.987  0.431 
     D   400   398 3   401     3     0     0    74   146 -11.820  -1.855  -0.467                         
    IL   401   401 3   401     3     1     1    87   161  -0.384  -2.121  -8.028                          0.000  0.000  0.000  0.000 
                                             [ MATL  134 ]    230      - U - - -
    ML   402   401 3   404     3     1     1    76   149  -4.699  -0.082  -5.891                         -2.082 -0.480 -2.569  1.525 
     D   403   401 3   404     3     0     0    72   144 -11.820  -1.855  -0.467                         
    IL   404   404 3   404     3     1     1    79   152  -0.579  -1.598 -13.087                          0.000  0.000  0.000  0.000 
                                             [ MATL  135 ]    234      - g - - -
    ML   405   404 3   407     3     1     1    75   147  -6.620  -0.030  -6.620                          0.356 -0.668  0.448 -0.460 
     D   406   404 3   407     3     0     0    71   142 -12.065  -2.099  -0.384                         
    IL   407   407 3   407     3     1     1    85   158  -0.384  -2.121  -8.028                          0.000  0.000  0.000  0.000 
                                             [ MATL  136 ]    235      - G - - -
    ML   408   407 3   410     3     1     1    73   146  -6.620  -0.030  -6.620                         -1.447 -1.437  1.553 -1.603 
     D   409   407 3   410     3     0     0    69   141 -12.065  -2.099  -0.384                         
    IL   410   410 3   410     3     1     1    83   156  -0.384  -2.121  -8.028                          0.000  0.000  0.000  0.000 
                                             [ MATL  137 ]    236      - C - - -
    ML   411   410 3   413     3     1     1    72   144  -6.620  -0.034  -6.239                         -0.801  1.482 -2.400 -1.172 
     D   412   410 3   413     3     0     0    67   139 -12.065  -2.099  -0.384                         
    IL   413   413 3   413     3     1     1    82   155  -0.384  -2.121  -8.028                          0.000  0.000  0.000  0.000 
                                             [ MATL  138 ]    237      - u - - -
    ML   414   413 3   416     3     1     1    70   142  -6.616  -0.030  -6.616                         -1.001  0.453 -0.815  0.645 
     D   415   413 3   416     3     0     0    66   137 -12.164  -2.198  -0.355                         
    IL   416   416 3   416     3     1     1    80   153  -0.384  -2.121  -8.028                          0.000  0.000  0.000  0.000 
                                             [ MATL  139 ]    238      - U - - -
    ML   417   416 3   419     3     1     1    69   140  -6.616  -0.073  -4.669                         -3.317 -2.514 -2.935  1.846 
     D   418   416 3   419     3     0     0    64   135 -12.164  -2.198  -0.355                         
    IL   419   419 3   419     3     1     1    79   151  -0.384  -2.121  -8.028                          0.000  0.000  0.000  0.000 
                                             [ MATL  140 ]    239      - A - - -
    ML   420   419 3   422     3     1     1    67   138  -6.573  -0.031  -6.573                          1.183 -2.325  0.340 -1.914 
     D   421   419 3   422     3     0     0    62   133 -12.862  -2.896  -0.208                         
    IL   422   422 3   422     3     1     1    78   150  -0.384  -2.121  -8.028                          0.000  0.000  0.000  0.000 
                                             [ MATL  141 ]    240      - C - - -
    ML   423   422 3   425     3     1     1    65   136  -6.573  -0.036  -6.150                         -2.768  1.469 -3.101 -0.048 
     D   424   422 3   425     3     0     0    62   132 -12.862  -0.949  -1.053                         
    IL   425   425 3   425     3     1     1    76   148  -0.384  -2.121  -8.028                          0.000  0.000  0.000  0.000 
                                             [ MATL  142 ]    241      - G - - -
    ML   426   425 3   428     3     1     1    63   134  -6.611  -0.030  -6.611                         -0.424 -1.999  1.451 -1.888 
     D   427   425 3   428     3     0     0    57   128 -12.267  -2.302  -0.327                         
    IL   428   428 3   428     3     1     1    75   146  -0.384  -2.121  -8.028                          0.000  0.000  0.000  0.000 
                                             [ MATL  143 ]    242      - A - - -
    ML   429   428 3   431     3     1     1    61   132  -6.611  -0.030  -6.611                          1.410 -1.158 -1.206 -1.119 
     D   430   428 3   431     3     0     0    55   125 -12.267  -2.302  -0.327                         
    IL   431   431 3   431     3     1     1    73   144  -0.384  -2.121  -8.028                          0.000  0.000  0.000  0.000 
                                             [ MATL  144 ]    243      - A - - -
    ML   432   431 3   434     3     1     1    59   129  -6.611  -0.129  -3.733                          1.100 -1.011 -0.560 -0.552 
     D   433   431 3   434     3     0     0    53   122 -12.267  -2.302  -0.327                         
    IL   434   434 3   434     3     1     1    72   142  -0.384  -2.121  -8.028                          0.000  0.000  0.000  0.000 
                                             [ MATL  145 ]    244      - u - - -
    ML   435   434 3   437     3     1     1    57   126  -5.566  -0.047  -6.514                         -0.565 -0.275  0.123  0.494 
     D   436   434 3   437     3     0     0    50   119 -13.462  -3.496  -0.134                         
    IL   437   437 3   437     3     1     1    60   130  -0.567  -1.624 -11.573                          0.000  0.000  0.000  0.000 
                                             [ MATL  146 ]    248      - C - - -
    ML   438   437 3   440     3     1     1    55   125  -4.285  -0.093  -6.514                         -0.991  1.218 -1.518 -0.285 
     D   439   437 3   440     3     0     0    48   118 -13.462  -3.496  -0.134                         
    IL   440   440 3   440     3     1     1    58   128  -0.602  -1.553 -13.425                          0.000  0.000  0.000  0.000 
                                             [ MATL  147 ]    252      - u - - -
    ML   441   440 3   443     3     1     1    54   124  -5.551  -0.095  -4.561                         -0.060  0.079 -0.134  0.101 
     D   442   440 3   443     3     0     0    46   116 -13.462  -3.496  -0.134                         
    IL   443   443 3   443     3     1     1    54   124  -2.597  -0.262 -10.241                          0.000  0.000  0.000  0.000 
                                             [ MATL  148 ]    254      - g - - -
    ML   444   443 3   446     3     1     1    53   123  -6.468  -0.033  -6.468                          0.251 -0.683  0.787 -1.117 
     D   445   443 3   446     3     0     0    43   113 -13.789  -3.823  -0.106                         
    IL   446   446 3   446     3     1     1    67   137  -0.384  -2.121  -8.028                          0.000  0.000  0.000  0.000 
                                             [ MATL  149 ]    255      - a - - -
    ML   447   446 3   449     3     1     1    49   119  -5.703  -0.050  -6.085                          0.656 -1.003  0.445 -0.826 
     D   448   446 3   449     3     0     0    42   111 -13.789  -3.823  -0.106                         
    IL   449   449 3   449     3     1     1    53   122  -0.561  -1.635 -11.204                          0.000  0.000  0.000  0.000 
                                             [ MATL  150 ]    259      - g - - -
    ML   450   449 3   452     3     1     1    48   117  -4.383  -0.253  -3.149                         -0.042 -0.870  0.741 -0.303 
     D   451   449 3   452     3     0     0    40   109 -13.820  -3.207  -0.166                         
    IL   452   452 3   452     3     1     1    49   118  -1.795  -0.491 -12.174                          0.000  0.000  0.000  0.000 
                                             [ MATL  151 ]    263      - a - - -
    ML   453   452 3   455     3     1     1    48   117  -5.601  -0.049  -6.276                          0.701 -0.348 -0.110 -0.595 
     D   454   452 3   455     3     0     0    35   104 -14.479  -4.513  -0.065                         
    IL   455   455 3   455     3     1     1    49   118  -0.876  -1.137 -10.599                          0.000  0.000  0.000  0.000 
                                             [ MATL  152 ]    266      - A - - -
    ML   456   455 3   458     3     1     1    47   116  -6.318  -0.037  -6.318                          1.276 -1.846 -0.049 -1.582 
     D   457   455 3   458     3     0     0    24    94 -14.481  -4.515  -0.065                         
    IL   458   458 3   458     3     1     1    62   131  -0.384  -2.121  -8.028                          0.000  0.000  0.000  0.000 
                                             [ MATL  153 ]    267      - G - - -
    ML   459   458 3   461     2     1     1     1     1       *   0.000                                 -0.982 -1.574  1.422 -1.065 
     D   460   458 3   461     2     0     0     0     0       *   0.000                                 
    IL   461   461 3   461     2     1     1    13    28  -1.823  -0.479                                  0.000  0.000  0.000  0.000 
                                             [ END   154 ]      -      - - - - -
     E   462   461 3    -1     0     0     0     0     0                                                 
//
HMMER3/f [3.1b3 | July 2016]
NAME  t_pro_pnda_pndb_round5_0001
LENG  153
MAXL  267
ALPH  RNA
RF    no
MM    no
CONS  yes
CS    yes
MAP   no
DATE  Mon Dec 23 15:15:14 2019
COM   [1] cmbuild /home/co78wid/projects/master/results/ta_systems/pnda_pndb/2_structure_analysis/infernal_search/t_pro_pnda_pndb_cmbuild.txt /home/co78wid/projects/master/results/ta_systems/pnda_pndb/1_sequence_analysis/fold/t_pro_pnda_pndb_round5.stk
COM   [2] cmbuild /home/co78wid/projects/master/results/ta_systems/pnda_pndb/2_structure_analysis/infernal_search/t_pro_pnda_pndb_cmbuild.txt /home/co78wid/projects/master/results/ta_systems/pnda_pndb/1_sequence_analysis/fold/t_pro_pnda_pndb_round5.stk
NSEQ  1296
EFFN  7.766785
STATS LOCAL MSV      -10.2109  0.71775
STATS LOCAL VITERBI  -11.1184  0.71775
STATS LOCAL FORWARD   -3.9196  0.71775
HMM          A        C        G        U   
            m->m     m->i     m->d     i->m     i->i     d->m     d->d
  COMPO   1.42619  1.54679  1.33652  1.25847
          1.38629  1.38629  1.38629  1.38629
          0.40284  5.79347  1.11312  0.39730  1.11515  0.00000        *
      1   0.56147  2.15548  1.69869  2.03363      - A - - :
          1.38629  1.38629  1.38629  1.38629
          0.06126  3.78719  3.30335  0.27229  1.43395  2.31859  0.10360
      2   1.40652  2.03000  1.51459  0.90691      - u - - :
          1.38629  1.38629  1.38629  1.38629
          0.02883  4.25378  4.25378  1.46634  0.26236  3.05702  0.04817
      3   1.28212  2.46200  0.64276  2.19422      - G - - :
          1.38629  1.38629  1.38629  1.38629
          0.10761  2.45052  4.14952  1.69253  0.20341  0.24493  1.52676
      4   0.61611  1.79303  2.06567  1.79115      - A - - :
          1.38629  1.38629  1.38629  1.38629
          0.02136  4.55015  4.55015  1.46634  0.26236  1.97052  0.15011
      5   1.31990  2.10719  2.45787  0.64314      - U - - :
          1.38629  1.38629  1.38629  1.38629
          0.02133  4.55139  4.55139  1.46634  0.26236  2.03910  0.13943
      6   1.92307  3.06058  0.33502  2.38971      - G - - :
          1.38629  1.38629  1.38629  1.38629
          0.02527  4.55170  4.24000  1.46634  0.26236  1.37152  0.29266
      7   1.80692  0.50945  2.68160  1.79239      - C - - :
          1.38629  1.38629  1.38629  1.38629
          0.02216  4.55834  4.47133  1.46634  0.26236  1.66828  0.20896
      8   1.44001  0.90463  2.15432  1.41716      - c - - :
          1.38629  1.38629  1.38629  1.38629
          0.02149  4.56122  4.52740  1.46634  0.26236  1.94129  0.15492
      9   1.50322  2.48122  0.51583  2.33363      - G - - :
          1.38629  1.38629  1.38629  1.38629
          0.06106  3.09481  4.27204  1.10644  0.40157  1.82498  0.17581
     10   1.31580  0.85757  2.06212  1.71277      - c - - :
          1.38629  1.38629  1.38629  1.38629
          0.02414  4.55870  4.31409  1.46634  0.26236  1.88819  0.16410
     11   0.93197  1.49734  1.59247  1.71996      - a - - :
          1.38629  1.38629  1.38629  1.38629
          0.02251  4.55675  4.44322  1.46634  0.26236  1.71189  0.19909
     12   0.79312  1.84203  1.55124  1.73109      - a - - :
          1.38629  1.38629  1.38629  1.38629
          0.02117  4.55900  4.55900  1.46634  0.26236  1.65851  0.21124
     13   0.34144  2.11510  2.50999  2.43766      - A - - :
          1.38629  1.38629  1.38629  1.38629
          0.02109  4.56284  4.56284  1.46634  0.26236  1.67414  0.20760
     14   0.42343  2.58289  1.72356  2.39450      - A - - :
          1.38629  1.38629  1.38629  1.38629
          0.11589  3.63810  2.48744  1.78121  0.18444  1.73796  0.19344
     15   0.91324  1.81262  1.40290  1.66248      - a - - :
          1.38629  1.38629  1.38629  1.38629
          0.02265  4.49190  4.49190  1.46634  0.26236  2.55346  0.08101
     16   1.37492  1.71222  1.39118  1.14604      - u - - :
          1.38629  1.38629  1.38629  1.38629
          0.02264  4.49236  4.49236  1.46634  0.26236  2.59046  0.07795
     17   1.23246  0.91262  2.01699  1.74927      - c - - :
          1.38629  1.38629  1.38629  1.38629
          0.02264  4.49236  4.49236  1.46634  0.26236  2.59046  0.07795
     18   1.86407  1.56564  1.31156  1.00347      - u - - :
          1.38629  1.38629  1.38629  1.38629
          0.02297  4.49236  4.46417  1.46634  0.26236  2.59046  0.07795
     19   1.23392  1.60345  1.08896  1.76560      - g - - :
          1.38629  1.38629  1.38629  1.38629
          0.02265  4.49204  4.49204  1.46634  0.26236  2.56441  0.08009
     20   2.32914  1.11102  2.08795  0.79972      - u - - :
          1.38629  1.38629  1.38629  1.38629
          0.02476  4.49236  4.32264  1.46634  0.26236  0.51217  0.91428
     21   1.57896  1.36584  1.16089  1.48972      - g - - :
          1.38629  1.38629  1.38629  1.38629
          0.02102  4.56578  4.56578  1.46634  0.26236  1.72570  0.19607
     22   1.69593  1.18083  1.81687  1.05839      - u - - :
          1.38629  1.38629  1.38629  1.38629
          0.02099  4.56747  4.56747  1.46634  0.26236  1.68147  0.20592
     23   3.00649  1.89504  3.13767  0.27861      - U - - :
          1.38629  1.38629  1.38629  1.38629
          0.02095  4.56939  4.56939  1.46634  0.26236  1.82171  0.17644
     24   1.19431  1.64152  1.41045  1.34951      - a - - :
          1.38629  1.38629  1.38629  1.38629
          0.02095  4.56939  4.56939  1.46634  0.26236  1.82171  0.17644
     25   1.20813  1.78077  1.41719  1.23670      - a - - :
          1.38629  1.38629  1.38629  1.38629
          0.02413  4.32952  4.54060  0.47254  0.97661  1.82171  0.17644
     26   2.05901  1.94573  1.47918  0.68973      - U - - :
          1.38629  1.38629  1.38629  1.38629
          0.02095  4.56909  4.56909  1.46634  0.26236  0.60648  0.78804
     27   1.61515  1.27079  1.12142  1.63624      - g - - :
          1.38629  1.38629  1.38629  1.38629
          0.02044  4.59353  4.59353  1.46634  0.26236  1.28855  0.32251
     28   1.44220  2.37762  0.84058  1.42978      - g - - :
          1.38629  1.38629  1.38629  1.38629
          0.02043  4.59408  4.59408  1.46634  0.26236  1.32716  0.30820
     29   1.89376  1.21675  1.05934  1.57688      - g - - :
          1.38629  1.38629  1.38629  1.38629
          0.02389  4.59408  4.30526  1.46634  0.26236  1.24254  0.34059
     30   1.53402  1.25898  1.40168  1.36961      - c - - :
          1.38629  1.38629  1.38629  1.38629
          0.02240  4.59159  4.42187  1.46634  0.26236  1.07134  0.41938
     31   1.67979  1.27629  1.43337  1.21736      - u - - :
          1.38629  1.38629  1.38629  1.38629
          0.02044  4.59352  4.59352  1.46634  0.26236  1.34178  0.30297
     32   3.23744  2.08978  3.45246  0.21647      - U - - :
          1.38629  1.38629  1.38629  1.38629
          0.04342  3.47676  4.45808  2.18241  0.11965  1.17207  0.37067
     33   1.32413  1.60791  0.97390  1.85756      - g - - :
          1.38629  1.38629  1.38629  1.38629
          0.02043  4.59393  4.59393  1.46634  0.26236  1.27010  0.32962
     34   0.95166  1.76475  1.60001  1.42389      - a - - :
          1.38629  1.38629  1.38629  1.38629
          0.02042  4.59456  4.59456  1.46634  0.26236  1.31448  0.31281
     35   3.18996  2.16984  3.22146  0.21724      - U - - :
          1.38629  1.38629  1.38629  1.38629
          0.04504  4.59456  3.38329  1.46634  0.26236  1.17904  0.36755
     36   1.45185  1.05244  1.69599  1.45517      - c - - :
          1.38629  1.38629  1.38629  1.38629
          0.03018  3.94292  4.57195  1.12671  0.39171  0.56968  0.83403
     37   1.29628  2.87053  0.51641  2.61558      - G - - :
          1.38629  1.38629  1.38629  1.38629
          0.02130  4.59603  4.51141  1.46634  0.26236  1.27474  0.32781
     38   3.20440  1.51709  3.41528  0.34644      - U - - :
          1.38629  1.38629  1.38629  1.38629
          0.02041  4.59514  4.59514  1.46634  0.26236  1.14607  0.38255
     39   1.57837  1.12637  1.55379  1.35465      - c - - :
          1.38629  1.38629  1.38629  1.38629
          0.02037  4.59681  4.59681  1.46634  0.26236  1.05546  0.42776
     40   0.99931  1.81753  1.11837  1.94751      - a - - :
          1.38629  1.38629  1.38629  1.38629
          0.02128  4.59901  4.51077  1.46634  0.26236  1.18856  0.36335
     41   3.59022  2.69672  3.74109  0.12641      - U - - :
          1.38629  1.38629  1.38629  1.38629
          0.02035  4.59808  4.59808  1.46634  0.26236  1.05029  0.43053
     42   1.92910  1.22328  1.23963  1.30576      - c - - :
          1.38629  1.38629  1.38629  1.38629
          0.02371  4.59989  4.31401  1.46634  0.26236  1.16129  0.37554
     43   2.81619  3.09916  3.14507  0.16015      - U - - :
          1.38629  1.38629  1.38629  1.38629
          0.02038  4.59656  4.59656  1.46634  0.26236  0.97399  0.47413
     44   2.83405  3.31174  0.14284  3.27322      - G - - :
          1.38629  1.38629  1.38629  1.38629
          0.03556  3.69341  4.59989  1.78085  0.18452  1.16129  0.37554
     45   2.88492  1.23032  3.07785  0.50107      - U - - :
          1.38629  1.38629  1.38629  1.38629
          0.02031  4.59989  4.59989  1.46634  0.26236  1.13231  0.38903
     46   1.30862  1.73266  1.42535  1.16293      - u - - :
          1.38629  1.38629  1.38629  1.38629
          0.02030  4.60019  4.60019  1.46634  0.26236  1.15204  0.37978
     47   2.80580  1.78299  2.54361  0.36698      - U - - :
          1.38629  1.38629  1.38629  1.38629
          0.02030  4.60019  4.60019  1.46634  0.26236  1.15204  0.37978
     48   1.43688  1.07245  1.48437  1.64239      - c - - :
          1.38629  1.38629  1.38629  1.38629
          0.02051  4.60019  4.58022  1.46634  0.26236  1.07941  0.41521
     49   0.09213  3.82587  3.18028  3.70328      - A - - :
          1.38629  1.38629  1.38629  1.38629
          0.02029  4.60074  4.60074  1.46634  0.26236  1.11448  0.39762
     50   3.93113  0.09193  3.93642  3.02224      - C - - :
          1.38629  1.38629  1.38629  1.38629
          0.02104  4.60095  4.53036  1.46634  0.26236  1.12795  0.39111
     51   1.63019  1.52957  0.84334  1.85018      - g - - :
          1.38629  1.38629  1.38629  1.38629
          0.02030  4.60021  4.60021  1.46634  0.26236  1.15135  0.38011
     52   1.55826  1.65020  0.77280  1.99679      - g - - :
          1.38629  1.38629  1.38629  1.38629
          0.02030  4.60021  4.60021  1.46634  0.26236  1.15135  0.38011
     53   3.43508  2.12769  3.51389  0.19981      - U - - :
          1.38629  1.38629  1.38629  1.38629
          0.02399  4.60021  4.29343  1.46634  0.26236  1.15135  0.38011
     54   1.27488  1.52292  1.26221  1.51670      - g - - :
          1.38629  1.38629  1.38629  1.38629
          0.02038  4.59660  4.59660  1.46634  0.26236  1.17824  0.36791
     55   1.39648  1.37985  1.78389  1.09980      - u - - :
          1.38629  1.38629  1.38629  1.38629
          0.02036  4.59744  4.59744  1.46634  0.26236  0.94886  0.48969
     56   3.79441  3.27569  3.87765  0.08445      - U - - :
          1.38629  1.38629  1.38629  1.38629
          0.02380  4.30666  4.60077  0.40386  1.10182  1.13352  0.38846
     57   1.38144  2.11241  0.70410  2.01526      - g - - :
          1.38629  1.38629  1.38629  1.38629
          0.02029  4.60077  4.60077  1.46634  0.26236  1.13352  0.38846
     58   1.38281  1.96719  1.15196  1.22669      - g - - :
          1.38629  1.38629  1.38629  1.38629
          0.02029  4.60077  4.60077  1.46634  0.26236  1.13352  0.38846
     59   2.30984  1.86898  1.27129  0.76363      - u - - :
          1.38629  1.38629  1.38629  1.38629
          0.02029  4.60077  4.60077  1.46634  0.26236  1.13352  0.38846
     60   1.24820  1.65952  1.41398  1.27449      - a - - :
          1.38629  1.38629  1.38629  1.38629
          0.02029  4.60077  4.60077  1.46634  0.26236  1.13352  0.38846
     61   1.40824  2.15340  1.74074  0.76799      - u - - :
          1.38629  1.38629  1.38629  1.38629
          0.02029  4.60077  4.60077  1.46634  0.26236  1.13352  0.38846
     62   2.70123  1.50563  2.40575  0.47674      - U - - :
          1.38629  1.38629  1.38629  1.38629
          0.02081  4.60077  4.55180  1.46634  0.26236  1.13352  0.38846
     63   1.81895  1.22707  1.47239  1.15430      - u - - :
          1.38629  1.38629  1.38629  1.38629
          0.02055  4.60027  4.57693  1.46634  0.26236  1.02134  0.44646
     64   0.92469  2.04346  1.30906  1.59116      - a - - :
          1.38629  1.38629  1.38629  1.38629
          0.02028  4.60141  4.60141  1.46634  0.26236  1.07037  0.41989
     65   3.28960  0.47549  3.36576  1.18216      - C - - :
          1.38629  1.38629  1.38629  1.38629
          0.02027  4.60184  4.60184  1.46634  0.26236  1.09861  0.40547
     66   1.10335  1.22098  1.65493  1.70267      - a - - :
          1.38629  1.38629  1.38629  1.38629
          0.02079  4.60184  4.55249  1.46634  0.26236  1.09861  0.40547
     67   2.58303  0.99348  2.55170  0.74187      - u - - :
          1.38629  1.38629  1.38629  1.38629
          0.02053  4.60134  4.57689  1.46634  0.26236  1.11534  0.39721
     68   1.83486  2.18778  1.18388  0.86249      - u - - :
          1.38629  1.38629  1.38629  1.38629
          0.02029  4.60109  4.60109  1.46634  0.26236  1.12341  0.39329
     69   1.93721  1.95602  0.61054  1.76365      - G - - :
          1.38629  1.38629  1.38629  1.38629
          0.02029  4.60109  4.60109  1.46634  0.26236  1.07406  0.41797
     70   0.92976  1.45334  1.58532  1.79167      - a - - :
          1.38629  1.38629  1.38629  1.38629
          0.02028  4.60159  4.60159  1.46634  0.26236  1.08238  0.41368
     71   3.75086  3.10351  3.93583  0.09203      - U - - :
          1.38629  1.38629  1.38629  1.38629
          0.02027  4.60184  4.60184  1.46634  0.26236  1.09861  0.40547
     72   1.21118  2.03975  0.91677  1.75860      - g - - :
          1.38629  1.38629  1.38629  1.38629
          0.02027  4.60184  4.60184  1.46634  0.26236  1.09861  0.40547
     73   0.81598  2.11267  1.44967  1.59834      - a - - :
          1.38629  1.38629  1.38629  1.38629
          0.02027  4.60184  4.60184  1.46634  0.26236  1.09861  0.40547
     74   2.23094  0.92709  2.53186  0.87381      - u - - :
          1.38629  1.38629  1.38629  1.38629
          0.02027  4.60184  4.60184  1.46634  0.26236  1.09861  0.40547
     75   1.43076  1.22088  1.26832  1.68957      - c - - :
          1.38629  1.38629  1.38629  1.38629
          0.02027  4.60184  4.60184  1.46634  0.26236  1.09861  0.40547
     76   1.02153  0.88581  2.17903  2.16784      - c - - :
          1.38629  1.38629  1.38629  1.38629
          0.02405  4.60184  4.28805  1.46634  0.26236  1.09861  0.40547
     77   1.71382  3.39322  0.29258  3.22170      - G - - :
          1.38629  1.38629  1.38629  1.38629
          0.02035  4.59814  4.59814  1.46634  0.26236  0.90071  0.52135
     78   1.41506  1.37534  1.09418  1.77477      - g - - :
          1.38629  1.38629  1.38629  1.38629
          0.02027  4.60184  4.60184  1.46634  0.26236  1.09861  0.40547
     79   1.15879  2.31630  0.74382  2.18746      - g - - :
          1.38629  1.38629  1.38629  1.38629
          0.02408  4.30806  4.57207  0.40423  1.10109  1.09861  0.40547
     80   0.54917  2.56494  1.35073  2.44649      - A - - :
          1.38629  1.38629  1.38629  1.38629
          0.02028  4.60154  4.60154  1.46634  0.26236  1.07887  0.41549
     81   1.04843  1.43488  2.23624  1.18905      - a - - :
          1.38629  1.38629  1.38629  1.38629
          0.02067  4.60184  4.56378  1.46634  0.26236  1.09861  0.40547
     82   1.53335  1.64762  1.60615  0.93899      - u - - :
          1.38629  1.38629  1.38629  1.38629
          0.02028  4.60145  4.60145  1.46634  0.26236  1.07340  0.41831
     83   1.34048  0.88191  1.60189  2.09740      - c - - :
          1.38629  1.38629  1.38629  1.38629
          0.02027  4.60184  4.60184  1.46634  0.26236  1.09861  0.40547
     84   1.43936  1.54295  0.92895  1.86950      - g - - :
          1.38629  1.38629  1.38629  1.38629
          0.02027  4.60184  4.60184  1.46634  0.26236  1.09861  0.40547
     85   2.97924  0.39794  3.28796  1.42656      - C - - :
          1.38629  1.38629  1.38629  1.38629
          0.02148  4.60184  4.49012  1.46634  0.26236  1.09861  0.40547
     86   3.63427  2.86727  3.80011  0.11163      - U - - :
          1.38629  1.38629  1.38629  1.38629
          0.02030  4.60066  4.60066  1.46634  0.26236  1.02554  0.44411
     87   1.42376  1.33975  1.20510  1.62141      - g - - :
          1.38629  1.38629  1.38629  1.38629
          0.02027  4.60184  4.60184  1.46634  0.26236  1.09861  0.40547
     88   3.85511  3.52629  4.13441  0.06892      - U - - :
          1.38629  1.38629  1.38629  1.38629
          0.02027  4.60184  4.60184  1.46634  0.26236  1.09861  0.40547
     89   2.74629  3.93583  0.11730  3.61248      - G - - :
          1.38629  1.38629  1.38629  1.38629
          0.02027  4.60184  4.60184  1.46634  0.26236  1.09861  0.40547
     90   3.22452  0.70295  3.35400  0.84360      - c - - :
          1.38629  1.38629  1.38629  1.38629
          0.02027  4.60184  4.60184  1.46634  0.26236  1.09861  0.40547
     91   2.55431  3.44071  0.17689  2.95005      - G - - :
          1.38629  1.38629  1.38629  1.38629
          0.02027  4.60184  4.60184  1.46634  0.26236  1.09861  0.40547
     92   0.26035  2.50533  2.56732  2.64745      - A - - :
          1.38629  1.38629  1.38629  1.38629
          0.02027  4.60184  4.60184  1.46634  0.26236  1.09861  0.40547
     93   1.31256  2.60844  0.58517  2.30051      - G - - :
          1.38629  1.38629  1.38629  1.38629
          0.02071  4.60184  4.55942  1.46634  0.26236  1.09861  0.40547
     94   1.64002  1.36991  1.32412  1.25226      - u - - :
          1.38629  1.38629  1.38629  1.38629
          0.02028  4.60141  4.60141  1.46634  0.26236  1.11295  0.39837
     95   3.88451  3.51608  4.01786  0.07071      - U - - :
          1.38629  1.38629  1.38629  1.38629
          0.02028  4.60141  4.60141  1.46634  0.26236  1.11295  0.39837
     96   1.39225  1.38416  1.26792  1.51625      - g - - :
          1.38629  1.38629  1.38629  1.38629
          0.02028  4.60141  4.60141  1.46634  0.26236  1.11295  0.39837
     97   1.23786  0.73967  2.28839  2.03031      - c - - :
          1.38629  1.38629  1.38629  1.38629
          0.02028  4.60141  4.60141  1.46634  0.26236  1.11295  0.39837
     98   1.45645  2.01249  0.60800  2.42086      - G - - :
          1.38629  1.38629  1.38629  1.38629
          0.02028  4.60141  4.60141  1.46634  0.26236  1.11295  0.39837
     99   1.39164  1.68187  1.30405  1.22459      - u - - :
          1.38629  1.38629  1.38629  1.38629
          0.02028  4.60141  4.60141  1.46634  0.26236  1.11295  0.39837
    100   0.82482  1.85625  1.96799  1.32542      - a - - :
          1.38629  1.38629  1.38629  1.38629
          0.02028  4.60141  4.60141  1.46634  0.26236  1.11295  0.39837
    101   1.80704  2.73398  2.87430  0.33625      - U - - :
          1.38629  1.38629  1.38629  1.38629
          0.02028  4.60141  4.60141  1.46634  0.26236  1.11295  0.39837
    102   1.68335  0.94753  1.81050  1.33569      - c - - :
          1.38629  1.38629  1.38629  1.38629
          0.02203  4.60141  4.44373  1.46634  0.26236  1.11295  0.39837
    103   0.92076  0.97276  2.41898  2.00446      - a - - :
          1.38629  1.38629  1.38629  1.38629
          0.02031  4.59969  4.59969  1.46634  0.26236  1.16755  0.37270
    104   1.03549  2.40390  0.77080  2.38662      - g - - :
          1.38629  1.38629  1.38629  1.38629
          0.02031  4.59969  4.59969  1.46634  0.26236  1.16755  0.37270
    105   1.06278  1.64491  1.20005  1.83073      - a - - :
          1.38629  1.38629  1.38629  1.38629
          0.02031  4.59969  4.59969  1.46634  0.26236  1.16755  0.37270
    106   1.07947  1.65266  1.22065  1.75073      - a - - :
          1.38629  1.38629  1.38629  1.38629
          0.02031  4.59969  4.59969  1.46634  0.26236  1.16755  0.37270
    107   0.99074  1.59509  1.46597  1.63499      - a - - :
          1.38629  1.38629  1.38629  1.38629
          0.02921  3.97735  4.59969  1.12709  0.39153  1.16755  0.37270
    108   1.64850  1.18177  1.30176  1.47459      - c - - :
          1.38629  1.38629  1.38629  1.38629
          0.02031  4.59969  4.59969  1.46634  0.26236  1.16755  0.37270
    109   2.11218  2.33476  0.36636  2.41977      - G - - :
          1.38629  1.38629  1.38629  1.38629
          0.02375  4.31121  4.59969  0.41018  1.08924  1.16755  0.37270
    110   1.87130  2.24508  0.41485  2.52925      - G - - :
          1.38629  1.38629  1.38629  1.38629
          0.02198  4.59969  4.44979  1.46634  0.26236  1.16755  0.37270
    111   1.18358  1.46113  1.45983  1.47154      - a - - :
          1.38629  1.38629  1.38629  1.38629
          0.02067  4.59806  4.56762  1.46634  0.26236  1.19475  0.36065
    112   1.03674  1.41680  1.41994  1.82526      - a - - :
          1.38629  1.38629  1.38629  1.38629
          0.02035  4.59798  4.59798  1.46634  0.26236  1.18879  0.36325
    113   0.60700  2.21436  1.46380  2.16774      - A - - :
          1.38629  1.38629  1.38629  1.38629
          0.02379  4.30968  4.59829  0.41005  1.08951  1.21007  0.35407
    114   1.69929  1.38952  1.57883  1.01673      - u - - :
          1.38629  1.38629  1.38629  1.38629
          0.02034  4.59829  4.59829  1.46634  0.26236  1.21007  0.35407
    115   0.62478  1.92857  1.80490  1.86580      - A - - :
          1.38629  1.38629  1.38629  1.38629
          0.02034  4.59829  4.59829  1.46634  0.26236  1.21007  0.35407
    116   1.65510  0.90364  1.74978  1.46958      - c - - :
          1.38629  1.38629  1.38629  1.38629
          0.03893  3.57155  4.59829  1.78272  0.18414  1.21007  0.35407
    117   1.54699  2.21416  0.65817  1.83216      - G - - :
          1.38629  1.38629  1.38629  1.38629
          0.02034  4.59829  4.59829  1.46634  0.26236  1.21007  0.35407
    118   2.29626  2.91770  0.22118  3.12952      - G - - :
          1.38629  1.38629  1.38629  1.38629
          0.02034  4.59829  4.59829  1.46634  0.26236  1.21007  0.35407
    119   0.50112  2.28552  2.45593  1.57677      - A - - :
          1.38629  1.38629  1.38629  1.38629
          0.02034  4.59829  4.59829  1.46634  0.26236  1.21007  0.35407
    120   1.94907  2.61949  0.33903  2.62700      - G - - :
          1.38629  1.38629  1.38629  1.38629
          0.02034  4.59829  4.59829  1.46634  0.26236  1.21007  0.35407
    121   1.70751  1.94754  0.78946  1.50520      - g - - :
          1.38629  1.38629  1.38629  1.38629
          0.02034  4.59829  4.59829  1.46634  0.26236  1.21007  0.35407
    122   3.73629  3.19563  4.02480  0.08627      - U - - :
          1.38629  1.38629  1.38629  1.38629
          0.02034  4.59829  4.59829  1.46634  0.26236  1.21007  0.35407
    123   1.95850  1.53580  1.26561  1.01727      - u - - :
          1.38629  1.38629  1.38629  1.38629
          0.02034  4.59829  4.59829  1.46634  0.26236  1.21007  0.35407
    124   1.61343  1.69375  0.67067  2.24806      - G - - :
          1.38629  1.38629  1.38629  1.38629
          0.02346  4.33369  4.59829  0.43897  1.03479  1.21007  0.35407
    125   1.45717  0.83287  2.07457  1.57650      - c - - :
          1.38629  1.38629  1.38629  1.38629
          0.02034  4.59829  4.59829  1.46634  0.26236  1.07940  0.41521
    126   1.87617  2.36727  0.61131  1.55853      - G - - :
          1.38629  1.38629  1.38629  1.38629
          0.02063  4.59969  4.56913  1.46634  0.26236  1.16755  0.37270
    127   2.44463  3.22599  0.18098  3.24235      - G - - :
          1.38629  1.38629  1.38629  1.38629
          0.02080  4.59938  4.55366  1.46634  0.26236  1.17716  0.36839
    128   3.21352  0.48471  3.29776  1.18110      - C - - :
          1.38629  1.38629  1.38629  1.38629
          0.02033  4.59891  4.59891  1.46634  0.26236  1.14576  0.38270
    129   1.23109  1.49076  1.53512  1.31903      - a - - :
          1.38629  1.38629  1.38629  1.38629
          0.02413  4.59938  4.28422  1.46634  0.26236  1.17716  0.36839
    130   1.15420  1.87019  1.70143  1.05505      - u - - :
          1.38629  1.38629  1.38629  1.38629
          0.02040  4.59565  4.59565  1.46634  0.26236  1.28527  0.32376
    131   1.70075  1.58407  1.85605  0.78520      - u - - :
          1.38629  1.38629  1.38629  1.38629
          0.02040  4.59565  4.59565  1.46634  0.26236  1.28527  0.32376
    132   1.77967  1.07243  1.79963  1.12772      - c - - :
          1.38629  1.38629  1.38629  1.38629
          0.02040  4.59565  4.59565  1.46634  0.26236  1.28527  0.32376
    133   1.28864  1.34228  2.07070  1.08765      - u - - :
          1.38629  1.38629  1.38629  1.38629
          0.02040  4.59565  4.59565  1.46634  0.26236  1.28527  0.32376
    134   2.82957  1.71912  3.16707  0.32904      - U - - :
          1.38629  1.38629  1.38629  1.38629
          0.05694  3.25721  4.08344  1.10785  0.40088  1.28527  0.32376
    135   1.13977  1.84959  1.07555  1.70543      - g - - :
          1.38629  1.38629  1.38629  1.38629
          0.02054  4.58887  4.58887  1.46634  0.26236  1.45503  0.26578
    136   2.38895  2.38213  0.30973  2.49770      - G - - :
          1.38629  1.38629  1.38629  1.38629
          0.02054  4.58887  4.58887  1.46634  0.26236  1.45503  0.26578
    137   1.94152  0.35925  3.04981  2.19874      - C - - :
          1.38629  1.38629  1.38629  1.38629
          0.02369  4.58887  4.32428  1.46634  0.26236  1.45503  0.26578
    138   2.08040  1.07252  1.95134  0.93932      - u - - :
          1.38629  1.38629  1.38629  1.38629
          0.02060  4.58579  4.58579  1.46634  0.26236  1.52333  0.24588
    139   3.68531  3.12881  3.42079  0.10708      - U - - :
          1.38629  1.38629  1.38629  1.38629
          0.05077  4.58579  3.23631  1.46634  0.26236  1.52333  0.24588
    140   0.56661  2.99769  1.15097  2.71319      - A - - :
          1.38629  1.38629  1.38629  1.38629
          0.02123  4.55624  4.55624  1.46634  0.26236  2.00726  0.14428
    141   3.30502  0.36776  3.53570  1.41930      - C - - :
          1.38629  1.38629  1.38629  1.38629
          0.02489  4.55624  4.26260  1.46634  0.26236  0.65778  0.72981
    142   1.68026  2.77191  0.38041  2.69488      - G - - :
          1.38629  1.38629  1.38629  1.38629
          0.02067  4.58230  4.58230  1.46634  0.26236  1.59510  0.22676
    143   0.40866  2.18923  2.22241  2.16186      - A - - :
          1.38629  1.38629  1.38629  1.38629
          0.02067  4.58230  4.58230  1.46634  0.26236  1.59510  0.22676
    144   0.62399  2.08698  1.77439  1.76873      - A - - :
          1.38629  1.38629  1.38629  1.38629
          0.08932  4.58230  2.58744  1.46634  0.26236  1.59510  0.22676
    145   1.77805  1.57660  1.30112  1.04375      - u - - :
          1.38629  1.38629  1.38629  1.38629
          0.03257  3.85827  4.51511  1.12523  0.39242  2.42303  0.09283
    146   2.07321  0.54178  2.43815  1.58386      - C - - :
          1.38629  1.38629  1.38629  1.38629
          0.06428  2.96982  4.51511  1.07605  0.41694  2.42303  0.09283
    147   1.42771  1.33123  1.47943  1.31594      - u - - :
          1.38629  1.38629  1.38629  1.38629
          0.06583  3.84766  3.16115  0.18079  1.79946  2.42303  0.09283
    148   1.21260  1.85941  0.84045  2.16025      - g - - :
          1.38629  1.38629  1.38629  1.38629
          0.02285  4.48317  4.48317  1.46634  0.26236  2.64991  0.07328
    149   0.93173  2.08186  1.07762  1.95882      - a - - :
          1.38629  1.38629  1.38629  1.38629
          0.03452  3.95306  4.21771  1.13314  0.38864  2.64991  0.07328
    150   1.41572  1.98927  0.87278  1.59620      - g - - :
          1.38629  1.38629  1.38629  1.38629
          0.17514  3.03815  2.18268  0.34009  1.24377  2.22267  0.11465
    151   0.90021  1.62734  1.46286  1.79882      - a - - :
          1.38629  1.38629  1.38629  1.38629
          0.03409  3.88204  4.34985  0.78778  0.60670  3.12832  0.04478
    152   0.50205  2.66555  1.42035  2.48267      - A - - :
          1.38629  1.38629  1.38629  1.38629
          0.02538  4.37954  4.37954  1.46634  0.26236  3.12966  0.04472
    153   2.06702  2.47714  0.40049  2.12473      - G - - :
          1.38629  1.38629  1.38629  1.38629
                *  0.00000        *  0.45905  0.99936  0.00000        *
//
