INFERNAL1/a [1.1.2 | July 2016]
NAME     at_nt_cds_rcd_round5_0001
STATES   369
NODES    110
CLEN     120
W        165
ALPH     RNA
RF       no
CONS     yes
MAP      yes
DATE     Mon Dec 23 23:00:01 2019
COM      [1] cmbuild /home/co78wid/projects/master/results/ta_systems/cds_rcd/2_structure_analysis/infernal_search/at_nt_cds_rcd_cmbuild.txt /home/co78wid/projects/master/results/ta_systems/cds_rcd/1_sequence_analysis/fold/at_nt_cds_rcd_round5.stk
COM      [2] cmcalibrate --cpu 20 /home/co78wid/projects/master/results/ta_systems/cds_rcd/2_structure_analysis/infernal_search/at_nt_cds_rcd_cmbuild.txt
PBEGIN   0.05
PEND     0.05
WBETA    1e-07
QDBBETA1 1e-07
QDBBETA2 1e-15
N2OMEGA  1.52588e-05
N3OMEGA  1.52588e-05
ELSELF   -0.08926734
NSEQ     16
EFFN     1.488281
CKSUM    42291912
NULL     0.000  0.000  0.000  0.000 
EFP7GF   -5.0789 0.71824
ECMLC    0.58436    -7.55565     2.29023     1600000      378378  0.003171
ECMGC    0.35292   -14.07395    -2.74431     1600000       21806  0.018344
ECMLI    0.47274    -6.48598     4.87880     1600000      258517  0.004642
ECMGI    0.38003    -6.98261     3.53228     1600000       21752  0.018389
CM
                                             [ ROOT    0 ]      -      - - - - -
     S     0    -1 0     1     4     1     1   165   224  -6.755  -6.962  -0.061  -5.376                 
    IL     1     1 2     1     4    19    59   168   227  -1.686  -2.369  -1.117  -4.855                  0.000  0.000  0.000  0.000 
    IR     2     2 3     2     3    18    59   167   226  -1.442  -0.798  -4.142                          0.000  0.000  0.000  0.000 
                                             [ MATL    1 ]      1      - A - - -
    ML     3     2 3     5     3    18    58   165   224  -7.786  -0.023  -6.440                          1.629 -2.015 -1.683 -1.525 
     D     4     2 3     5     3    14    54   163   222  -6.174  -1.687  -0.566                         
    IL     5     5 3     5     3    17    58   166   225  -1.442  -0.798  -4.142                          0.000  0.000  0.000  0.000 
                                             [ MATL    2 ]      2      - A - - -
    ML     6     5 3     8     3    17    57   164   223  -7.786  -0.023  -6.440                          1.629 -2.015 -1.683 -1.525 
     D     7     5 3     8     3    13    53   162   221  -6.174  -1.687  -0.566                         
    IL     8     8 3     8     3    17    57   165   224  -1.442  -0.798  -4.142                          0.000  0.000  0.000  0.000 
                                             [ MATL    3 ]      3      - G - - -
    ML     9     8 3    11     3    16    56   163   222  -7.786  -0.023  -6.440                         -1.200 -2.356  1.618 -1.740 
     D    10     8 3    11     3    13    53   161   220  -6.174  -1.687  -0.566                         
    IL    11    11 3    11     3    16    56   164   223  -1.442  -0.798  -4.142                          0.000  0.000  0.000  0.000 
                                             [ MATL    4 ]      4      - A - - -
    ML    12    11 3    14     3    15    55   162   221  -7.786  -0.023  -6.440                          1.629 -2.015 -1.683 -1.525 
     D    13    11 3    14     3    12    52   161   220  -6.174  -1.687  -0.566                         
    IL    14    14 3    14     3    15    55   163   222  -1.442  -0.798  -4.142                          0.000  0.000  0.000  0.000 
                                             [ MATL    5 ]      5      - A - - -
    ML    15    14 3    17     3    14    54   161   220  -8.189  -0.259  -2.636                          1.629 -2.015 -1.683 -1.525 
     D    16    14 3    17     3    12    51   160   219  -5.620  -0.734  -1.403                         
    IL    17    17 3    17     3    15    56   162   221  -1.925  -0.554  -4.164                          0.000  0.000  0.000  0.000 
                                             [ MATR    6 ]      -    129 - G - -
    MR    18    17 3    20     3    17    56   161   220  -7.954  -0.025  -6.272                         -0.679 -1.730  1.386 -1.118 
     D    19    17 3    20     3    10    49   157   216  -7.469  -2.647  -0.261                         
    IR    20    20 3    20     3    15    55   161   220  -1.925  -0.554  -4.164                          0.000  0.000  0.000  0.000 
                                             [ MATR    7 ]      -    128 - G - -
    MR    21    20 3    23     3    16    56   160   219  -7.954  -0.025  -6.272                         -0.679 -1.730  1.386 -1.118 
     D    22    20 3    23     3    10    48   156   215  -7.469  -2.647  -0.261                         
    IR    23    23 3    23     3    15    55   160   219  -1.925  -0.554  -4.164                          0.000  0.000  0.000  0.000 
                                             [ MATR    8 ]      -    127 - U - -
    MR    24    23 3    26     3    16    55   159   218  -7.954  -0.025  -6.272                         -0.739 -0.880 -1.419  1.312 
     D    25    23 3    26     3    10    48   155   214  -7.469  -2.647  -0.261                         
    IR    26    26 3    26     3    15    54   159   218  -1.925  -0.554  -4.164                          0.000  0.000  0.000  0.000 
                                             [ MATR    9 ]      -    126 - G - -
    MR    27    26 3    29     3    16    55   158   217  -7.954  -0.025  -6.272                         -0.679 -1.730  1.386 -1.118 
     D    28    26 3    29     3    10    47   154   213  -7.469  -2.647  -0.261                         
    IR    29    29 3    29     3    14    54   158   217  -1.925  -0.554  -4.164                          0.000  0.000  0.000  0.000 
                                             [ MATR   10 ]      -    125 - A - -
    MR    30    29 3    32     3    15    54   157   216  -7.954  -0.025  -6.272                          1.451 -1.531 -1.245 -1.003 
     D    31    29 3    32     3     9    47   153   212  -7.469  -2.647  -0.261                         
    IR    32    32 3    32     3    14    53   157   216  -1.925  -0.554  -4.164                          0.000  0.000  0.000  0.000 
                                             [ MATR   11 ]      -    124 - G - -
    MR    33    32 3    35     3    15    54   156   215  -7.954  -0.025  -6.272                         -0.679 -1.730  1.386 -1.118 
     D    34    32 3    35     3     9    47   152   211  -7.469  -2.647  -0.261                         
    IR    35    35 3    35     3    14    53   156   215  -1.925  -0.554  -4.164                          0.000  0.000  0.000  0.000 
                                             [ MATR   12 ]      -    123 - U - -
    MR    36    35 3    38     3    15    53   155   214  -7.954  -0.025  -6.272                         -0.739 -0.880 -1.419  1.312 
     D    37    35 3    38     3     9    46   151   210  -7.469  -2.647  -0.261                         
    IR    38    38 3    38     3    13    52   155   214  -1.925  -0.554  -4.164                          0.000  0.000  0.000  0.000 
                                             [ MATR   13 ]      -    122 - U - -
    MR    39    38 3    41     3    15    53   154   213  -7.954  -0.025  -6.272                         -0.739 -0.880 -1.419  1.312 
     D    40    38 3    41     3     9    46   150   209  -7.469  -2.647  -0.261                         
    IR    41    41 3    41     3    13    52   154   213  -1.925  -0.554  -4.164                          0.000  0.000  0.000  0.000 
                                             [ MATR   14 ]      -    121 - U - -
    MR    42    41 3    44     3    14    52   153   212  -7.954  -0.025  -6.272                         -0.739 -0.880 -1.419  1.312 
     D    43    41 3    44     3     8    45   150   208  -7.469  -2.647  -0.261                         
    IR    44    44 3    44     3    13    51   153   212  -1.925  -0.554  -4.164                          0.000  0.000  0.000  0.000 
                                             [ MATR   15 ]      -    120 - C - -
    MR    45    44 3    47     3    14    51   152   211  -7.954  -0.025  -6.272                         -0.774  1.208 -1.543 -0.394 
     D    46    44 3    47     3     8    45   149   208  -7.469  -2.647  -0.261                         
    IR    47    47 3    47     3    13    50   152   211  -1.925  -0.554  -4.164                          0.000  0.000  0.000  0.000 
                                             [ MATR   16 ]      -    119 - g - -
    MR    48    47 3    50     3    14    51   151   210  -7.954  -0.025  -6.272                          0.068 -0.506  0.468 -0.210 
     D    49    47 3    50     3     8    44   148   207  -7.469  -2.647  -0.261                         
    IR    50    50 3    50     3    12    50   151   210  -1.925  -0.554  -4.164                          0.000  0.000  0.000  0.000 
                                             [ MATR   17 ]      -    118 - c - -
    MR    51    50 3    53     3    13    50   150   209  -7.954  -0.025  -6.272                          0.237  0.427 -0.926 -0.072 
     D    52    50 3    53     3     8    44   147   206  -7.469  -2.647  -0.261                         
    IR    53    53 3    53     3    12    49   150   209  -1.925  -0.554  -4.164                          0.000  0.000  0.000  0.000 
                                             [ MATR   18 ]      -    117 - c - -
    MR    54    53 3    56     3    13    49   149   208  -7.954  -0.025  -6.272                         -0.233  0.586 -0.512 -0.079 
     D    55    53 3    56     3     8    44   146   205  -7.469  -2.647  -0.261                         
    IR    56    56 3    56     3    12    49   149   208  -1.925  -0.554  -4.164                          0.000  0.000  0.000  0.000 
                                             [ MATR   19 ]      -    116 - g - -
    MR    57    56 3    59     3    12    48   148   207  -7.954  -0.025  -6.272                         -0.101 -0.098  0.285 -0.128 
     D    58    56 3    59     3     7    43   146   205  -7.469  -1.585  -0.597                         
    IR    59    59 3    59     3    11    48   148   207  -1.925  -0.554  -4.164                          0.000  0.000  0.000  0.000 
                                             [ MATR   20 ]      -    115 - u - -
    MR    60    59 3    62     3    12    47   147   206  -8.036  -0.023  -6.354                         -0.196 -0.355 -0.382  0.658 
     D    61    59 3    62     3     7    42   144   203  -7.194  -2.372  -0.322                         
    IR    62    62 3    62     3    11    47   147   206  -1.925  -0.554  -4.164                          0.000  0.000  0.000  0.000 
                                             [ MATR   21 ]      -    114 - U - -
    MR    63    62 3    65     3    11    47   146   205  -8.036  -0.023  -6.354                         -0.636 -0.545 -1.347  1.188 
     D    64    62 3    65     3     7    42   144   203  -7.194  -2.372  -0.322                         
    IR    65    65 3    65     3    10    46   147   205  -1.925  -0.554  -4.164                          0.000  0.000  0.000  0.000 
                                             [ MATR   22 ]      -    113 - g - -
    MR    66    65 3    68     3    11    46   145   204  -8.036  -0.023  -6.354                         -0.272 -0.767  0.900 -0.477 
     D    67    65 3    68     3     6    41   143   202  -7.194  -1.007  -1.013                         
    IR    68    68 3    68     3    10    45   146   204  -1.925  -0.554  -4.164                          0.000  0.000  0.000  0.000 
                                             [ MATR   23 ]      -    112 - A - -
    MR    69    68 3    71     3    10    45   144   203  -8.146  -0.022  -6.464                          1.602 -1.926 -1.603 -1.428 
     D    70    68 3    71     3     5    40   142   201  -6.670  -1.848  -0.489                         
    IR    71    71 3    71     3     9    44   145   203  -1.925  -0.554  -4.164                          0.000  0.000  0.000  0.000 
                                             [ MATR   24 ]      -    111 - U - -
    MR    72    71 3    74     3    10    44   143   202  -8.146  -0.022  -6.464                         -1.085 -1.154 -1.794  1.481 
     D    73    71 3    74     3     5    39   141   200  -6.670  -1.848  -0.489                         
    IR    74    74 3    74     3     9    44   144   203  -1.925  -0.554  -4.164                          0.000  0.000  0.000  0.000 
                                             [ MATR   25 ]      -    110 - U - -
    MR    75    74 3    77     3    10    43   142   201  -8.146  -0.022  -6.464                         -1.085 -1.154 -1.794  1.481 
     D    76    74 3    77     3     5    39   140   199  -6.670  -1.848  -0.489                         
    IR    77    77 3    77     3     8    43   143   202  -1.925  -0.554  -4.164                          0.000  0.000  0.000  0.000 
                                             [ MATR   26 ]      -    109 - c - -
    MR    78    77 3    80     3     9    42   141   200  -8.146  -0.022  -6.464                         -0.590  0.721 -1.362  0.377 
     D    79    77 3    80     3     4    38   139   198  -6.670  -1.848  -0.489                         
    IR    80    80 3    80     3     8    42   142   201  -1.925  -0.554  -4.164                          0.000  0.000  0.000  0.000 
                                             [ MATR   27 ]      -    108 - U - -
    MR    81    80 3    83     3     9    41   140   199  -8.146  -0.022  -6.464                         -1.085 -1.154 -1.794  1.481 
     D    82    80 3    83     3     4    37   138   197  -6.670  -1.848  -0.489                         
    IR    83    83 3    83     3     8    41   141   200  -1.925  -0.554  -4.164                          0.000  0.000  0.000  0.000 
                                             [ MATR   28 ]      -    107 - C - -
    MR    84    83 3    86     3     8    41   139   198  -8.146  -0.022  -6.464                         -1.215  1.445 -2.014 -0.738 
     D    85    83 3    86     3     4    37   137   196  -6.670  -1.848  -0.489                         
    IR    86    86 3    86     3     7    40   140   199  -1.925  -0.554  -4.164                          0.000  0.000  0.000  0.000 
                                             [ MATR   29 ]      -    106 - A - -
    MR    87    86 3    89     3     7    40   138   197  -8.146  -0.022  -6.464                          1.602 -1.926 -1.603 -1.428 
     D    88    86 3    89     3     3    36   136   195  -6.670  -1.848  -0.489                         
    IR    89    89 3    89     3     7    40   139   198  -1.925  -0.554  -4.164                          0.000  0.000  0.000  0.000 
                                             [ MATR   30 ]      -    105 - C - -
    MR    90    89 3    92     3     7    39   137   196  -8.146  -0.022  -6.464                         -1.215  1.445 -2.014 -0.738 
     D    91    89 3    92     3     3    36   135   194  -6.670  -1.848  -0.489                         
    IR    92    92 3    92     3     6    39   138   197  -1.925  -0.554  -4.164                          0.000  0.000  0.000  0.000 
                                             [ MATR   31 ]      -    104 - C - -
    MR    93    92 3    95     3     6    38   136   195  -8.146  -0.022  -6.464                         -1.215  1.445 -2.014 -0.738 
     D    94    92 3    95     3     3    35   134   193  -6.670  -1.848  -0.489                         
    IR    95    95 3    95     3     6    38   137   196  -1.925  -0.554  -4.164                          0.000  0.000  0.000  0.000 
                                             [ MATR   32 ]      -    103 - a - -
    MR    96    95 3    98     3     5    37   135   194  -8.146  -0.022  -6.464                          0.960 -1.219 -0.020 -0.646 
     D    97    95 3    98     3     2    35   133   192  -6.670  -1.848  -0.489                         
    IR    98    98 3    98     3     5    37   136   195  -1.925  -0.554  -4.164                          0.000  0.000  0.000  0.000 
                                             [ MATR   33 ]      -    102 - A - -
    MR    99    98 3   101     3     4    36   134   193  -8.146  -0.022  -6.464                          1.602 -1.926 -1.603 -1.428 
     D   100    98 3   101     3     2    34   133   192  -6.670  -1.848  -0.489                         
    IR   101   101 3   101     3     4    36   135   194  -1.925  -0.554  -4.164                          0.000  0.000  0.000  0.000 
                                             [ MATR   34 ]      -    101 - C - -
    MR   102   101 3   104     2     3    35   133   192  -8.083  -0.005                                 -1.215  1.445 -2.014 -0.738 
     D   103   101 3   104     2     2    34   132   191  -4.724  -0.056                                 
    IR   104   104 3   104     2     3    35   134   193  -1.823  -0.479                                  0.000  0.000  0.000  0.000 
                                             [ BIF    35 ]      -      - - - - -
     B   105   104 3   106   210     2    34   132   191                                                 
                                             [ BEGL   36 ]      -      - - - - -
     S   106   105 1   107     4     0     1    49    69  -0.048  -6.739  -6.147  -6.787                 
                                             [ MATP   37 ]      6     39 G C - -
    MP   107   106 1   111     6     2     4    49    69  -9.037  -8.976  -0.022  -7.753  -8.032  -8.427 -3.601 -2.580 -3.616  0.852 -3.900 -4.057  0.453 -3.991 -3.647  3.255 -4.023 -0.367  0.132 -2.131 -1.484 -2.621 
    ML   108   106 1   111     6     1     1    48    67  -6.250  -6.596  -1.310  -1.005  -6.446  -3.975  0.368 -0.385 -0.191  0.094 
    MR   109   106 1   111     6     1     1    48    67  -6.988  -5.717  -1.625  -5.695  -0.829  -3.908  0.368 -0.385 -0.191  0.094 
     D   110   106 1   111     6     0     0    45    65  -9.049  -7.747  -3.544  -4.226  -4.244  -0.319 
    IL   111   111 5   111     6     1     1    49    69  -2.579  -2.842  -0.760  -4.497  -5.274  -4.934  0.000  0.000  0.000  0.000 
    IR   112   112 6   112     5     1     1    49    68  -2.408  -0.496  -5.920  -4.087  -5.193          0.000  0.000  0.000  0.000 
                                             [ MATP   38 ]      7     38 A U - -
    MP   113   112 6   117     6     2     3    47    67  -9.037  -8.976  -0.022  -7.753  -8.032  -8.427 -3.512 -2.619 -3.548  3.113 -3.751 -4.792  0.532 -3.607 -3.455  1.382 -3.988 -0.145  0.113 -4.025 -1.410 -2.401 
    ML   114   112 6   117     6     1     1    46    65  -6.250  -6.596  -1.310  -1.005  -6.446  -3.975  0.368 -0.385 -0.191  0.094 
    MR   115   112 6   117     6     1     1    46    65  -6.988  -5.717  -1.625  -5.695  -0.829  -3.908  0.368 -0.385 -0.191  0.094 
     D   116   112 6   117     6     0     0    43    63  -9.049  -7.747  -3.544  -4.226  -4.244  -0.319 
    IL   117   117 5   117     6     1     1    47    67  -2.579  -2.842  -0.760  -4.497  -5.274  -4.934  0.000  0.000  0.000  0.000 
    IR   118   118 6   118     5     1     1    47    66  -2.408  -0.496  -5.920  -4.087  -5.193          0.000  0.000  0.000  0.000 
                                             [ MATP   39 ]      8     37 a u - -
    MP   119   118 6   123     6     2     3    45    65  -9.037  -8.976  -0.022  -7.753  -8.032  -8.427 -3.351 -2.462 -3.427  2.995 -3.821 -4.694  0.433 -3.567 -3.335  1.562 -3.884  0.343  0.126 -3.849 -1.487 -2.291 
    ML   120   118 6   123     6     1     1    44    64  -6.250  -6.596  -1.310  -1.005  -6.446  -3.975  0.368 -0.385 -0.191  0.094 
    MR   121   118 6   123     6     1     1    44    63  -6.988  -5.717  -1.625  -5.695  -0.829  -3.908  0.368 -0.385 -0.191  0.094 
     D   122   118 6   123     6     0     0    42    61  -9.049  -7.747  -3.544  -4.226  -4.244  -0.319 
    IL   123   123 5   123     6     1     1    45    65  -2.579  -2.842  -0.760  -4.497  -5.274  -4.934  0.000  0.000  0.000  0.000 
    IR   124   124 6   124     5     1     1    45    64  -2.408  -0.496  -5.920  -4.087  -5.193          0.000  0.000  0.000  0.000 
                                             [ MATP   40 ]      9     36 C G - -
    MP   125   124 6   129     6     2     3    43    63  -9.037  -8.976  -0.022  -7.753  -8.032  -8.427 -4.196 -4.067 -3.943 -0.335 -2.744 -4.400  3.424 -3.518 -3.983 -0.037 -4.279 -2.011  0.802 -4.287 -0.445 -2.836 
    ML   126   124 6   129     6     1     1    43    62  -6.250  -6.596  -1.310  -1.005  -6.446  -3.975  0.368 -0.385 -0.191  0.094 
    MR   127   124 6   129     6     1     1    42    62  -6.988  -5.717  -1.625  -5.695  -0.829  -3.908  0.368 -0.385 -0.191  0.094 
     D   128   124 6   129     6     0     0    41    60  -9.049  -7.747  -3.544  -4.226  -4.244  -0.319 
    IL   129   129 5   129     6     1     1    43    63  -2.579  -2.842  -0.760  -4.497  -5.274  -4.934  0.000  0.000  0.000  0.000 
    IR   130   130 6   130     5     1     1    43    62  -2.408  -0.496  -5.920  -4.087  -5.193          0.000  0.000  0.000  0.000 
                                             [ MATP   41 ]     10     35 U A - -
    MP   131   130 6   135     4     2     2    41    61  -6.755  -6.962  -0.061  -5.376                 -3.836 -3.646 -3.712  0.031 -2.734 -4.307  1.585 -3.403 -3.721  0.346 -4.111 -1.556  3.127 -3.999 -0.419 -2.577 
    ML   132   130 6   135     4     1     1    42    61  -3.758  -3.940  -0.507  -2.670                  0.368 -0.385 -0.191  0.094 
    MR   133   130 6   135     4     1     1    41    61  -4.809  -3.838  -1.706  -0.766                  0.368 -0.385 -0.191  0.094 
     D   134   130 6   135     4     0     0    40    60  -4.568  -4.250  -2.265  -0.520                 
    IL   135   135 5   135     4     1     1    43    63  -1.686  -2.369  -1.117  -4.855                  0.000  0.000  0.000  0.000 
    IR   136   136 6   136     3     1     1    42    62  -1.442  -0.798  -4.142                          0.000  0.000  0.000  0.000 
                                             [ MATL   42 ]     11      - A - - -
    ML   137   136 6   139     3     1     1    39    58  -8.189  -0.021  -6.506                          1.629 -2.015 -1.683 -1.525 
     D   138   136 6   139     3     0     0    38    57  -5.620  -0.734  -1.403                         
    IL   139   139 3   139     3     1     1    40    59  -1.925  -0.554  -4.164                          0.000  0.000  0.000  0.000 
                                             [ MATR   43 ]      -     34 - g - -
    MR   140   139 3   142     5     1     1    38    57  -6.939  -0.044  -6.754  -6.967  -7.858          0.527 -1.280  0.608 -0.682 
     D   141   139 3   142     5     0     0    37    56  -5.352  -0.707  -2.978  -4.409  -2.404         
    IR   142   142 3   142     5     1     1    38    57  -2.408  -0.496  -5.920  -4.087  -5.193          0.000  0.000  0.000  0.000 
                                             [ MATP   44 ]     12     33 C G - -
    MP   143   142 3   147     6     2     2    37    56  -9.037  -8.976  -0.022  -7.753  -8.032  -8.427 -4.196 -4.067 -3.943 -0.335 -2.744 -4.400  3.424 -3.518 -3.983 -0.037 -4.279 -2.011  0.802 -4.287 -0.445 -2.836 
    ML   144   142 3   147     6     1     1    36    55  -6.250  -6.596  -1.310  -1.005  -6.446  -3.975  0.368 -0.385 -0.191  0.094 
    MR   145   142 3   147     6     1     1    36    55  -6.988  -5.717  -1.625  -5.695  -0.829  -3.908  0.368 -0.385 -0.191  0.094 
     D   146   142 3   147     6     0     0    34    54  -9.049  -7.747  -3.544  -4.226  -4.244  -0.319 
    IL   147   147 5   147     6     1     1    37    56  -2.579  -2.842  -0.760  -4.497  -5.274  -4.934  0.000  0.000  0.000  0.000 
    IR   148   148 6   148     5     1     1    36    56  -2.408  -0.496  -5.920  -4.087  -5.193          0.000  0.000  0.000  0.000 
                                             [ MATP   45 ]     13     32 A U - -
    MP   149   148 6   153     4     2     2    35    54  -6.755  -6.962  -0.061  -5.376                 -3.512 -2.619 -3.548  3.113 -3.751 -4.792  0.532 -3.607 -3.455  1.382 -3.988 -0.145  0.113 -4.025 -1.410 -2.401 
    ML   150   148 6   153     4     1     1    35    55  -3.758  -3.940  -0.507  -2.670                  0.368 -0.385 -0.191  0.094 
    MR   151   148 6   153     4     1     1    35    54  -4.809  -3.838  -1.706  -0.766                  0.368 -0.385 -0.191  0.094 
     D   152   148 6   153     4     0     0    34    53  -4.568  -4.250  -2.265  -0.520                 
    IL   153   153 5   153     4     1     1    37    56  -1.686  -2.369  -1.117  -4.855                  0.000  0.000  0.000  0.000 
    IR   154   154 6   154     3     1     1    36    55  -1.442  -0.798  -4.142                          0.000  0.000  0.000  0.000 
                                             [ MATL   46 ]     14      - A - - -
    ML   155   154 6   157     3     1     1    32    51  -8.189  -0.021  -6.506                          1.629 -2.015 -1.683 -1.525 
     D   156   154 6   157     3     0     0    31    50  -5.620  -0.734  -1.403                         
    IL   157   157 3   157     3     1     1    33    52  -1.925  -0.554  -4.164                          0.000  0.000  0.000  0.000 
                                             [ MATR   47 ]      -     31 - G - -
    MR   158   157 3   160     5     1     1    31    50  -6.939  -0.044  -6.754  -6.967  -7.858         -0.779 -1.726  1.373 -0.929 
     D   159   157 3   160     5     0     0    30    49  -5.352  -0.707  -2.978  -4.409  -2.404         
    IR   160   160 3   160     5     1     1    32    51  -2.408  -0.496  -5.920  -4.087  -5.193          0.000  0.000  0.000  0.000 
                                             [ MATP   48 ]     15     30 U A - -
    MP   161   160 3   165     6     2     2    30    49  -9.037  -8.976  -0.022  -7.753  -8.032  -8.427 -3.836 -3.646 -3.712  0.031 -2.734 -4.307  1.585 -3.403 -3.721  0.346 -4.111 -1.556  3.127 -3.999 -0.419 -2.577 
    ML   162   160 3   165     6     1     1    29    48  -6.250  -6.596  -1.310  -1.005  -6.446  -3.975  0.368 -0.385 -0.191  0.094 
    MR   163   160 3   165     6     1     1    29    48  -6.988  -5.717  -1.625  -5.695  -0.829  -3.908  0.368 -0.385 -0.191  0.094 
     D   164   160 3   165     6     0     0    26    45  -9.049  -7.747  -3.544  -4.226  -4.244  -0.319 
    IL   165   165 5   165     6     1     1    30    49  -2.579  -2.842  -0.760  -4.497  -5.274  -4.934  0.000  0.000  0.000  0.000 
    IR   166   166 6   166     5     1     1    30    49  -2.408  -0.496  -5.920  -4.087  -5.193          0.000  0.000  0.000  0.000 
                                             [ MATP   49 ]     16     29 C G - -
    MP   167   166 6   171     6     2     2    28    47  -9.037  -8.976  -0.022  -7.753  -8.032  -8.427 -4.196 -4.067 -3.943 -0.335 -2.744 -4.400  3.424 -3.518 -3.983 -0.037 -4.279 -2.011  0.802 -4.287 -0.445 -2.836 
    ML   168   166 6   171     6     1     1    27    46  -6.250  -6.596  -1.310  -1.005  -6.446  -3.975  0.368 -0.385 -0.191  0.094 
    MR   169   166 6   171     6     1     1    27    46  -6.988  -5.717  -1.625  -5.695  -0.829  -3.908  0.368 -0.385 -0.191  0.094 
     D   170   166 6   171     6     0     0    25    44  -9.049  -7.747  -3.544  -4.226  -4.244  -0.319 
    IL   171   171 5   171     6     1     1    28    47  -2.579  -2.842  -0.760  -4.497  -5.274  -4.934  0.000  0.000  0.000  0.000 
    IR   172   172 6   172     5     1     1    28    47  -2.408  -0.496  -5.920  -4.087  -5.193          0.000  0.000  0.000  0.000 
                                             [ MATP   50 ]     17     28 U A - -
    MP   173   172 6   177     6     2     2    26    45  -9.037  -8.976  -0.022  -7.753  -8.032  -8.427 -3.836 -3.646 -3.712  0.031 -2.734 -4.307  1.585 -3.403 -3.721  0.346 -4.111 -1.556  3.127 -3.999 -0.419 -2.577 
    ML   174   172 6   177     6     1     1    26    45  -6.250  -6.596  -1.310  -1.005  -6.446  -3.975  0.368 -0.385 -0.191  0.094 
    MR   175   172 6   177     6     1     1    25    44  -6.988  -5.717  -1.625  -5.695  -0.829  -3.908  0.368 -0.385 -0.191  0.094 
     D   176   172 6   177     6     0     0    24    43  -9.049  -7.747  -3.544  -4.226  -4.244  -0.319 
    IL   177   177 5   177     6     1     1    26    45  -2.579  -2.842  -0.760  -4.497  -5.274  -4.934  0.000  0.000  0.000  0.000 
    IR   178   178 6   178     5     1     1    26    45  -2.408  -0.496  -5.920  -4.087  -5.193          0.000  0.000  0.000  0.000 
                                             [ MATP   51 ]     18     27 a u - -
    MP   179   178 6   183     4     2     2    24    43  -6.755  -6.962  -0.061  -5.376                 -3.329 -2.443 -3.407  2.967 -3.805 -4.666  0.443 -3.554 -3.317  1.584 -3.865  0.422  0.142 -3.821 -1.473 -2.274 
    ML   180   178 6   183     4     1     1    25    44  -3.758  -3.940  -0.507  -2.670                  0.368 -0.385 -0.191  0.094 
    MR   181   178 6   183     4     1     1    24    43  -4.809  -3.838  -1.706  -0.766                  0.368 -0.385 -0.191  0.094 
     D   182   178 6   183     4     0     0    23    42  -4.568  -4.250  -2.265  -0.520                 
    IL   183   183 5   183     4     1     1    26    45  -1.686  -2.369  -1.117  -4.855                  0.000  0.000  0.000  0.000 
    IR   184   184 6   184     3     1     1    25    44  -1.442  -0.798  -4.142                          0.000  0.000  0.000  0.000 
                                             [ MATL   52 ]     19      - U - - -
    ML   185   184 6   187     3     1     1    21    40  -7.786  -0.023  -6.440                         -1.164 -1.219 -1.879  1.512 
     D   186   184 6   187     3     0     0    20    39  -6.174  -1.687  -0.566                         
    IL   187   187 3   187     3     1     1    24    43  -1.442  -0.798  -4.142                          0.000  0.000  0.000  0.000 
                                             [ MATL   53 ]     20      - U - - -
    ML   188   187 3   190     3     1     1    20    39  -7.786  -0.023  -6.440                         -1.164 -1.219 -1.879  1.512 
     D   189   187 3   190     3     0     0    19    38  -6.174  -1.687  -0.566                         
    IL   190   190 3   190     3     1     1    23    42  -1.442  -0.798  -4.142                          0.000  0.000  0.000  0.000 
                                             [ MATL   54 ]     21      - U - - -
    ML   191   190 3   193     3     1     1    19    38  -7.786  -0.113  -3.825                         -0.609 -0.849 -1.044  1.204 
     D   192   190 3   193     3     0     0    18    37  -6.174  -1.687  -0.566                         
    IL   193   193 3   193     3     1     1    22    41  -1.442  -0.798  -4.142                          0.000  0.000  0.000  0.000 
                                             [ MATL   55 ]     22      - u - - -
    ML   194   193 3   196     3     1     1    18    36  -7.698  -0.025  -6.352                          0.244 -0.543 -0.191  0.326 
     D   195   193 3   196     3     0     0    17    35  -6.742  -0.902  -1.134                         
    IL   196   196 3   196     3     1     1    21    40  -1.442  -0.798  -4.142                          0.000  0.000  0.000  0.000 
                                             [ MATL   56 ]     23      - g - - -
    ML   197   196 3   199     3     1     1    16    35  -7.786  -0.068  -4.598                          0.144 -1.442  0.977 -0.839 
     D   198   196 3   199     3     0     0    16    34  -6.174  -1.687  -0.566                         
    IL   199   199 3   199     3     1     1    20    38  -1.442  -0.798  -4.142                          0.000  0.000  0.000  0.000 
                                             [ MATL   57 ]     24      - c - - -
    ML   200   199 3   202     3     1     1    15    33  -7.742  -0.024  -6.396                          0.012  0.611 -1.105 -0.001 
     D   201   199 3   202     3     0     0    14    33  -6.488  -1.166  -0.880                         
    IL   202   202 3   202     3     1     1    19    37  -1.442  -0.798  -4.142                          0.000  0.000  0.000  0.000 
                                             [ MATL   58 ]     25      - a - - -
    ML   203   202 3   205     3     1     1    13    32  -7.786  -0.023  -6.440                          0.504 -0.781 -0.246  0.210 
     D   204   202 3   205     3     0     0    13    32  -6.174  -1.687  -0.566                         
    IL   205   205 3   205     3     1     1    18    36  -1.442  -0.798  -4.142                          0.000  0.000  0.000  0.000 
                                             [ MATL   59 ]     26      - g - - -
    ML   206   205 3   208     2     1     1     1     1       *   0.000                                 -0.316 -0.768  0.862 -0.336 
     D   207   205 3   208     2     0     0     0     0       *   0.000                                 
    IL   208   208 3   208     2     1     1    13    28  -1.823  -0.479                                  0.000  0.000  0.000  0.000 
                                             [ END    60 ]      -      - - - - -
     E   209   208 3    -1     0     0     0     0     0                                                 
                                             [ BEGR   61 ]      -      - - - - -
     S   210   105 1   211     3     0     6    99   158  -7.786  -0.023  -6.440                         
    IL   211   211 2   211     3     1     6   100   159  -1.442  -0.798  -4.142                          0.000  0.000  0.000  0.000 
                                             [ MATL   62 ]     40      - a - - -
    ML   212   211 2   214     3     1     6    99   158  -7.786  -0.023  -6.440                          0.824 -0.934 -0.314 -0.148 
     D   213   211 2   214     3     0     0    96   155  -6.174  -1.687  -0.566                         
    IL   214   214 3   214     3     1     5    99   158  -1.442  -0.798  -4.142                          0.000  0.000  0.000  0.000 
                                             [ MATL   63 ]     41      - U - - -
    ML   215   214 3   217     3     1     5    98   157  -7.786  -0.023  -6.440                         -0.286 -0.825 -1.259  1.136 
     D   216   214 3   217     3     0     0    95   154  -6.174  -1.687  -0.566                         
    IL   217   217 3   217     3     1     4    98   157  -1.442  -0.798  -4.142                          0.000  0.000  0.000  0.000 
                                             [ MATL   64 ]     42      - A - - -
    ML   218   217 3   220     3     1     4    97   156  -7.786  -0.023  -6.440                          1.174 -0.908 -1.081 -0.437 
     D   219   217 3   220     3     0     0    94   153  -6.174  -1.687  -0.566                         
    IL   220   220 3   220     3     1     3    97   156  -1.442  -0.798  -4.142                          0.000  0.000  0.000  0.000 
                                             [ MATL   65 ]     43      - A - - -
    ML   221   220 3   223     3     1     4    96   155  -7.786  -0.023  -6.440                          1.629 -2.015 -1.683 -1.525 
     D   222   220 3   223     3     0     0    93   152  -6.174  -1.687  -0.566                         
    IL   223   223 3   223     3     1     3    96   155  -1.442  -0.798  -4.142                          0.000  0.000  0.000  0.000 
                                             [ MATL   66 ]     44      - U - - -
    ML   224   223 3   226     3     1     3    95   154  -7.786  -0.062  -4.728                         -0.286 -0.825 -1.259  1.136 
     D   225   223 3   226     3     0     0    92   151  -6.174  -1.687  -0.566                         
    IL   226   226 3   226     3     1     2    95   154  -1.442  -0.798  -4.142                          0.000  0.000  0.000  0.000 
                                             [ MATL   67 ]     45      - u - - -
    ML   227   226 3   229     3     1     3    94   153  -7.748  -0.024  -6.402                         -0.180 -0.552 -1.129  0.984 
     D   228   226 3   229     3     0     0    91   150  -6.454  -1.967  -0.448                         
    IL   229   229 3   229     3     1     2    94   153  -1.442  -0.798  -4.142                          0.000  0.000  0.000  0.000 
                                             [ MATL   68 ]     46      - U - - -
    ML   230   229 3   232     3     1     2    93   152  -7.748  -0.024  -6.402                         -0.248 -0.794 -1.214  1.105 
     D   231   229 3   232     3     0     0    90   149  -6.454  -1.967  -0.448                         
    IL   232   232 3   232     3     1     2    93   152  -1.442  -0.798  -4.142                          0.000  0.000  0.000  0.000 
                                             [ MATL   69 ]     47      - a - - -
    ML   233   232 3   235     3     1     2    92   151  -7.748  -0.065  -4.672                          0.804 -0.834 -0.670  0.091 
     D   234   232 3   235     3     0     0    89   148  -6.454  -1.967  -0.448                         
    IL   235   235 3   235     3     1     1    92   151  -1.442  -0.798  -4.142                          0.000  0.000  0.000  0.000 
                                             [ MATL   70 ]     48      - a - - -
    ML   236   235 3   238     3     1     2    91   150  -7.708  -0.025  -6.362                          0.829 -0.806 -0.178 -0.382 
     D   237   235 3   238     3     0     0    87   146  -6.693  -1.438  -0.687                         
    IL   238   238 3   238     3     1     1    91   150  -1.442  -0.798  -4.142                          0.000  0.000  0.000  0.000 
                                             [ MATL   71 ]     49      - A - - -
    ML   239   238 3   241     3     1     2    90   149  -2.082  -0.411  -6.402                          1.038 -1.010 -0.712 -0.253 
     D   240   238 3   241     3     0     0    79   138  -6.454  -1.210  -0.846                         
    IL   241   241 3   241     3     1     1    94   153  -0.451  -2.057  -5.160                          0.000  0.000  0.000  0.000 
                                             [ MATL   72 ]     58      - A - - -
    ML   242   241 3   244     3     1     2    58    78  -7.745  -0.024  -6.399                          1.400 -1.540 -0.931 -1.022 
     D   243   241 3   244     3     0     0    56    76  -6.472  -1.985  -0.442                         
    IL   244   244 3   244     3     1     1    60    80  -1.442  -0.798  -4.142                          0.000  0.000  0.000  0.000 
                                             [ MATL   73 ]     59      - a - - -
    ML   245   244 3   247     3     1     1    57    77  -4.746  -0.073  -6.399                          0.738 -0.528 -0.664  0.010 
     D   246   244 3   247     3     0     0    55    75  -6.472  -1.985  -0.442                         
    IL   247   247 3   247     3     1     1    58    78  -1.533  -0.734  -4.233                          0.000  0.000  0.000  0.000 
                                             [ MATL   74 ]     61      - U - - -
    ML   248   247 3   250     3     1     1    56    76  -7.745  -0.024  -6.399                         -1.093 -1.161 -1.803  1.484 
     D   249   247 3   250     3     0     0    54    74  -6.472  -1.188  -0.863                         
    IL   250   250 3   250     3     1     1    58    78  -1.442  -0.798  -4.142                          0.000  0.000  0.000  0.000 
                                             [ MATL   75 ]     62      - U - - -
    ML   251   250 3   253     3     1     1    55    75  -7.786  -0.023  -6.440                         -1.164 -1.219 -1.879  1.512 
     D   252   250 3   253     3     0     0    53    73  -6.174  -1.687  -0.566                         
    IL   253   253 3   253     3     1     1    57    77  -1.442  -0.798  -4.142                          0.000  0.000  0.000  0.000 
                                             [ MATL   76 ]     63      - A - - -
    ML   254   253 3   256     3     1     1    54    73  -7.786  -0.023  -6.440                          1.629 -2.015 -1.683 -1.525 
     D   255   253 3   256     3     0     0    52    72  -6.174  -1.687  -0.566                         
    IL   256   256 3   256     3     1     1    56    76  -1.442  -0.798  -4.142                          0.000  0.000  0.000  0.000 
                                             [ MATL   77 ]     64      - U - - -
    ML   257   256 3   259     3     1     1    53    72  -7.786  -0.023  -6.440                         -0.652 -0.191 -1.387  1.074 
     D   258   256 3   259     3     0     0    51    71  -6.174  -1.687  -0.566                         
    IL   259   259 3   259     3     1     1    55    75  -1.442  -0.798  -4.142                          0.000  0.000  0.000  0.000 
                                             [ MATL   78 ]     65      - U - - -
    ML   260   259 3   262     3     1     1    52    71  -7.786  -0.023  -6.440                         -1.164 -1.219 -1.879  1.512 
     D   261   259 3   262     3     0     0    50    70  -6.174  -1.687  -0.566                         
    IL   262   262 3   262     3     1     1    54    74  -1.442  -0.798  -4.142                          0.000  0.000  0.000  0.000 
                                             [ MATL   79 ]     66      - U - - -
    ML   263   262 3   265     3     1     1    51    70  -7.786  -0.070  -4.550                         -1.164 -1.219 -1.879  1.512 
     D   264   262 3   265     3     0     0    49    69  -6.174  -1.687  -0.566                         
    IL   265   265 3   265     3     1     1    53    72  -1.442  -0.798  -4.142                          0.000  0.000  0.000  0.000 
                                             [ MATL   80 ]     67      - a - - -
    ML   266   265 3   268     3     1     1    49    69  -7.740  -0.024  -6.394                          0.784 -1.200  0.250 -0.613 
     D   267   265 3   268     3     0     0    48    68  -6.502  -2.015  -0.432                         
    IL   268   268 3   268     3     1     1    51    71  -1.442  -0.798  -4.142                          0.000  0.000  0.000  0.000 
                                             [ MATL   81 ]     68      - A - - -
    ML   269   268 3   271     3     1     1    48    68  -7.740  -0.024  -6.394                          1.066 -1.255 -0.204 -0.692 
     D   270   268 3   271     3     0     0    47    67  -6.502  -2.015  -0.432                         
    IL   271   271 3   271     3     1     1    50    70  -1.442  -0.798  -4.142                          0.000  0.000  0.000  0.000 
                                             [ MATL   82 ]     69      - a - - -
    ML   272   271 3   274     3     1     1    47    67  -7.740  -0.024  -6.394                          0.978 -0.942 -0.990  0.009 
     D   273   271 3   274     3     0     0    46    65  -6.502  -2.015  -0.432                         
    IL   274   274 3   274     3     1     1    49    69  -1.442  -0.798  -4.142                          0.000  0.000  0.000  0.000 
                                             [ MATL   83 ]     70      - u - - -
    ML   275   274 3   277     3     1     1    46    66  -7.740  -0.024  -6.394                         -0.586 -0.085 -1.321  0.993 
     D   276   274 3   277     3     0     0    45    64  -6.502  -2.015  -0.432                         
    IL   277   277 3   277     3     1     1    48    68  -1.442  -0.798  -4.142                          0.000  0.000  0.000  0.000 
                                             [ MATL   84 ]     71      - U - - -
    ML   278   277 3   280     3     1     1    45    65  -7.740  -0.024  -6.394                         -0.799 -0.676 -1.518  1.293 
     D   279   277 3   280     3     0     0    44    63  -6.502  -2.015  -0.432                         
    IL   280   280 3   280     3     1     1    47    67  -1.442  -0.798  -4.142                          0.000  0.000  0.000  0.000 
                                             [ MATL   85 ]     72      - U - - -
    ML   281   280 3   283     3     1     1    44    64  -7.740  -0.024  -6.394                         -1.085 -1.154 -1.794  1.481 
     D   282   280 3   283     3     0     0    43    62  -6.502  -2.015  -0.432                         
    IL   283   283 3   283     3     1     1    46    66  -1.442  -0.798  -4.142                          0.000  0.000  0.000  0.000 
                                             [ MATL   86 ]     73      - A - - -
    ML   284   283 3   286     3     1     1    43    62  -7.740  -0.024  -6.394                          1.071 -1.257 -0.213 -0.695 
     D   285   283 3   286     3     0     0    42    61  -6.502  -2.015  -0.432                         
    IL   286   286 3   286     3     1     1    45    65  -1.442  -0.798  -4.142                          0.000  0.000  0.000  0.000 
                                             [ MATL   87 ]     74      - U - - -
    ML   287   286 3   289     5     1     1    42    61  -6.900  -0.045  -6.715  -6.927  -7.819         -0.591 -0.108 -1.325  1.007 
     D   288   286 3   289     5     0     0    41    60  -5.153  -0.997  -4.414  -2.789  -1.841         
    IL   289   289 3   289     5     1     1    42    62  -2.408  -0.496  -4.087  -5.920  -5.193          0.000  0.000  0.000  0.000 
                                             [ MATP   88 ]     75    100 G C - -
    MP   290   289 3   294     6     2     2    41    60  -9.020  -8.959  -0.022  -7.735  -8.015  -8.410 -4.308 -2.890 -4.378  0.480 -4.622 -4.517 -0.091 -4.582 -4.030  3.514 -4.401 -0.577 -0.490 -4.180 -2.107 -3.262 
    ML   291   289 3   294     6     1     1    40    59  -6.250  -6.596  -1.310  -1.005  -6.446  -3.975  0.368 -0.385 -0.191  0.094 
    MR   292   289 3   294     6     1     1    39    59  -6.988  -5.717  -1.625  -5.695  -0.829  -3.908  0.368 -0.385 -0.191  0.094 
     D   293   289 3   294     6     0     0    37    56  -9.302  -8.000  -3.797  -4.479  -4.497  -0.263 
    IL   294   294 5   294     6     1     1    41    60  -2.579  -2.842  -0.760  -4.497  -5.274  -4.934  0.000  0.000  0.000  0.000 
    IR   295   295 6   295     5     1     1    40    60  -2.408  -0.496  -5.920  -4.087  -5.193          0.000  0.000  0.000  0.000 
                                             [ MATP   89 ]     76     99 G C - -
    MP   296   295 6   300     6     2     2    39    58  -9.020  -8.959  -0.022  -7.735  -8.015  -8.410 -4.308 -2.890 -4.378  0.480 -4.622 -4.517 -0.091 -4.582 -4.030  3.514 -4.401 -0.577 -0.490 -4.180 -2.107 -3.262 
    ML   297   295 6   300     6     1     1    38    57  -6.250  -6.596  -1.310  -1.005  -6.446  -3.975  0.368 -0.385 -0.191  0.094 
    MR   298   295 6   300     6     1     1    37    57  -6.988  -5.717  -1.625  -5.695  -0.829  -3.908  0.368 -0.385 -0.191  0.094 
     D   299   295 6   300     6     0     0    35    54  -9.302  -8.000  -3.797  -4.479  -4.497  -0.263 
    IL   300   300 5   300     6     1     1    39    58  -2.579  -2.842  -0.760  -4.497  -5.274  -4.934  0.000  0.000  0.000  0.000 
    IR   301   301 6   301     5     1     1    38    58  -2.408  -0.496  -5.920  -4.087  -5.193          0.000  0.000  0.000  0.000 
                                             [ MATP   90 ]     77     98 A U - -
    MP   302   301 6   306     6     2     2    37    56  -9.020  -8.959  -0.022  -7.735  -8.015  -8.410 -3.449 -2.574 -3.488  3.049 -3.659 -4.697  0.621 -3.549 -3.398  1.452 -3.928 -0.112  0.201 -3.940 -1.323 -2.346 
    ML   303   301 6   306     6     1     1    36    55  -6.250  -6.596  -1.310  -1.005  -6.446  -3.975  0.368 -0.385 -0.191  0.094 
    MR   304   301 6   306     6     1     1    36    55  -6.988  -5.717  -1.625  -5.695  -0.829  -3.908  0.368 -0.385 -0.191  0.094 
     D   305   301 6   306     6     0     0    33    53  -9.302  -8.000  -3.797  -4.479  -4.497  -0.263 
    IL   306   306 5   306     6     1     1    37    56  -2.579  -2.842  -0.760  -4.497  -5.274  -4.934  0.000  0.000  0.000  0.000 
    IR   307   307 6   307     5     1     1    36    56  -2.408  -0.496  -5.920  -4.087  -5.193          0.000  0.000  0.000  0.000 
                                             [ MATP   91 ]     78     97 A U - -
    MP   308   307 6   312     6     2     2    35    54  -9.020  -8.959  -0.022  -7.735  -8.015  -8.410 -3.449 -2.574 -3.488  3.049 -3.659 -4.697  0.621 -3.549 -3.398  1.452 -3.928 -0.112  0.201 -3.940 -1.323 -2.346 
    ML   309   307 6   312     6     1     1    34    54  -6.250  -6.596  -1.310  -1.005  -6.446  -3.975  0.368 -0.385 -0.191  0.094 
    MR   310   307 6   312     6     1     1    34    53  -6.988  -5.717  -1.625  -5.695  -0.829  -3.908  0.368 -0.385 -0.191  0.094 
     D   311   307 6   312     6     0     0    32    52  -9.302  -8.000  -3.797  -4.479  -4.497  -0.263 
    IL   312   312 5   312     6     1     1    35    54  -2.579  -2.842  -0.760  -4.497  -5.274  -4.934  0.000  0.000  0.000  0.000 
    IR   313   313 6   313     5     1     1    34    54  -2.408  -0.496  -5.920  -4.087  -5.193          0.000  0.000  0.000  0.000 
                                             [ MATP   92 ]     79     96 c g - -
    MP   314   313 6   318     4     2     2    33    52  -6.705  -6.912  -0.063  -5.326                 -2.841 -2.866 -2.892  0.647 -0.710 -3.624  2.373 -2.809 -2.909  0.809 -3.397 -1.029  1.970 -3.081  0.300 -1.890 
    ML   315   313 6   318     4     1     1    33    53  -3.758  -3.940  -0.507  -2.670                  0.368 -0.385 -0.191  0.094 
    MR   316   313 6   318     4     1     1    33    52  -4.809  -3.838  -1.706  -0.766                  0.368 -0.385 -0.191  0.094 
     D   317   313 6   318     4     0     0    32    51  -4.806  -4.487  -2.503  -0.428                 
    IL   318   318 5   318     4     1     1    35    54  -1.686  -2.369  -1.117  -4.855                  0.000  0.000  0.000  0.000 
    IR   319   319 6   319     3     1     1    34    53  -1.442  -0.798  -4.142                          0.000  0.000  0.000  0.000 
                                             [ MATL   93 ]     80      - U - - -
    ML   320   319 6   322     3     1     1    30    50  -7.740  -0.024  -6.394                         -0.599 -0.138 -1.332  1.024 
     D   321   319 6   322     3     0     0    29    48  -6.502  -2.015  -0.432                         
    IL   322   322 3   322     3     1     1    33    52  -1.442  -0.798  -4.142                          0.000  0.000  0.000  0.000 
                                             [ MATL   94 ]     81      - U - - -
    ML   323   322 3   325     3     1     1    29    48  -7.740  -0.024  -6.394                         -1.085 -1.154 -1.794  1.481 
     D   324   322 3   325     3     0     0    28    47  -6.502  -2.015  -0.432                         
    IL   325   325 3   325     3     1     1    32    51  -1.442  -0.798  -4.142                          0.000  0.000  0.000  0.000 
                                             [ MATL   95 ]     82      - g - - -
    ML   326   325 3   328     3     1     1    28    47  -7.740  -0.024  -6.394                         -0.272 -0.892  0.477  0.311 
     D   327   325 3   328     3     0     0    27    46  -6.502  -2.015  -0.432                         
    IL   328   328 3   328     3     1     1    31    50  -1.442  -0.798  -4.142                          0.000  0.000  0.000  0.000 
                                             [ MATL   96 ]     83      - A - - -
    ML   329   328 3   331     3     1     1    27    46  -7.740  -0.024  -6.394                          1.602 -1.926 -1.603 -1.428 
     D   330   328 3   331     3     0     0    26    45  -6.502  -2.015  -0.432                         
    IL   331   331 3   331     3     1     1    29    49  -1.442  -0.798  -4.142                          0.000  0.000  0.000  0.000 
                                             [ MATL   97 ]     84      - U - - -
    ML   332   331 3   334     3     1     1    26    45  -7.740  -0.024  -6.394                         -1.085 -1.154 -1.794  1.481 
     D   333   331 3   334     3     0     0    25    44  -6.502  -2.015  -0.432                         
    IL   334   334 3   334     3     1     1    28    48  -1.442  -0.798  -4.142                          0.000  0.000  0.000  0.000 
                                             [ MATL   98 ]     85      - U - - -
    ML   335   334 3   337     3     1     1    25    44  -7.740  -0.024  -6.394                         -1.085 -1.154 -1.794  1.481 
     D   336   334 3   337     3     0     0    23    43  -6.502  -2.015  -0.432                         
    IL   337   337 3   337     3     1     1    27    47  -1.442  -0.798  -4.142                          0.000  0.000  0.000  0.000 
                                             [ MATL   99 ]     86      - U - - -
    ML   338   337 3   340     3     1     1    24    43  -7.740  -0.024  -6.394                         -1.085 -1.154 -1.794  1.481 
     D   339   337 3   340     3     0     0    22    41  -6.502  -2.015  -0.432                         
    IL   340   340 3   340     3     1     1    26    45  -1.442  -0.798  -4.142                          0.000  0.000  0.000  0.000 
                                             [ MATL  100 ]     87      - U - - -
    ML   341   340 3   343     3     1     1    23    41  -7.740  -0.024  -6.394                         -1.085 -1.154 -1.794  1.481 
     D   342   340 3   343     3     0     0    21    40  -6.502  -2.015  -0.432                         
    IL   343   343 3   343     3     1     1    25    44  -1.442  -0.798  -4.142                          0.000  0.000  0.000  0.000 
                                             [ MATL  101 ]     88      - a - - -
    ML   344   343 3   346     3     1     1    21    40  -7.740  -0.024  -6.394                          0.855 -0.865 -0.954  0.170 
     D   345   343 3   346     3     0     0    20    39  -6.502  -2.015  -0.432                         
    IL   346   346 3   346     3     1     1    24    43  -1.442  -0.798  -4.142                          0.000  0.000  0.000  0.000 
                                             [ MATL  102 ]     89      - A - - -
    ML   347   346 3   349     3     1     1    20    39  -7.740  -0.024  -6.394                          1.602 -1.926 -1.603 -1.428 
     D   348   346 3   349     3     0     0    19    38  -6.502  -2.015  -0.432                         
    IL   349   349 3   349     3     1     1    23    42  -1.442  -0.798  -4.142                          0.000  0.000  0.000  0.000 
                                             [ MATL  103 ]     90      - A - - -
    ML   350   349 3   352     3     1     1    19    38  -7.740  -0.024  -6.394                          1.602 -1.926 -1.603 -1.428 
     D   351   349 3   352     3     0     0    18    37  -6.502  -2.015  -0.432                         
    IL   352   352 3   352     3     1     1    22    41  -1.442  -0.798  -4.142                          0.000  0.000  0.000  0.000 
                                             [ MATL  104 ]     91      - A - - -
    ML   353   352 3   355     3     1     1    18    36  -7.740  -0.024  -6.394                          1.180 -1.157 -0.811 -0.484 
     D   354   352 3   355     3     0     0    17    35  -6.502  -2.015  -0.432                         
    IL   355   355 3   355     3     1     1    21    40  -1.442  -0.798  -4.142                          0.000  0.000  0.000  0.000 
                                             [ MATL  105 ]     92      - U - - -
    ML   356   355 3   358     3     1     1    16    35  -7.740  -0.024  -6.394                         -0.633 -0.258 -1.362  1.091 
     D   357   355 3   358     3     0     0    16    34  -6.502  -2.015  -0.432                         
    IL   358   358 3   358     3     1     1    20    38  -1.442  -0.798  -4.142                          0.000  0.000  0.000  0.000 
                                             [ MATL  106 ]     93      - C - - -
    ML   359   358 3   361     3     1     1    15    33  -7.740  -0.024  -6.394                         -1.215  1.445 -2.014 -0.738 
     D   360   358 3   361     3     0     0    14    33  -6.502  -2.015  -0.432                         
    IL   361   361 3   361     3     1     1    19    37  -1.442  -0.798  -4.142                          0.000  0.000  0.000  0.000 
                                             [ MATL  107 ]     94      - A - - -
    ML   362   361 3   364     3     1     1    13    32  -7.740  -0.024  -6.394                          1.602 -1.926 -1.603 -1.428 
     D   363   361 3   364     3     0     0    13    31  -6.502  -2.015  -0.432                         
    IL   364   364 3   364     3     1     1    18    36  -1.442  -0.798  -4.142                          0.000  0.000  0.000  0.000 
                                             [ MATL  108 ]     95      - A - - -
    ML   365   364 3   367     2     1     1     1     1       *   0.000                                  1.602 -1.926 -1.603 -1.428 
     D   366   364 3   367     2     0     0     0     0       *   0.000                                 
    IL   367   367 3   367     2     1     1    13    28  -1.823  -0.479                                  0.000  0.000  0.000  0.000 
                                             [ END   109 ]      -      - - - - -
     E   368   367 3    -1     0     0     0     0     0                                                 
//
HMMER3/f [3.1b3 | July 2016]
NAME  at_nt_cds_rcd_round5_0001
LENG  120
MAXL  235
ALPH  RNA
RF    no
MM    no
CONS  yes
CS    yes
MAP   yes
DATE  Mon Dec 23 23:00:01 2019
COM   [1] cmbuild /home/co78wid/projects/master/results/ta_systems/cds_rcd/2_structure_analysis/infernal_search/at_nt_cds_rcd_cmbuild.txt /home/co78wid/projects/master/results/ta_systems/cds_rcd/1_sequence_analysis/fold/at_nt_cds_rcd_round5.stk
NSEQ  16
EFFN  1.503906
CKSUM 42291912
STATS LOCAL MSV       -9.4738  0.71824
STATS LOCAL VITERBI  -11.1853  0.71824
STATS LOCAL FORWARD   -3.0412  0.71824
HMM          A        C        G        U   
            m->m     m->i     m->d     i->m     i->i     d->m     d->d
  COMPO   1.20037  1.63959  1.60119  1.19336
          1.38629  1.38629  1.38629  1.38629
          0.04912  3.73114  3.73114  1.46634  0.26236  0.00000        *
      1   0.25424  2.79246  2.56124  2.45321      1 A - - :
          1.38629  1.38629  1.38629  1.38629
          0.04912  3.73114  3.73114  1.46634  0.26236  1.09861  0.40547
      2   0.25424  2.79246  2.56124  2.45321      2 A - - :
          1.38629  1.38629  1.38629  1.38629
          0.04912  3.73114  3.73114  1.46634  0.26236  1.09861  0.40547
      3   2.22773  3.03072  0.26138  2.60427      3 G - - :
          1.38629  1.38629  1.38629  1.38629
          0.04912  3.73114  3.73114  1.46634  0.26236  1.09861  0.40547
      4   0.25424  2.79246  2.56124  2.45321      4 A - - :
          1.38629  1.38629  1.38629  1.38629
          0.04912  3.73114  3.73114  1.46634  0.26236  1.09861  0.40547
      5   0.25424  2.79246  2.56124  2.45321      5 A - - :
          1.38629  1.38629  1.38629  1.38629
          0.04912  3.73114  3.73114  1.46634  0.26236  1.09861  0.40547
      6   2.00296  2.32648  0.42870  2.15354      6 G - - <
          1.38629  1.38629  1.38629  1.38629
          0.04912  3.73114  3.73114  1.46634  0.26236  1.09861  0.40547
      7   0.57521  2.27861  1.48069  2.23023      7 A - - <
          1.38629  1.38629  1.38629  1.38629
          0.04912  3.73114  3.73114  1.46634  0.26236  1.09861  0.40547
      8   0.64944  2.33634  1.30018  2.22102      8 A - - <
          1.38629  1.38629  1.38629  1.38629
          0.04912  3.73114  3.73114  1.46634  0.26236  1.09861  0.40547
      9   2.76254  0.37748  2.47363  1.78975      9 C - - <
          1.38629  1.38629  1.38629  1.38629
          0.04912  3.73114  3.73114  1.46634  0.26236  1.09861  0.40547
     10   2.52399  1.58605  2.21387  0.50112     10 U - - <
          1.38629  1.38629  1.38629  1.38629
          0.04912  3.73114  3.73114  1.46634  0.26236  1.09861  0.40547
     11   0.25424  2.79246  2.56124  2.45321     11 A - - -
          1.38629  1.38629  1.38629  1.38629
          0.04912  3.73114  3.73114  1.46634  0.26236  1.09861  0.40547
     12   2.75516  0.37878  2.47075  1.78868     12 C - - <
          1.38629  1.38629  1.38629  1.38629
          0.04912  3.73114  3.73114  1.46634  0.26236  1.09861  0.40547
     13   0.57591  2.27718  1.48075  2.22780     13 A - - <
          1.38629  1.38629  1.38629  1.38629
          0.04912  3.73114  3.73114  1.46634  0.26236  1.09861  0.40547
     14   0.25424  2.79246  2.56124  2.45321     14 A - - -
          1.38629  1.38629  1.38629  1.38629
          0.04912  3.73114  3.73114  1.46634  0.26236  1.09861  0.40547
     15   2.51985  1.58614  2.21249  0.50189     15 U - - <
          1.38629  1.38629  1.38629  1.38629
          0.04912  3.73114  3.73114  1.46634  0.26236  1.09861  0.40547
     16   2.75965  0.37798  2.47251  1.78933     16 C - - <
          1.38629  1.38629  1.38629  1.38629
          0.04912  3.73114  3.73114  1.46634  0.26236  1.09861  0.40547
     17   2.52360  1.58606  2.21374  0.50119     17 U - - <
          1.38629  1.38629  1.38629  1.38629
          0.04912  3.73114  3.73114  1.46634  0.26236  1.09861  0.40547
     18   0.66800  2.32777  1.27312  2.20914     18 A - - <
          1.38629  1.38629  1.38629  1.38629
          0.04912  3.73114  3.73114  1.46634  0.26236  1.09861  0.40547
     19   2.20137  2.23766  2.69729  0.33512     19 U - - _
          1.38629  1.38629  1.38629  1.38629
          0.04912  3.73114  3.73114  1.46634  0.26236  1.09861  0.40547
     20   2.20137  2.23766  2.69729  0.33512     20 U - - _
          1.38629  1.38629  1.38629  1.38629
          0.04912  3.73114  3.73114  1.46634  0.26236  1.09861  0.40547
     21   1.81283  1.97868  2.11351  0.54862     21 U - - _
          1.38629  1.38629  1.38629  1.38629
          0.11743  3.73114  2.44376  1.46634  0.26236  1.09861  0.40547
     22   1.21750  1.76352  1.51794  1.16019     22 u - - _
          1.38629  1.38629  1.38629  1.38629
          0.05250  3.66621  3.66621  1.46634  0.26236  0.43954  1.03377
     23   1.28766  2.39026  0.70650  1.97248     23 g - - _
          1.38629  1.38629  1.38629  1.38629
          0.08299  3.73114  2.88825  1.46634  0.26236  1.09861  0.40547
     24   1.37935  0.96011  2.15516  1.38820     24 c - - _
          1.38629  1.38629  1.38629  1.38629
          0.05077  3.69892  3.69892  1.46634  0.26236  0.62108  0.77082
     25   1.03634  1.92949  1.55677  1.24060     25 a - - _
          1.38629  1.38629  1.38629  1.38629
          0.04912  3.73114  3.73114  1.46634  0.26236  1.09861  0.40547
     26   1.60841  1.92059  0.78562  1.62232     26 g - - _
          1.38629  1.38629  1.38629  1.38629
          0.04912  3.73114  3.73114  1.46634  0.26236  1.09861  0.40547
     27   2.43211  1.58714  2.13862  0.52793     27 U - - >
          1.38629  1.38629  1.38629  1.38629
          0.04912  3.73114  3.73114  1.46634  0.26236  1.09861  0.40547
     28   0.57134  2.38955  1.42242  2.27853     28 A - - >
          1.38629  1.38629  1.38629  1.38629
          0.04912  3.73114  3.73114  1.46634  0.26236  1.09861  0.40547
     29   2.06402  2.64030  0.32681  2.51951     29 G - - >
          1.38629  1.38629  1.38629  1.38629
          0.04912  3.73114  3.73114  1.46634  0.26236  1.09861  0.40547
     30   0.57101  2.39041  1.42235  2.27979     30 A - - >
          1.38629  1.38629  1.38629  1.38629
          0.04912  3.73114  3.73114  1.46634  0.26236  1.09861  0.40547
     31   1.93245  2.58982  0.43139  2.03589     31 G - - -
          1.38629  1.38629  1.38629  1.38629
          0.04912  3.73114  3.73114  1.46634  0.26236  1.09861  0.40547
     32   2.46325  1.72622  2.09487  0.48809     32 U - - >
          1.38629  1.38629  1.38629  1.38629
          0.04912  3.73114  3.73114  1.46634  0.26236  1.09861  0.40547
     33   2.06457  2.64090  0.32657  2.52034     33 G - - >
          1.38629  1.38629  1.38629  1.38629
          0.04912  3.73114  3.73114  1.46634  0.26236  1.09861  0.40547
     34   1.02060  2.27716  0.96285  1.86277     34 g - - -
          1.38629  1.38629  1.38629  1.38629
          0.04912  3.73114  3.73114  1.46634  0.26236  1.09861  0.40547
     35   0.57177  2.38846  1.42252  2.27693     35 A - - >
          1.38629  1.38629  1.38629  1.38629
          0.04912  3.73114  3.73114  1.46634  0.26236  1.09861  0.40547
     36   2.06179  2.63786  0.32782  2.51617     36 G - - >
          1.38629  1.38629  1.38629  1.38629
          0.04912  3.73114  3.73114  1.46634  0.26236  1.09861  0.40547
     37   2.44018  1.60282  2.14589  0.51993     37 U - - >
          1.38629  1.38629  1.38629  1.38629
          0.04912  3.73114  3.73114  1.46634  0.26236  1.09861  0.40547
     38   2.45638  1.72603  2.09295  0.48948     38 U - - >
          1.38629  1.38629  1.38629  1.38629
          0.04912  3.73114  3.73114  1.46634  0.26236  1.09861  0.40547
     39   2.45694  0.47702  2.14141  1.73622     39 C - - >
          1.38629  1.38629  1.38629  1.38629
          0.04912  3.73114  3.73114  1.46634  0.26236  1.09861  0.40547
     40   0.81423  2.03594  1.60394  1.49006     40 a - - -
          1.38629  1.38629  1.38629  1.38629
          0.04912  3.73114  3.73114  1.46634  0.26236  1.09861  0.40547
     41   1.58709  1.96168  2.26326  0.59630     41 U - - -
          1.38629  1.38629  1.38629  1.38629
          0.04912  3.73114  3.73114  1.46634  0.26236  1.09861  0.40547
     42   0.57072  2.01786  2.13924  1.69174     42 A - - -
          1.38629  1.38629  1.38629  1.38629
          0.04912  3.73114  3.73114  1.46634  0.26236  1.09861  0.40547
     43   0.25424  2.79246  2.56124  2.45321     43 A - - -
          1.38629  1.38629  1.38629  1.38629
          0.04912  3.73114  3.73114  1.46634  0.26236  1.09861  0.40547
     44   1.58709  1.96168  2.26326  0.59630     44 U - - -
          1.38629  1.38629  1.38629  1.38629
          0.07889  3.73114  2.95865  1.46634  0.26236  1.09861  0.40547
     45   1.51258  1.77059  2.17219  0.70219     45 u - - -
          1.38629  1.38629  1.38629  1.38629
          0.05057  3.70282  3.70282  1.46634  0.26236  1.42675  0.27455
     46   1.56071  1.93991  2.23224  0.61803     46 U - - -
          1.38629  1.38629  1.38629  1.38629
          0.05057  3.70282  3.70282  1.46634  0.26236  1.42675  0.27455
     47   0.82807  1.96640  1.85232  1.32322     47 a - - -
          1.38629  1.38629  1.38629  1.38629
          0.08179  3.70282  2.92103  1.46634  0.26236  1.42675  0.27455
     48   0.81031  1.94634  1.50897  1.65367     48 a - - -
          1.38629  1.38629  1.38629  1.38629
          0.05213  3.67316  3.67316  1.46634  0.26236  0.89541  0.52499
     49   0.66490  2.08892  1.88159  1.56301     49 A - - -
          1.38629  1.38629  1.38629  1.38629
          0.35121  1.30376  3.70282  1.85786  0.16961  0.65426  0.73361
     50   0.41344  2.45914  2.03449  2.10069     58 A - - -
          1.38629  1.38629  1.38629  1.38629
          0.08095  3.73114  2.92264  1.46634  0.26236  1.09861  0.40547
     51   0.87344  1.75284  1.84762  1.37994     59 a - - -
          1.38629  1.38629  1.38629  1.38629
          0.08795  2.82192  3.70086  0.69107  0.69523  1.44563  0.26866
     52   2.15157  2.19727  2.64405  0.35451     61 U - - -
          1.38629  1.38629  1.38629  1.38629
          0.05067  3.70086  3.70086  1.46634  0.26236  0.63714  0.75248
     53   2.20137  2.23766  2.69729  0.33512     62 U - - -
          1.38629  1.38629  1.38629  1.38629
          0.04912  3.73114  3.73114  1.46634  0.26236  1.09861  0.40547
     54   0.25424  2.79246  2.56124  2.45321     63 A - - -
          1.38629  1.38629  1.38629  1.38629
          0.04912  3.73114  3.73114  1.46634  0.26236  1.09861  0.40547
     55   1.84235  1.51870  2.35207  0.63982     64 U - - -
          1.38629  1.38629  1.38629  1.38629
          0.04912  3.73114  3.73114  1.46634  0.26236  1.09861  0.40547
     56   2.20137  2.23766  2.69729  0.33512     65 U - - -
          1.38629  1.38629  1.38629  1.38629
          0.04912  3.73114  3.73114  1.46634  0.26236  1.09861  0.40547
     57   2.20137  2.23766  2.69729  0.33512     66 U - - -
          1.38629  1.38629  1.38629  1.38629
          0.05085  3.69738  3.69738  1.46634  0.26236  1.09861  0.40547
     58   0.84185  2.22165  1.21157  1.81445     67 a - - -
          1.38629  1.38629  1.38629  1.38629
          0.05085  3.69738  3.69738  1.46634  0.26236  1.09861  0.40547
     59   0.64534  2.25985  1.52778  1.86994     68 A - - -
          1.38629  1.38629  1.38629  1.38629
          0.05085  3.69738  3.69738  1.46634  0.26236  1.09861  0.40547
     60   0.70678  2.04153  2.07533  1.38061     69 a - - -
          1.38629  1.38629  1.38629  1.38629
          0.05085  3.69738  3.69738  1.46634  0.26236  1.09861  0.40547
     61   1.79583  1.44489  2.30569  0.69605     70 u - - -
          1.38629  1.38629  1.38629  1.38629
          0.05085  3.69738  3.69738  1.46634  0.26236  1.09861  0.40547
     62   1.94562  1.85766  2.44411  0.48733     71 U - - -
          1.38629  1.38629  1.38629  1.38629
          0.05085  3.69738  3.69738  1.46634  0.26236  1.09861  0.40547
     63   2.14590  2.19268  2.63797  0.35680     72 U - - -
          1.38629  1.38629  1.38629  1.38629
          0.05085  3.69738  3.69738  1.46634  0.26236  1.09861  0.40547
     64   0.64209  2.26128  1.53370  1.87174     73 A - - -
          1.38629  1.38629  1.38629  1.38629
          0.05085  3.69738  3.69738  1.46634  0.26236  1.09861  0.40547
     65   1.79984  1.46135  2.30909  0.68637     74 U - - -
          1.38629  1.38629  1.38629  1.38629
          0.05085  3.69738  3.69738  1.46634  0.26236  1.09861  0.40547
     66   2.26405  2.69645  0.27724  2.64856     75 G - - <
          1.38629  1.38629  1.38629  1.38629
          0.05085  3.69738  3.69738  1.46634  0.26236  1.09861  0.40547
     67   2.26461  2.69694  0.27705  2.64930     76 G - - <
          1.38629  1.38629  1.38629  1.38629
          0.05085  3.69738  3.69738  1.46634  0.26236  1.09861  0.40547
     68   0.61676  2.21723  1.43854  2.17043     77 A - - <
          1.38629  1.38629  1.38629  1.38629
          0.05085  3.69738  3.69738  1.46634  0.26236  1.09861  0.40547
     69   0.61677  2.21722  1.43855  2.17042     78 A - - <
          1.38629  1.38629  1.38629  1.38629
          0.05085  3.69738  3.69738  1.46634  0.26236  1.09861  0.40547
     70   2.07331  0.98342  1.86570  1.06301     79 c - - <
          1.38629  1.38629  1.38629  1.38629
          0.05085  3.69738  3.69738  1.46634  0.26236  1.09861  0.40547
     71   1.80510  1.48199  2.31361  0.67442     80 U - - _
          1.38629  1.38629  1.38629  1.38629
          0.05085  3.69738  3.69738  1.46634  0.26236  1.09861  0.40547
     72   2.14590  2.19268  2.63797  0.35680     81 U - - _
          1.38629  1.38629  1.38629  1.38629
          0.05085  3.69738  3.69738  1.46634  0.26236  1.09861  0.40547
     73   1.57689  2.00713  1.05348  1.17026     82 g - - _
          1.38629  1.38629  1.38629  1.38629
          0.05085  3.69738  3.69738  1.46634  0.26236  1.09861  0.40547
     74   0.27304  2.73005  2.50505  2.38542     83 A - - _
          1.38629  1.38629  1.38629  1.38629
          0.05085  3.69738  3.69738  1.46634  0.26236  1.09861  0.40547
     75   2.14590  2.19268  2.63797  0.35680     84 U - - _
          1.38629  1.38629  1.38629  1.38629
          0.05085  3.69738  3.69738  1.46634  0.26236  1.09861  0.40547
     76   2.14590  2.19268  2.63797  0.35680     85 U - - _
          1.38629  1.38629  1.38629  1.38629
          0.05085  3.69738  3.69738  1.46634  0.26236  1.09861  0.40547
     77   2.14590  2.19268  2.63797  0.35680     86 U - - _
          1.38629  1.38629  1.38629  1.38629
          0.05085  3.69738  3.69738  1.46634  0.26236  1.09861  0.40547
     78   2.14590  2.19268  2.63797  0.35680     87 U - - _
          1.38629  1.38629  1.38629  1.38629
          0.05085  3.69738  3.69738  1.46634  0.26236  1.09861  0.40547
     79   0.79194  1.98787  2.04998  1.26829     88 a - - _
          1.38629  1.38629  1.38629  1.38629
          0.05085  3.69738  3.69738  1.46634  0.26236  1.09861  0.40547
     80   0.27304  2.73005  2.50505  2.38542     89 A - - _
          1.38629  1.38629  1.38629  1.38629
          0.05085  3.69738  3.69738  1.46634  0.26236  1.09861  0.40547
     81   0.27304  2.73005  2.50505  2.38542     90 A - - _
          1.38629  1.38629  1.38629  1.38629
          0.05085  3.69738  3.69738  1.46634  0.26236  1.09861  0.40547
     82   0.56616  2.19139  1.95063  1.72400     91 A - - _
          1.38629  1.38629  1.38629  1.38629
          0.05085  3.69738  3.69738  1.46634  0.26236  1.09861  0.40547
     83   1.82911  1.56555  2.33481  0.62803     92 U - - _
          1.38629  1.38629  1.38629  1.38629
          0.05085  3.69738  3.69738  1.46634  0.26236  1.09861  0.40547
     84   2.23827  0.38067  2.79316  1.90565     93 C - - _
          1.38629  1.38629  1.38629  1.38629
          0.05085  3.69738  3.69738  1.46634  0.26236  1.09861  0.40547
     85   0.27304  2.73005  2.50505  2.38542     94 A - - _
          1.38629  1.38629  1.38629  1.38629
          0.05085  3.69738  3.69738  1.46634  0.26236  1.09861  0.40547
     86   0.27304  2.73005  2.50505  2.38542     95 A - - _
          1.38629  1.38629  1.38629  1.38629
          0.05085  3.69738  3.69738  1.46634  0.26236  1.09861  0.40547
     87   1.20096  2.03308  0.88486  1.86181     96 g - - >
          1.38629  1.38629  1.38629  1.38629
          0.05085  3.69738  3.69738  1.46634  0.26236  1.09861  0.40547
     88   2.40089  1.67777  2.03398  0.52466     97 U - - >
          1.38629  1.38629  1.38629  1.38629
          0.05085  3.69738  3.69738  1.46634  0.26236  1.09861  0.40547
     89   2.39980  1.67775  2.03369  0.52489     98 U - - >
          1.38629  1.38629  1.38629  1.38629
          0.05085  3.69738  3.69738  1.46634  0.26236  1.09861  0.40547
     90   2.86148  0.32391  2.52216  1.97171     99 C - - >
          1.38629  1.38629  1.38629  1.38629
          0.05085  3.69738  3.69738  1.46634  0.26236  1.09861  0.40547
     91   2.85371  0.32515  2.51926  1.97018    100 C - - >
          1.38629  1.38629  1.38629  1.38629
          0.05085  3.69738  3.69738  1.46634  0.26236  1.09861  0.40547
     92   2.23827  0.38067  2.79316  1.90565    101 C - - :
          1.38629  1.38629  1.38629  1.38629
          0.05085  3.69738  3.69738  1.46634  0.26236  1.09861  0.40547
     93   0.27304  2.73005  2.50505  2.38542    102 A - - :
          1.38629  1.38629  1.38629  1.38629
          0.05085  3.69738  3.69738  1.46634  0.26236  1.09861  0.40547
     94   0.71920  2.23505  1.39978  1.83745    103 a - - :
          1.38629  1.38629  1.38629  1.38629
          0.05085  3.69738  3.69738  1.46634  0.26236  1.09861  0.40547
     95   2.23827  0.38067  2.79316  1.90565    104 C - - :
          1.38629  1.38629  1.38629  1.38629
          0.05085  3.69738  3.69738  1.46634  0.26236  1.09861  0.40547
     96   2.23827  0.38067  2.79316  1.90565    105 C - - :
          1.38629  1.38629  1.38629  1.38629
          0.05085  3.69738  3.69738  1.46634  0.26236  1.09861  0.40547
     97   0.27304  2.73005  2.50505  2.38542    106 A - - :
          1.38629  1.38629  1.38629  1.38629
          0.05085  3.69738  3.69738  1.46634  0.26236  1.09861  0.40547
     98   2.23827  0.38067  2.79316  1.90565    107 C - - :
          1.38629  1.38629  1.38629  1.38629
          0.05085  3.69738  3.69738  1.46634  0.26236  1.09861  0.40547
     99   2.14590  2.19268  2.63797  0.35680    108 U - - :
          1.38629  1.38629  1.38629  1.38629
          0.05085  3.69738  3.69738  1.46634  0.26236  1.09861  0.40547
    100   1.79886  0.88397  2.33509  1.12525    109 c - - :
          1.38629  1.38629  1.38629  1.38629
          0.05085  3.69738  3.69738  1.46634  0.26236  1.09861  0.40547
    101   2.14590  2.19268  2.63797  0.35680    110 U - - :
          1.38629  1.38629  1.38629  1.38629
          0.05085  3.69738  3.69738  1.46634  0.26236  1.09861  0.40547
    102   2.14590  2.19268  2.63797  0.35680    111 U - - :
          1.38629  1.38629  1.38629  1.38629
          0.05085  3.69738  3.69738  1.46634  0.26236  1.09861  0.40547
    103   0.27304  2.73005  2.50505  2.38542    112 A - - :
          1.38629  1.38629  1.38629  1.38629
          0.14464  3.69738  2.20841  1.46634  0.26236  1.09861  0.40547
    104   1.57788  1.91953  0.75930  1.72083    113 g - - :
          1.38629  1.38629  1.38629  1.38629
          0.05571  3.60845  3.60845  1.46634  0.26236  1.86136  0.16896
    105   1.83172  1.76606  2.32435  0.56035    114 U - - :
          1.38629  1.38629  1.38629  1.38629
          0.05571  3.60845  3.60845  1.46634  0.26236  1.86136  0.16896
    106   1.52403  1.63272  1.65122  0.92898    115 u - - :
          1.38629  1.38629  1.38629  1.38629
          0.12596  3.60845  2.39411  1.46634  0.26236  1.86136  0.16896
    107   1.45836  1.45337  1.18663  1.47686    116 g - - :
          1.38629  1.38629  1.38629  1.38629
          0.05965  3.54214  3.54214  1.46634  0.26236  2.17482  0.12062
    108   1.55055  0.97694  1.74184  1.44303    117 c - - :
          1.38629  1.38629  1.38629  1.38629
          0.05965  3.54214  3.54214  1.46634  0.26236  2.17482  0.12062
    109   1.22257  1.08783  2.03084  1.43820    118 c - - :
          1.38629  1.38629  1.38629  1.38629
          0.05965  3.54214  3.54214  1.46634  0.26236  2.17482  0.12062
    110   1.34016  1.73790  1.05962  1.53377    119 g - - :
          1.38629  1.38629  1.38629  1.38629
          0.05965  3.54214  3.54214  1.46634  0.26236  2.17482  0.12062
    111   1.92993  0.54409  2.46310  1.66442    120 C - - :
          1.38629  1.38629  1.38629  1.38629
          0.05965  3.54214  3.54214  1.46634  0.26236  2.17482  0.12062
    112   1.90404  2.00072  2.37589  0.47343    121 U - - :
          1.38629  1.38629  1.38629  1.38629
          0.05965  3.54214  3.54214  1.46634  0.26236  2.17482  0.12062
    113   1.90404  2.00072  2.37589  0.47343    122 U - - :
          1.38629  1.38629  1.38629  1.38629
          0.05965  3.54214  3.54214  1.46634  0.26236  2.17482  0.12062
    114   1.90404  2.00072  2.37589  0.47343    123 U - - :
          1.38629  1.38629  1.38629  1.38629
          0.05965  3.54214  3.54214  1.46634  0.26236  2.17482  0.12062
    115   1.86376  2.59399  0.42166  2.16954    124 G - - :
          1.38629  1.38629  1.38629  1.38629
          0.05965  3.54214  3.54214  1.46634  0.26236  2.17482  0.12062
    116   0.37778  2.45410  2.25544  2.08866    125 A - - :
          1.38629  1.38629  1.38629  1.38629
          0.05965  3.54214  3.54214  1.46634  0.26236  2.17482  0.12062
    117   1.86376  2.59399  0.42166  2.16954    126 G - - :
          1.38629  1.38629  1.38629  1.38629
          0.05965  3.54214  3.54214  1.46634  0.26236  2.17482  0.12062
    118   1.90404  2.00072  2.37589  0.47343    127 U - - :
          1.38629  1.38629  1.38629  1.38629
          0.05965  3.54214  3.54214  1.46634  0.26236  2.17482  0.12062
    119   1.86376  2.59399  0.42166  2.16954    128 G - - :
          1.38629  1.38629  1.38629  1.38629
          0.05965  3.54214  3.54214  1.46634  0.26236  2.17482  0.12062
    120   1.86376  2.59399  0.42166  2.16954    129 G - - :
          1.38629  1.38629  1.38629  1.38629
          0.38482  1.14123        *  1.77547  0.18561  0.00000        *
//
