INFERNAL1/a [1.1.2 | July 2016]
NAME     t_pro_cds_rcd_round5_0001
STATES   464
NODES    143
CLEN     150
W        184
ALPH     RNA
RF       no
CONS     yes
MAP      yes
DATE     Tue Dec 24 00:21:22 2019
COM      [1] cmbuild /home/co78wid/projects/master/results/ta_systems/cds_rcd/2_structure_analysis/infernal_search/t_pro_cds_rcd_cmbuild.txt /home/co78wid/projects/master/results/ta_systems/cds_rcd/1_sequence_analysis/fold/t_pro_cds_rcd_round5.stk
COM      [2] cmcalibrate --cpu 20 /home/co78wid/projects/master/results/ta_systems/cds_rcd/2_structure_analysis/infernal_search/t_pro_cds_rcd_cmbuild.txt
PBEGIN   0.05
PEND     0.05
WBETA    1e-07
QDBBETA1 1e-07
QDBBETA2 1e-15
N2OMEGA  1.52588e-05
N3OMEGA  1.52588e-05
ELSELF   -0.08926734
NSEQ     34
EFFN     2.602295
CKSUM    2434368950
NULL     0.000  0.000  0.000  0.000 
EFP7GF   -5.2682 0.71795
ECMLC    0.49784    -9.73325     2.03485     1600000      420312  0.002855
ECMGC    0.34427   -18.00219    -7.70833     1600000       13840  0.028902
ECMLI    0.46865    -6.90779     5.06708     1600000      328437  0.003654
ECMGI    0.36987   -10.39889    -0.79737     1600000       13943  0.028688
CM
                                             [ ROOT    0 ]      -      - - - - -
     S     0    -1 0     1     4     0     1   184   227  -7.200  -7.407  -0.045  -5.821                 
    IL     1     1 2     1     4    48    91   187   229  -1.686  -2.369  -1.117  -4.855                  0.000  0.000  0.000  0.000 
    IR     2     2 3     2     3    48    90   186   229  -1.442  -0.798  -4.142                          0.000  0.000  0.000  0.000 
                                             [ MATL    1 ]      1      - A - - -
    ML     3     2 3     5     3    48    90   184   227  -8.200  -0.017  -6.854                          1.719 -2.462 -1.818 -2.048 
     D     4     2 3     5     3    43    85   182   225  -6.174  -1.687  -0.566                         
    IL     5     5 3     5     3    47    89   185   228  -1.442  -0.798  -4.142                          0.000  0.000  0.000  0.000 
                                             [ MATL    2 ]      2      - U - - -
    ML     6     5 3     8     3    47    89   183   226  -8.200  -0.017  -6.854                         -1.932 -1.852 -2.685  1.725 
     D     7     5 3     8     3    42    84   181   224  -6.174  -1.687  -0.566                         
    IL     8     8 3     8     3    46    88   184   227  -1.442  -0.798  -4.142                          0.000  0.000  0.000  0.000 
                                             [ MATL    3 ]      3      - G - - -
    ML     9     8 3    11     3    46    88   182   225  -8.200  -0.017  -6.854                         -2.076 -3.366  1.815 -2.753 
     D    10     8 3    11     3    42    84   180   223  -6.174  -1.687  -0.566                         
    IL    11    11 3    11     3    45    88   183   226  -1.442  -0.798  -4.142                          0.000  0.000  0.000  0.000 
                                             [ MATL    4 ]      4      - G - - -
    ML    12    11 3    14     3    45    87   181   224  -8.200  -0.017  -6.854                         -0.393 -2.166  1.424 -1.593 
     D    13    11 3    14     3    41    83   179   222  -6.174  -1.687  -0.566                         
    IL    14    14 3    14     3    45    87   182   225  -1.442  -0.798  -4.142                          0.000  0.000  0.000  0.000 
                                             [ MATL    5 ]      5      - A - - -
    ML    15    14 3    17     3    44    86   180   223  -8.200  -0.017  -6.854                          1.524 -1.976 -0.947 -1.508 
     D    16    14 3    17     3    40    82   178   221  -6.174  -1.687  -0.566                         
    IL    17    17 3    17     3    44    86   181   224  -1.442  -0.798  -4.142                          0.000  0.000  0.000  0.000 
                                             [ MATL    6 ]      6      - U - - -
    ML    18    17 3    20     3    43    85   179   222  -8.200  -0.017  -6.854                         -1.163 -0.523 -1.913  1.374 
     D    19    17 3    20     3    40    81   177   220  -6.174  -1.687  -0.566                         
    IL    20    20 3    20     3    43    85   180   223  -1.442  -0.798  -4.142                          0.000  0.000  0.000  0.000 
                                             [ MATL    7 ]      7      - A - - -
    ML    21    20 3    23     3    42    84   178   221  -8.200  -0.017  -6.854                          1.610 -2.142 -1.274 -1.698 
     D    22    20 3    23     3    39    81   177   219  -6.174  -1.687  -0.566                         
    IL    23    23 3    23     3    42    84   179   222  -1.442  -0.798  -4.142                          0.000  0.000  0.000  0.000 
                                             [ MATL    8 ]      8      - A - - -
    ML    24    23 3    26     3    41    83   177   220  -8.576  -0.231  -2.784                          1.804 -2.850 -2.435 -2.441 
     D    25    23 3    26     3    39    80   176   219  -5.620  -0.734  -1.403                         
    IL    26    26 3    26     3    42    85   178   221  -1.925  -0.554  -4.164                          0.000  0.000  0.000  0.000 
                                             [ MATR    9 ]      -    168 - a - -
    MR    27    26 3    29     3    44    86   177   220  -8.364  -0.019  -6.682                          0.974 -1.043 -0.549 -0.206 
     D    28    26 3    29     3    37    77   173   216  -7.609  -2.787  -0.234                         
    IR    29    29 3    29     3    42    84   177   220  -1.925  -0.554  -4.164                          0.000  0.000  0.000  0.000 
                                             [ MATR   10 ]      -    167 - A - -
    MR    30    29 3    32     3    44    85   176   219  -8.364  -0.019  -6.682                          1.245 -0.938 -0.978 -0.737 
     D    31    29 3    32     3    37    77   173   215  -7.609  -2.787  -0.234                         
    IR    32    32 3    32     3    42    84   176   219  -1.925  -0.554  -4.164                          0.000  0.000  0.000  0.000 
                                             [ MATR   11 ]      -    166 - A - -
    MR    33    32 3    35     3    43    85   175   218  -8.364  -0.019  -6.682                          1.416 -1.152 -1.395 -0.998 
     D    34    32 3    35     3    36    77   172   215  -7.609  -1.910  -0.457                         
    IR    35    35 3    35     3    41    83   175   218  -1.925  -0.554  -4.164                          0.000  0.000  0.000  0.000 
                                             [ MATR   12 ]      -    165 - u - -
    MR    36    35 3    38     3    43    84   174   217  -8.412  -0.018  -6.729                          0.465 -0.428 -1.017  0.468 
     D    37    35 3    38     3    36    76   171   213  -7.423  -2.601  -0.270                         
    IR    38    38 3    38     3    41    82   174   217  -1.925  -0.554  -4.164                          0.000  0.000  0.000  0.000 
                                             [ MATR   13 ]      -    164 - a - -
    MR    39    38 3    41     3    42    84   173   216  -8.412  -0.018  -6.729                          0.751 -0.521 -1.022  0.173 
     D    40    38 3    41     3    35    75   170   212  -7.423  -2.601  -0.270                         
    IR    41    41 3    41     3    41    82   173   216  -1.925  -0.554  -4.164                          0.000  0.000  0.000  0.000 
                                             [ MATR   14 ]      -    163 - A - -
    MR    42    41 3    44     3    42    83   172   215  -8.412  -0.018  -6.729                          1.058 -1.085 -1.162 -0.000 
     D    43    41 3    44     3    35    75   169   211  -7.423  -2.601  -0.270                         
    IR    44    44 3    44     3    40    81   172   215  -1.925  -0.554  -4.164                          0.000  0.000  0.000  0.000 
                                             [ MATR   15 ]      -    162 - a - -
    MR    45    44 3    47     3    42    83   171   214  -8.412  -0.018  -6.729                          0.411 -0.562 -0.094  0.079 
     D    46    44 3    47     3    35    74   168   210  -7.423  -2.601  -0.270                         
    IR    47    47 3    47     3    40    81   171   214  -1.925  -0.554  -4.164                          0.000  0.000  0.000  0.000 
                                             [ MATR   16 ]      -    161 - a - -
    MR    48    47 3    50     3    41    82   170   213  -8.412  -0.018  -6.729                          0.816 -0.458 -0.416 -0.391 
     D    49    47 3    50     3    34    74   167   209  -7.423  -2.601  -0.270                         
    IR    50    50 3    50     3    40    80   170   213  -1.925  -0.554  -4.164                          0.000  0.000  0.000  0.000 
                                             [ MATR   17 ]      -    160 - a - -
    MR    51    50 3    53     3    41    82   169   212  -8.412  -0.018  -6.729                          0.905 -0.677 -1.060  0.033 
     D    52    50 3    53     3    34    74   166   208  -7.423  -2.601  -0.270                         
    IR    53    53 3    53     3    39    80   169   212  -1.925  -0.554  -4.164                          0.000  0.000  0.000  0.000 
                                             [ MATR   18 ]      -    159 - u - -
    MR    54    53 3    56     3    41    81   168   211  -8.412  -0.018  -6.729                          0.341 -0.625 -0.661  0.539 
     D    55    53 3    56     3    34    73   165   207  -7.423  -2.601  -0.270                         
    IR    56    56 3    56     3    39    79   168   211  -1.925  -0.554  -4.164                          0.000  0.000  0.000  0.000 
                                             [ MATR   19 ]      -    158 - A - -
    MR    57    56 3    59     3    40    80   167   210  -8.412  -0.018  -6.729                          1.314 -1.355 -1.102 -0.608 
     D    58    56 3    59     3    33    73   164   206  -7.423  -2.601  -0.270                         
    IR    59    59 3    59     3    39    79   167   210  -1.925  -0.554  -4.164                          0.000  0.000  0.000  0.000 
                                             [ MATR   20 ]      -    157 - a - -
    MR    60    59 3    62     3    40    80   166   209  -8.412  -0.018  -6.729                          0.553  0.376 -1.170 -0.338 
     D    61    59 3    62     3    33    72   163   205  -7.423  -2.601  -0.270                         
    IR    62    62 3    62     3    38    78   166   209  -1.925  -0.554  -4.164                          0.000  0.000  0.000  0.000 
                                             [ MATR   21 ]      -    156 - c - -
    MR    63    62 3    65     3    40    79   165   208  -8.412  -0.018  -6.729                         -0.301  0.510 -1.285  0.437 
     D    64    62 3    65     3    33    72   162   204  -7.423  -2.601  -0.270                         
    IR    65    65 3    65     3    38    78   165   208  -1.925  -0.554  -4.164                          0.000  0.000  0.000  0.000 
                                             [ MATR   22 ]      -    155 - U - -
    MR    66    65 3    68     3    39    79   164   207  -8.412  -0.018  -6.729                         -0.232 -0.956 -1.386  1.170 
     D    67    65 3    68     3    32    71   161   203  -7.423  -2.601  -0.270                         
    IR    68    68 3    68     3    38    77   164   207  -1.925  -0.554  -4.164                          0.000  0.000  0.000  0.000 
                                             [ MATR   23 ]      -    154 - U - -
    MR    69    68 3    71     3    39    78   163   206  -8.412  -0.018  -6.729                         -0.508 -0.815 -1.474  1.244 
     D    70    68 3    71     3    32    71   160   202  -7.423  -2.601  -0.270                         
    IR    71    71 3    71     3    37    77   163   206  -1.925  -0.554  -4.164                          0.000  0.000  0.000  0.000 
                                             [ MATR   24 ]      -    153 - a - -
    MR    72    71 3    74     3    39    77   162   205  -8.412  -0.018  -6.729                          0.869 -1.437  0.325 -0.858 
     D    73    71 3    74     3    32    70   159   201  -7.423  -2.601  -0.270                         
    IR    74    74 3    74     3    37    76   162   205  -1.925  -0.554  -4.164                          0.000  0.000  0.000  0.000 
                                             [ MATR   25 ]      -    152 - a - -
    MR    75    74 3    77     3    38    76   161   204  -8.412  -0.018  -6.729                          0.832 -0.959 -0.507  0.002 
     D    76    74 3    77     3    31    70   158   201  -7.423  -2.601  -0.270                         
    IR    77    77 3    77     3    37    76   161   204  -1.925  -0.554  -4.164                          0.000  0.000  0.000  0.000 
                                             [ MATR   26 ]      -    151 - A - -
    MR    78    77 3    80     3    38    76   160   203  -8.412  -0.018  -6.729                          1.477 -1.795 -0.934 -1.305 
     D    79    77 3    80     3    31    70   157   200  -7.423  -2.601  -0.270                         
    IR    80    80 3    80     3    36    75   160   203  -1.925  -0.554  -4.164                          0.000  0.000  0.000  0.000 
                                             [ MATR   27 ]      -    150 - c - -
    MR    81    80 3    83     3    37    75   159   202  -8.412  -0.018  -6.729                         -0.802  0.766 -1.604  0.482 
     D    82    80 3    83     3    31    69   156   199  -7.423  -2.601  -0.270                         
    IR    83    83 3    83     3    36    74   159   202  -1.925  -0.554  -4.164                          0.000  0.000  0.000  0.000 
                                             [ MATR   28 ]      -    149 - U - -
    MR    84    83 3    86     3    37    74   158   201  -8.412  -0.018  -6.729                         -0.581 -1.061 -1.584  1.333 
     D    85    83 3    86     3    31    69   155   198  -7.423  -2.601  -0.270                         
    IR    86    86 3    86     3    35    74   158   201  -1.925  -0.554  -4.164                          0.000  0.000  0.000  0.000 
                                             [ MATR   29 ]      -    148 - a - -
    MR    87    86 3    89     3    36    73   157   200  -4.077  -0.103  -6.729                          0.964 -1.020 -1.124  0.134 
     D    88    86 3    89     3    30    68   154   197  -7.423  -1.346  -0.735                         
    IR    89    89 3    89     3    35    73   159   202  -0.816  -1.300  -5.267                          0.000  0.000  0.000  0.000 
                                             [ MATR   30 ]      -    141 - a - -
    MR    90    89 3    92     3    35    72   155   198  -8.487  -0.017  -6.805                          0.858 -0.838 -0.811  0.082 
     D    91    89 3    92     3    29    67   153   196  -7.049  -2.227  -0.361                         
    IR    92    92 3    92     3    34    72   156   199  -1.925  -0.554  -4.164                          0.000  0.000  0.000  0.000 
                                             [ MATR   31 ]      -    140 - A - -
    MR    93    92 3    95     3    35    71   154   197  -8.487  -0.017  -6.805                          1.332 -1.288 -0.833 -0.966 
     D    94    92 3    95     3    29    67   152   195  -7.049  -2.227  -0.361                         
    IR    95    95 3    95     3    34    71   155   198  -1.925  -0.554  -4.164                          0.000  0.000  0.000  0.000 
                                             [ MATR   32 ]      -    139 - A - -
    MR    96    95 3    98     3    34    70   153   196  -8.487  -0.017  -6.805                          1.258 -1.619 -0.301 -1.088 
     D    97    95 3    98     3    29    66   151   194  -7.049  -1.219  -0.829                         
    IR    98    98 3    98     3    33    70   154   197  -1.925  -0.554  -4.164                          0.000  0.000  0.000  0.000 
                                             [ MATR   33 ]      -    138 - u - -
    MR    99    98 3   101     3    33    70   152   195  -8.540  -0.016  -6.858                          0.416 -0.863 -0.511  0.500 
     D   100    98 3   101     3    28    65   150   193  -6.698  -1.876  -0.478                         
    IR   101   101 3   101     3    32    69   153   196  -1.925  -0.554  -4.164                          0.000  0.000  0.000  0.000 
                                             [ MATR   34 ]      -    137 - U - -
    MR   102   101 3   104     3    32    69   151   194  -8.540  -0.016  -6.858                         -1.859 -1.791 -2.609  1.710 
     D   103   101 3   104     3    27    64   149   192  -6.698  -1.876  -0.478                         
    IR   104   104 3   104     3    31    68   152   195  -1.925  -0.554  -4.164                          0.000  0.000  0.000  0.000 
                                             [ MATR   35 ]      -    136 - u - -
    MR   105   104 3   107     3    32    68   150   193  -8.540  -0.016  -6.858                         -0.311  0.004 -0.953  0.744 
     D   106   104 3   107     3    27    64   149   191  -6.698  -1.106  -0.928                         
    IR   107   107 3   107     3    31    67   151   194  -1.925  -0.554  -4.164                          0.000  0.000  0.000  0.000 
                                             [ MATR   36 ]      -    135 - a - -
    MR   108   107 3   110     3    31    67   149   192  -8.576  -0.016  -6.894                          0.596 -0.906 -0.619  0.383 
     D   109   107 3   110     3    26    62   147   190  -6.390  -1.568  -0.620                         
    IR   110   110 3   110     3    30    66   150   193  -1.925  -0.554  -4.164                          0.000  0.000  0.000  0.000 
                                             [ MATR   37 ]      -    134 - A - -
    MR   111   110 3   113     3    30    66   149   191  -8.576  -0.016  -6.894                          1.804 -2.850 -2.435 -2.441 
     D   112   110 3   113     3    25    62   146   189  -6.390  -1.568  -0.620                         
    IR   113   113 3   113     3    29    66   149   192  -1.925  -0.554  -4.164                          0.000  0.000  0.000  0.000 
                                             [ MATR   38 ]      -    133 - G - -
    MR   114   113 3   116     3    29    65   148   190  -8.576  -0.016  -6.894                         -0.693 -1.426  1.370 -1.235 
     D   115   113 3   116     3    24    61   145   188  -6.390  -1.568  -0.620                         
    IR   116   116 3   116     3    28    65   148   191  -1.925  -0.554  -4.164                          0.000  0.000  0.000  0.000 
                                             [ MATR   39 ]      -    132 - U - -
    MR   117   116 3   119     3    29    64   147   189  -8.576  -0.016  -6.894                         -0.367 -0.965 -0.624  1.045 
     D   118   116 3   119     3    24    60   144   187  -6.390  -1.568  -0.620                         
    IR   119   119 3   119     3    28    64   147   190  -1.925  -0.554  -4.164                          0.000  0.000  0.000  0.000 
                                             [ MATR   40 ]      -    131 - U - -
    MR   120   119 3   122     3    28    63   146   188  -8.576  -0.016  -6.894                         -0.642 -1.042 -0.398  1.080 
     D   121   119 3   122     3    23    59   143   186  -6.390  -1.568  -0.620                         
    IR   122   122 3   122     3    27    63   146   189  -1.925  -0.554  -4.164                          0.000  0.000  0.000  0.000 
                                             [ MATR   41 ]      -    130 - u - -
    MR   123   122 3   125     3    27    62   145   187  -8.576  -0.016  -6.894                         -0.073 -0.548 -0.541  0.747 
     D   124   122 3   125     3    22    58   142   185  -6.390  -1.568  -0.620                         
    IR   125   125 3   125     3    26    62   145   188  -1.925  -0.554  -4.164                          0.000  0.000  0.000  0.000 
                                             [ MATR   42 ]      -    129 - a - -
    MR   126   125 3   128     3    26    61   144   186  -8.576  -0.016  -6.894                          0.302 -0.411 -0.125  0.135 
     D   127   125 3   128     3    22    58   141   184  -6.390  -1.568  -0.620                         
    IR   128   128 3   128     3    26    61   144   187  -1.925  -0.554  -4.164                          0.000  0.000  0.000  0.000 
                                             [ MATR   43 ]      -    128 - a - -
    MR   129   128 3   131     3    25    60   143   185  -4.427  -0.081  -6.894                          0.776 -1.613  0.558 -1.035 
     D   130   128 3   131     3    21    57   140   183  -6.390  -1.568  -0.620                         
    IR   131   131 3   131     3    25    61   143   186  -1.329  -0.824  -4.750                          0.000  0.000  0.000  0.000 
                                             [ MATR   44 ]      -    124 - g - -
    MR   132   131 3   134     3    24    59   141   184  -8.576  -0.016  -6.894                          0.098 -0.516  0.614 -0.515 
     D   133   131 3   134     3    21    56   139   182  -6.390  -1.568  -0.620                         
    IR   134   134 3   134     3    24    59   142   185  -1.925  -0.554  -4.164                          0.000  0.000  0.000  0.000 
                                             [ MATR   45 ]      -    123 - u - -
    MR   135   134 3   137     3    24    58   140   183  -8.576  -0.016  -6.894                          0.145 -0.880 -0.248  0.593 
     D   136   134 3   137     3    20    55   138   181  -6.390  -1.568  -0.620                         
    IR   137   137 3   137     3    23    58   141   184  -1.925  -0.554  -4.164                          0.000  0.000  0.000  0.000 
                                             [ MATR   46 ]      -    122 - u - -
    MR   138   137 3   140     3    23    58   139   182  -8.576  -0.016  -6.894                         -0.396 -0.685  0.131  0.607 
     D   139   137 3   140     3    19    55   137   180  -6.390  -1.568  -0.620                         
    IR   140   140 3   140     3    22    58   140   183  -1.925  -0.554  -4.164                          0.000  0.000  0.000  0.000 
                                             [ MATR   47 ]      -    121 - U - -
    MR   141   140 3   143     3    22    57   138   181  -8.576  -0.016  -6.894                         -0.237 -0.672 -1.390  1.099 
     D   142   140 3   143     3    19    54   136   179  -6.390  -1.568  -0.620                         
    IR   143   143 3   143     3    22    57   139   182  -1.925  -0.554  -4.164                          0.000  0.000  0.000  0.000 
                                             [ MATR   48 ]      -    120 - c - -
    MR   144   143 3   146     3    21    56   137   180  -8.576  -0.016  -6.894                         -0.131  0.576 -1.326  0.259 
     D   145   143 3   146     3    18    53   136   178  -6.390  -1.568  -0.620                         
    IR   146   146 3   146     3    21    56   138   181  -1.925  -0.554  -4.164                          0.000  0.000  0.000  0.000 
                                             [ MATR   49 ]      -    119 - a - -
    MR   147   146 3   149     3    20    55   136   179  -8.576  -0.016  -6.894                          0.993 -0.976 -0.188 -0.683 
     D   148   146 3   149     3    18    53   135   178  -6.390  -1.568  -0.620                         
    IR   149   149 3   149     3    20    55   137   180  -1.925  -0.554  -4.164                          0.000  0.000  0.000  0.000 
                                             [ MATR   50 ]      -    118 - G - -
    MR   150   149 3   152     2    19    54   135   178  -8.635  -0.004                                  0.068 -1.885  1.187 -1.308 
     D   151   149 3   152     2    18    53   135   177  -4.432  -0.068                                 
    IR   152   152 3   152     2    19    54   136   179  -1.823  -0.479                                  0.000  0.000  0.000  0.000 
                                             [ BIF    51 ]      -      - - - - -
     B   153   152 3   214   154    18    53   134   177                                                 
                                             [ BEGR  126 ]      -      - - - - -
     S   154   153 1   155     3     0     0    54    96  -8.200  -0.017  -6.854                         
    IL   155   155 2   155     3     1     1    55    98  -1.442  -0.798  -4.142                          0.000  0.000  0.000  0.000 
                                             [ MATL  127 ]     91      - C - - -
    ML   156   155 2   158     3     1     1    54    96  -8.200  -0.017  -6.854                         -2.320  1.749 -3.151 -1.619 
     D   157   155 2   158     3     0     0    52    94  -6.174  -1.687  -0.566                         
    IL   158   158 3   158     3     1     1    54    97  -1.442  -0.798  -4.142                          0.000  0.000  0.000  0.000 
                                             [ MATL  128 ]     92      - C - - -
    ML   159   158 3   161     5     1     1    53    95  -7.301  -0.034  -7.117  -7.329  -8.220         -2.320  1.749 -3.151 -1.619 
     D   160   158 3   161     5     0     0    51    94  -4.959  -0.803  -4.221  -2.596  -2.508         
    IL   161   161 3   161     5     1     1    53    96  -2.408  -0.496  -4.087  -5.920  -5.193          0.000  0.000  0.000  0.000 
                                             [ MATP  129 ]     93    117 A U - -
    MP   162   161 3   166     6     2     2    52    94  -9.209  -9.148  -0.020  -7.925  -8.205  -8.600 -4.062 -2.023 -4.056  3.512 -4.788 -5.610 -0.563 -4.180 -4.013  0.799 -4.583 -0.557 -0.826 -4.684 -2.447 -2.940 
    ML   163   161 3   166     6     1     1    50    93  -6.250  -6.596  -1.310  -1.005  -6.446  -3.975  0.368 -0.385 -0.191  0.094 
    MR   164   161 3   166     6     1     1    50    92  -6.988  -5.717  -1.625  -5.695  -0.829  -3.908  0.368 -0.385 -0.191  0.094 
     D   165   161 3   166     6     0     0    46    89  -9.049  -7.747  -3.544  -4.226  -4.244  -0.319 
    IL   166   166 5   166     6     1     1    51    94  -2.579  -2.842  -0.760  -4.497  -5.274  -4.934  0.000  0.000  0.000  0.000 
    IR   167   167 6   167     5     1     1    51    94  -2.408  -0.496  -5.920  -4.087  -5.193          0.000  0.000  0.000  0.000 
                                             [ MATP  130 ]     94    116 C G - -
    MP   168   167 6   172     6     2     2    50    92  -9.209  -9.148  -0.020  -7.925  -8.205  -8.600 -4.787 -4.805 -4.559 -1.072 -1.219 -5.018  3.639 -4.195 -4.627 -0.916 -4.898 -2.856  0.159 -4.905 -1.129 -3.498 
    ML   169   167 6   172     6     1     1    48    91  -6.250  -6.596  -1.310  -1.005  -6.446  -3.975  0.368 -0.385 -0.191  0.094 
    MR   170   167 6   172     6     1     1    48    90  -6.988  -5.717  -1.625  -5.695  -0.829  -3.908  0.368 -0.385 -0.191  0.094 
     D   171   167 6   172     6     0     0    45    88  -9.049  -7.747  -3.544  -4.226  -4.244  -0.319 
    IL   172   172 5   172     6     1     1    49    92  -2.579  -2.842  -0.760  -4.497  -5.274  -4.934  0.000  0.000  0.000  0.000 
    IR   173   173 6   173     5     1     1    49    92  -2.408  -0.496  -5.920  -4.087  -5.193          0.000  0.000  0.000  0.000 
                                             [ MATP  131 ]     95    115 U A - -
    MP   174   173 6   178     6     2     2    48    90  -9.209  -9.148  -0.020  -7.925  -8.205  -8.600 -4.203 -4.111 -4.207 -0.518 -3.457 -4.921  0.796 -4.054 -4.207 -0.308 -4.677 -2.125  3.488 -4.425 -1.166 -1.414 
    ML   175   173 6   178     6     1     1    46    89  -6.250  -6.596  -1.310  -1.005  -6.446  -3.975  0.368 -0.385 -0.191  0.094 
    MR   176   173 6   178     6     1     1    46    89  -6.988  -5.717  -1.625  -5.695  -0.829  -3.908  0.368 -0.385 -0.191  0.094 
     D   177   173 6   178     6     0     0    44    86  -9.049  -7.747  -3.544  -4.226  -4.244  -0.319 
    IL   178   178 5   178     6     1     1    47    90  -2.579  -2.842  -0.760  -4.497  -5.274  -4.934  0.000  0.000  0.000  0.000 
    IR   179   179 6   179     5     1     1    47    90  -2.408  -0.496  -5.920  -4.087  -5.193          0.000  0.000  0.000  0.000 
                                             [ MATP  132 ]     96    114 C G - -
    MP   180   179 6   184     4     2     2    46    88  -7.200  -7.407  -0.045  -5.821                 -4.951 -4.956 -4.807 -1.444 -3.837 -2.148  3.750 -4.660 -4.921 -1.225 -5.173 -3.129 -0.434 -5.128 -1.733 -3.868 
    ML   181   179 6   184     4     1     1    45    88  -3.758  -3.940  -0.507  -2.670                  0.368 -0.385 -0.191  0.094 
    MR   182   179 6   184     4     1     1    44    87  -4.809  -3.838  -1.706  -0.766                  0.368 -0.385 -0.191  0.094 
     D   183   179 6   184     4     0     0    43    86  -4.568  -4.250  -2.265  -0.520                 
    IL   184   184 5   184     4     1     1    46    89  -1.686  -2.369  -1.117  -4.855                  0.000  0.000  0.000  0.000 
    IR   185   185 6   185     3     1     1    45    88  -1.442  -0.798  -4.142                          0.000  0.000  0.000  0.000 
                                             [ MATL  133 ]     97      - u - - -
    ML   186   185 6   188     3     1     1    44    86  -8.200  -0.017  -6.854                          0.258 -0.708 -1.184  0.809 
     D   187   185 6   188     3     0     0    42    84  -6.174  -1.687  -0.566                         
    IL   188   188 3   188     3     1     1    44    87  -1.442  -0.798  -4.142                          0.000  0.000  0.000  0.000 
                                             [ MATL  134 ]     98      - a - - -
    ML   189   188 3   191     3     1     1    43    85  -8.200  -0.017  -6.854                          0.658 -0.448 -0.084 -0.424 
     D   190   188 3   191     3     0     0    40    83  -6.174  -1.687  -0.566                         
    IL   191   191 3   191     3     1     1    43    86  -1.442  -0.798  -4.142                          0.000  0.000  0.000  0.000 
                                             [ MATL  135 ]     99      - g - - -
    ML   192   191 3   194     3     1     1    42    84  -8.200  -0.017  -6.854                          0.230 -0.285  0.235 -0.270 
     D   193   191 3   194     3     0     0    39    82  -6.174  -1.687  -0.566                         
    IL   194   194 3   194     3     1     1    42    85  -1.442  -0.798  -4.142                          0.000  0.000  0.000  0.000 
                                             [ MATL  136 ]    100      - c - - -
    ML   195   194 3   197     3     1     1    41    83  -8.200  -0.017  -6.854                         -0.398  0.293 -0.272  0.249 
     D   196   194 3   197     3     0     0    38    81  -6.174  -1.687  -0.566                         
    IL   197   197 3   197     3     1     1    41    84  -1.442  -0.798  -4.142                          0.000  0.000  0.000  0.000 
                                             [ MATL  137 ]    101      - a - - -
    ML   198   197 3   200     3     1     1    40    82  -5.181  -0.220  -3.133                          0.421  0.292 -0.672 -0.305 
     D   199   197 3   200     3     0     0    37    80  -6.174  -1.687  -0.566                         
    IL   200   200 3   200     3     1     1    40    83  -1.534  -0.733  -4.234                          0.000  0.000  0.000  0.000 
                                             [ MATL  138 ]    103      - u - - -
    ML   201   200 3   203     3     1     1    39    82  -8.039  -0.045  -5.226                         -0.053 -0.254  0.110  0.160 
     D   202   200 3   203     3     0     0    34    77  -7.277  -2.790  -0.236                         
    IL   203   203 3   203     3     1     1    40    82  -1.442  -0.798  -4.142                          0.000  0.000  0.000  0.000 
                                             [ MATL  139 ]    104      - a - - -
    ML   204   203 3   206     3     1     1    38    81  -1.884  -0.476  -6.669                          0.432 -0.930  0.122  0.053 
     D   205   203 3   206     3     0     0    28    71  -7.384  -2.897  -0.218                         
    IL   206   206 3   206     3     1     1    40    83  -0.621  -1.581  -6.006                          0.000  0.000  0.000  0.000 
                                             [ MATL  140 ]    110      - A - - -
    ML   207   206 3   209     3     1     1    16    35  -4.995  -0.061  -6.669                          1.409 -1.323 -1.141 -1.026 
     D   208   206 3   209     3     0     0    13    32  -7.384  -0.666  -1.459                         
    IL   209   209 3   209     3     1     1    18    37  -1.383  -0.820  -4.321                          0.000  0.000  0.000  0.000 
                                             [ MATL  141 ]    113      - A - - -
    ML   210   209 3   212     2     1     1     1     1       *   0.000                                  1.409 -1.805 -0.613 -1.307 
     D   211   209 3   212     2     0     0     0     0       *   0.000                                 
    IL   212   212 3   212     2     1     1    13    28  -1.823  -0.479                                  0.000  0.000  0.000  0.000 
                                             [ END   142 ]      -      - - - - -
     E   213   212 3    -1     0     0     0     0     0                                                 
                                             [ BEGL   52 ]      -      - - - - -
     S   214   153 1   215     4     6    36    97   116  -0.041  -6.966  -6.374  -7.014                 
                                             [ MATP   53 ]      9     90 c g - -
    MP   215   214 1   219     6     9    39    97   116  -9.209  -9.148  -0.020  -7.925  -8.205  -8.600 -2.617 -2.691 -1.246  0.676 -2.286 -3.532  2.252 -2.795 -2.760  0.776 -3.289 -0.969  1.792 -2.898  1.077 -1.805 
    ML   216   214 1   219     6     4    32    95   114  -6.250  -6.596  -1.310  -1.005  -6.446  -3.975  0.368 -0.385 -0.191  0.094 
    MR   217   214 1   219     6     4    32    95   114  -6.988  -5.717  -1.625  -5.695  -0.829  -3.908  0.368 -0.385 -0.191  0.094 
     D   218   214 1   219     6     1    27    93   112  -9.049  -7.747  -3.544  -4.226  -4.244  -0.319 
    IL   219   219 5   219     6     5    33    96   116  -2.579  -2.842  -0.760  -4.497  -5.274  -4.934  0.000  0.000  0.000  0.000 
    IR   220   220 6   220     5     5    34    96   115  -2.408  -0.496  -5.920  -4.087  -5.193          0.000  0.000  0.000  0.000 
                                             [ MATP   54 ]     10     89 U A - -
    MP   221   220 6   225     6     8    38    95   114  -9.209  -9.148  -0.020  -7.925  -8.205  -8.600 -4.774 -4.609 -4.545 -0.867 -3.371 -5.054  0.966 -4.104 -4.545 -0.687 -4.889 -2.490  3.548 -4.899 -1.033 -3.302 
    ML   222   220 6   225     6     4    31    93   112  -6.250  -6.596  -1.310  -1.005  -6.446  -3.975  0.368 -0.385 -0.191  0.094 
    MR   223   220 6   225     6     4    31    93   112  -6.988  -5.717  -1.625  -5.695  -0.829  -3.908  0.368 -0.385 -0.191  0.094 
     D   224   220 6   225     6     1    26    91   110  -9.049  -7.747  -3.544  -4.226  -4.244  -0.319 
    IL   225   225 5   225     6     5    33    94   114  -2.579  -2.842  -0.760  -4.497  -5.274  -4.934  0.000  0.000  0.000  0.000 
    IR   226   226 6   226     5     5    33    94   113  -2.408  -0.496  -5.920  -4.087  -5.193          0.000  0.000  0.000  0.000 
                                             [ MATP   55 ]     11     88 U A - -
    MP   227   226 6   231     6     8    37    93   112  -9.209  -9.148  -0.020  -7.925  -8.205  -8.600 -4.774 -4.609 -4.545 -0.867 -3.371 -5.054  0.966 -4.104 -4.545 -0.687 -4.889 -2.490  3.548 -4.899 -1.033 -3.302 
    ML   228   226 6   231     6     4    31    91   110  -6.250  -6.596  -1.310  -1.005  -6.446  -3.975  0.368 -0.385 -0.191  0.094 
    MR   229   226 6   231     6     4    31    91   110  -6.988  -5.717  -1.625  -5.695  -0.829  -3.908  0.368 -0.385 -0.191  0.094 
     D   230   226 6   231     6     1    26    89   108  -9.049  -7.747  -3.544  -4.226  -4.244  -0.319 
    IL   231   231 5   231     6     4    33    92   112  -2.579  -2.842  -0.760  -4.497  -5.274  -4.934  0.000  0.000  0.000  0.000 
    IR   232   232 6   232     5     5    33    92   111  -2.408  -0.496  -5.920  -4.087  -5.193          0.000  0.000  0.000  0.000 
                                             [ MATP   56 ]     12     87 U A - -
    MP   233   232 6   237     6     8    36    91   110  -9.209  -9.148  -0.020  -7.925  -8.205  -8.600 -4.774 -4.609 -4.545 -0.867 -3.371 -5.054  0.966 -4.104 -4.545 -0.687 -4.889 -2.490  3.548 -4.899 -1.033 -3.302 
    ML   234   232 6   237     6     4    30    89   108  -6.250  -6.596  -1.310  -1.005  -6.446  -3.975  0.368 -0.385 -0.191  0.094 
    MR   235   232 6   237     6     4    30    89   108  -6.988  -5.717  -1.625  -5.695  -0.829  -3.908  0.368 -0.385 -0.191  0.094 
     D   236   232 6   237     6     1    25    87   106  -9.049  -7.747  -3.544  -4.226  -4.244  -0.319 
    IL   237   237 5   237     6     4    32    90   110  -2.579  -2.842  -0.760  -4.497  -5.274  -4.934  0.000  0.000  0.000  0.000 
    IR   238   238 6   238     5     4    32    90   109  -2.408  -0.496  -5.920  -4.087  -5.193          0.000  0.000  0.000  0.000 
                                             [ MATP   57 ]     13     86 U A - -
    MP   239   238 6   243     6     8    35    89   108  -9.209  -9.148  -0.020  -7.925  -8.205  -8.600 -4.774 -4.609 -4.545 -0.867 -3.371 -5.054  0.966 -4.104 -4.545 -0.687 -4.889 -2.490  3.548 -4.899 -1.033 -3.302 
    ML   240   238 6   243     6     3    30    87   106  -6.250  -6.596  -1.310  -1.005  -6.446  -3.975  0.368 -0.385 -0.191  0.094 
    MR   241   238 6   243     6     3    29    87   106  -6.988  -5.717  -1.625  -5.695  -0.829  -3.908  0.368 -0.385 -0.191  0.094 
     D   242   238 6   243     6     1    25    85   104  -9.049  -7.747  -3.544  -4.226  -4.244  -0.319 
    IL   243   243 5   243     6     4    31    88   108  -2.579  -2.842  -0.760  -4.497  -5.274  -4.934  0.000  0.000  0.000  0.000 
    IR   244   244 6   244     5     4    32    88   107  -2.408  -0.496  -5.920  -4.087  -5.193          0.000  0.000  0.000  0.000 
                                             [ MATP   58 ]     14     85 U A - -
    MP   245   244 6   249     6     7    33    87   106  -9.209  -9.148  -0.020  -7.925  -8.205  -8.600 -4.774 -4.609 -4.545 -0.867 -3.371 -5.054  0.966 -4.104 -4.545 -0.687 -4.889 -2.490  3.548 -4.899 -1.033 -3.302 
    ML   246   244 6   249     6     3    29    85   105  -6.250  -6.596  -1.310  -1.005  -6.446  -3.975  0.368 -0.385 -0.191  0.094 
    MR   247   244 6   249     6     3    28    85   104  -6.988  -5.717  -1.625  -5.695  -0.829  -3.908  0.368 -0.385 -0.191  0.094 
     D   248   244 6   249     6     1    25    83   102  -9.049  -7.747  -3.544  -4.226  -4.244  -0.319 
    IL   249   249 5   249     6     4    31    86   106  -2.579  -2.842  -0.760  -4.497  -5.274  -4.934  0.000  0.000  0.000  0.000 
    IR   250   250 6   250     5     4    31    86   105  -2.408  -0.496  -5.920  -4.087  -5.193          0.000  0.000  0.000  0.000 
                                             [ MATP   59 ]     15     84 a u - -
    MP   251   250 6   255     6     6    32    85   104  -9.209  -9.148  -0.020  -7.925  -8.205  -8.600 -3.550 -2.551 -3.609  2.732 -4.197 -4.712  0.148 -3.871 -3.575  2.279 -4.083  0.367 -0.114 -3.882 -1.773 -2.483 
    ML   252   250 6   255     6     3    28    83   103  -6.250  -6.596  -1.310  -1.005  -6.446  -3.975  0.368 -0.385 -0.191  0.094 
    MR   253   250 6   255     6     3    27    83   102  -6.988  -5.717  -1.625  -5.695  -0.829  -3.908  0.368 -0.385 -0.191  0.094 
     D   254   250 6   255     6     1    24    81   101  -9.049  -7.747  -3.544  -4.226  -4.244  -0.319 
    IL   255   255 5   255     6     4    29    84   104  -2.579  -2.842  -0.760  -4.497  -5.274  -4.934  0.000  0.000  0.000  0.000 
    IR   256   256 6   256     5     4    29    84   103  -2.408  -0.496  -5.920  -4.087  -5.193          0.000  0.000  0.000  0.000 
                                             [ MATP   60 ]     16     83 c g - -
    MP   257   256 6   261     4     5    30    83   102  -7.200  -2.785  -0.268  -5.821                 -3.022 -3.064 -1.277  0.407 -2.432 -3.807  2.725 -3.013 -3.099  0.552 -3.588 -1.263  1.195 -3.266  1.212 -2.094 
    ML   258   256 6   261     4     2    27    82   101  -3.758  -3.940  -0.507  -2.670                  0.368 -0.385 -0.191  0.094 
    MR   259   256 6   261     4     2    25    81   101  -4.809  -3.838  -1.706  -0.766                  0.368 -0.385 -0.191  0.094 
     D   260   256 6   261     4     0    24    80   100  -4.568  -4.250  -2.265  -0.520                 
    IL   261   261 5   261     4     3    29    83   103  -1.686  -2.369  -1.117  -4.855                  0.000  0.000  0.000  0.000 
    IR   262   262 6   262     3     3    29    82   101  -1.883  -0.541  -4.583                          0.000  0.000  0.000  0.000 
                                             [ MATL   61 ]     17      - u - - -
    ML   263   262 6   265     3     4    28    80    99  -8.200  -0.017  -6.854                          0.217 -0.972 -1.281  0.938 
     D   264   262 6   265     3     0    23    79    98  -6.174  -1.687  -0.566                         
    IL   265   265 3   265     3     3    27    82   102  -1.442  -0.798  -4.142                          0.000  0.000  0.000  0.000 
                                             [ MATL   62 ]     18      - u - - -
    ML   266   265 3   268     3     3    27    79    98  -8.576  -0.016  -6.894                          0.394 -0.956 -1.218  0.799 
     D   267   265 3   268     3     0    23    78    97  -5.620  -0.734  -1.403                         
    IL   268   268 3   268     3     2    26    80    99  -1.925  -0.554  -4.164                          0.000  0.000  0.000  0.000 
                                             [ MATR   63 ]      -     81 - A - -
    MR   269   268 3   271     3     3    27    78    97  -8.576  -0.016  -6.894                          1.253 -1.039 -0.796 -0.853 
     D   270   268 3   271     3     0    21    76    95  -6.390  -1.568  -0.620                         
    IR   271   271 3   271     3     2    25    79    98  -1.925  -0.554  -4.164                          0.000  0.000  0.000  0.000 
                                             [ MATR   64 ]      -     80 - A - -
    MR   272   271 3   274     3     3    26    77    96  -8.576  -0.016  -6.894                          1.804 -2.850 -2.435 -2.441 
     D   273   271 3   274     3     0    21    75    94  -6.390  -1.568  -0.620                         
    IR   274   274 3   274     3     2    25    78    97  -1.925  -0.554  -4.164                          0.000  0.000  0.000  0.000 
                                             [ MATR   65 ]      -     79 - A - -
    MR   275   274 3   277     3     2    25    76    95  -8.576  -0.016  -6.894                          1.696 -2.085 -2.015 -1.850 
     D   276   274 3   277     3     0    20    74    93  -6.390  -1.568  -0.620                         
    IR   277   277 3   277     3     1    24    77    96  -1.925  -0.554  -4.164                          0.000  0.000  0.000  0.000 
                                             [ MATR   66 ]      -     78 - A - -
    MR   278   277 3   280     3     2    24    75    94  -8.576  -0.016  -6.894                          1.804 -2.850 -2.435 -2.441 
     D   279   277 3   280     3     0    19    73    92  -6.390  -1.568  -0.620                         
    IR   280   280 3   280     3     1    23    76    95  -1.925  -0.554  -4.164                          0.000  0.000  0.000  0.000 
                                             [ MATR   67 ]      -     77 - a - -
    MR   281   280 3   283     3     2    24    74    93  -8.576  -0.016  -6.894                          0.893 -1.200 -0.081 -0.391 
     D   282   280 3   283     3     0    18    72    91  -6.390  -1.568  -0.620                         
    IR   283   283 3   283     3     1    23    75    94  -1.925  -0.554  -4.164                          0.000  0.000  0.000  0.000 
                                             [ MATR   68 ]      -     76 - A - -
    MR   284   283 3   286     3     2    23    73    92  -8.576  -0.016  -6.894                          1.409 -1.152 -1.273 -1.056 
     D   285   283 3   286     3     0    18    71    90  -6.390  -1.568  -0.620                         
    IR   286   286 3   286     3     1    22    74    93  -1.925  -0.554  -4.164                          0.000  0.000  0.000  0.000 
                                             [ MATR   69 ]      -     75 - u - -
    MR   287   286 3   289     3     1    22    72    91  -8.576  -0.016  -6.894                         -0.903  0.510 -1.702  0.794 
     D   288   286 3   289     3     0    17    70    89  -6.390  -1.568  -0.620                         
    IR   289   289 3   289     3     1    21    73    92  -1.925  -0.554  -4.164                          0.000  0.000  0.000  0.000 
                                             [ MATR   70 ]      -     74 - U - -
    MR   290   289 3   292     3     1    21    71    90  -8.576  -0.016  -6.894                         -1.387 -1.003 -2.130  1.531 
     D   291   289 3   292     3     0    16    69    88  -6.390  -1.568  -0.620                         
    IR   292   292 3   292     3     1    20    72    91  -1.925  -0.554  -4.164                          0.000  0.000  0.000  0.000 
                                             [ MATR   71 ]      -     73 - U - -
    MR   293   292 3   295     3     1    20    70    89  -8.576  -0.073  -4.421                         -0.147 -0.834 -1.385  1.106 
     D   294   292 3   295     3     0    16    68    87  -6.390  -1.568  -0.620                         
    IR   295   295 3   295     3     1    20    71    90  -1.925  -0.554  -4.164                          0.000  0.000  0.000  0.000 
                                             [ MATR   72 ]      -     72 - A - -
    MR   296   295 3   298     3     1    21    69    88  -8.520  -0.017  -6.838                          1.249 -1.284 -1.159 -0.387 
     D   297   295 3   298     3     0    15    67    86  -6.846  -2.024  -0.424                         
    IR   298   298 3   298     3     1    20    70    89  -1.925  -0.554  -4.164                          0.000  0.000  0.000  0.000 
                                             [ MATR   73 ]      -     71 - U - -
    MR   299   298 3   301     3     1    21    68    87  -8.520  -0.017  -6.838                         -0.769 -1.065 -0.833  1.247 
     D   300   298 3   301     3     0    15    66    85  -6.846  -2.024  -0.424                         
    IR   301   301 3   301     3     1    19    69    88  -1.925  -0.554  -4.164                          0.000  0.000  0.000  0.000 
                                             [ MATR   74 ]      -     70 - u - -
    MR   302   301 3   304     3     1    20    67    86  -8.520  -0.017  -6.838                         -0.529  0.070 -0.930  0.792 
     D   303   301 3   304     3     0    14    65    84  -6.846  -2.024  -0.424                         
    IR   304   304 3   304     3     1    19    68    87  -1.925  -0.554  -4.164                          0.000  0.000  0.000  0.000 
                                             [ MATR   75 ]      -     69 - A - -
    MR   305   304 3   307     3     1    20    66    85  -8.520  -0.017  -6.838                          1.099 -1.360 -0.239 -0.689 
     D   306   304 3   307     3     0    14    64    83  -6.846  -2.024  -0.424                         
    IR   307   307 3   307     3     1    18    67    86  -1.925  -0.554  -4.164                          0.000  0.000  0.000  0.000 
                                             [ MATR   76 ]      -     68 - A - -
    MR   308   307 3   310     3     1    19    65    84  -8.520  -0.017  -6.838                          1.311 -1.441 -0.848 -0.749 
     D   309   307 3   310     3     0    13    63    82  -6.846  -2.024  -0.424                         
    IR   310   310 3   310     3     1    18    66    85  -1.925  -0.554  -4.164                          0.000  0.000  0.000  0.000 
                                             [ MATR   77 ]      -     67 - A - -
    MR   311   310 3   313     3     1    18    64    83  -8.520  -0.017  -6.838                          1.556 -1.673 -1.453 -1.392 
     D   312   310 3   313     3     0    13    62    81  -6.846  -2.024  -0.424                         
    IR   313   313 3   313     3     1    17    65    84  -1.925  -0.554  -4.164                          0.000  0.000  0.000  0.000 
                                             [ MATR   78 ]      -     66 - U - -
    MR   314   313 3   316     3     1    18    63    82  -8.520  -0.017  -6.838                         -0.956 -0.128 -1.717  1.180 
     D   315   313 3   316     3     0    12    61    80  -6.846  -2.024  -0.424                         
    IR   316   316 3   316     3     1    17    64    83  -1.925  -0.554  -4.164                          0.000  0.000  0.000  0.000 
                                             [ MATR   79 ]      -     65 - G - -
    MR   317   316 3   319     3     1    17    62    81  -8.520  -0.017  -6.838                         -1.953 -3.227  1.796 -2.614 
     D   318   316 3   319     3     0    12    60    79  -6.846  -2.024  -0.424                         
    IR   319   319 3   319     3     1    16    63    82  -1.925  -0.554  -4.164                          0.000  0.000  0.000  0.000 
                                             [ MATR   80 ]      -     64 - A - -
    MR   320   319 3   322     3     1    16    61    80  -8.520  -0.017  -6.838                          1.111 -1.167 -1.247 -0.039 
     D   321   319 3   322     3     0    11    59    79  -6.846  -0.952  -1.076                         
    IR   322   322 3   322     3     1    15    62    81  -1.925  -0.554  -4.164                          0.000  0.000  0.000  0.000 
                                             [ MATR   81 ]      -     63 - U - -
    MR   323   322 3   325     3     1    16    60    79  -8.576  -0.016  -6.894                         -0.627 -0.314 -1.534  1.139 
     D   324   322 3   325     3     0    10    58    77  -6.390  -1.568  -0.620                         
    IR   325   325 3   325     3     1    14    61    80  -1.925  -0.554  -4.164                          0.000  0.000  0.000  0.000 
                                             [ MATR   82 ]      -     62 - U - -
    MR   326   325 3   328     3     1    15    59    78  -8.576  -0.016  -6.894                         -0.576 -0.246 -1.498  1.092 
     D   327   325 3   328     3     0    10    57    76  -6.390  -1.568  -0.620                         
    IR   328   328 3   328     3     1    14    60    79  -1.925  -0.554  -4.164                          0.000  0.000  0.000  0.000 
                                             [ MATR   83 ]      -     61 - A - -
    MR   329   328 3   331     3     1    15    58    77  -8.576  -0.016  -6.894                          1.178 -1.654 -0.064 -1.112 
     D   330   328 3   331     3     0     9    56    75  -6.390  -1.568  -0.620                         
    IR   331   331 3   331     3     1    13    59    78  -1.925  -0.554  -4.164                          0.000  0.000  0.000  0.000 
                                             [ MATR   84 ]      -     60 - A - -
    MR   332   331 3   334     3     1    14    57    76  -8.576  -0.016  -6.894                          1.112 -0.854 -0.875 -0.434 
     D   333   331 3   334     3     0     9    55    74  -6.390  -1.568  -0.620                         
    IR   334   334 3   334     3     1    13    58    77  -1.925  -0.554  -4.164                          0.000  0.000  0.000  0.000 
                                             [ MATR   85 ]      -     59 - U - -
    MR   335   334 3   337     3     1    13    56    75  -8.576  -0.016  -6.894                         -1.932 -1.852 -2.685  1.725 
     D   336   334 3   337     3     0     8    54    73  -6.390  -1.568  -0.620                         
    IR   337   337 3   337     3     1    12    57    76  -1.925  -0.554  -4.164                          0.000  0.000  0.000  0.000 
                                             [ MATR   86 ]      -     58 - u - -
    MR   338   337 3   340     3     1    13    55    74  -8.576  -0.016  -6.894                          0.247 -0.746 -1.034  0.789 
     D   339   337 3   340     3     0     8    53    72  -6.390  -1.568  -0.620                         
    IR   340   340 3   340     3     1    11    56    75  -1.925  -0.554  -4.164                          0.000  0.000  0.000  0.000 
                                             [ MATR   87 ]      -     57 - c - -
    MR   341   340 3   343     3     1    12    54    73  -8.576  -0.016  -6.894                         -0.930  0.734 -1.745  0.597 
     D   342   340 3   343     3     0     7    52    71  -6.390  -1.568  -0.620                         
    IR   343   343 3   343     3     1    11    55    74  -1.925  -0.554  -4.164                          0.000  0.000  0.000  0.000 
                                             [ MATR   88 ]      -     56 - A - -
    MR   344   343 3   346     3     1    12    53    72  -8.576  -0.016  -6.894                          1.413 -1.640 -0.938 -1.018 
     D   345   343 3   346     3     0     7    51    70  -6.390  -1.568  -0.620                         
    IR   346   346 3   346     3     1    10    54    73  -1.925  -0.554  -4.164                          0.000  0.000  0.000  0.000 
                                             [ MATR   89 ]      -     55 - U - -
    MR   347   346 3   349     3     1    11    52    71  -8.576  -0.016  -6.894                         -1.932 -1.852 -2.685  1.725 
     D   348   346 3   349     3     0     6    50    69  -6.390  -1.568  -0.620                         
    IR   349   349 3   349     3     1    10    53    72  -1.925  -0.554  -4.164                          0.000  0.000  0.000  0.000 
                                             [ MATR   90 ]      -     54 - U - -
    MR   350   349 3   352     3     1    11    51    70  -8.576  -0.016  -6.894                         -0.343 -0.797 -1.471  1.186 
     D   351   349 3   352     3     0     6    49    68  -6.390  -1.568  -0.620                         
    IR   352   352 3   352     3     1     9    52    71  -1.925  -0.554  -4.164                          0.000  0.000  0.000  0.000 
                                             [ MATR   91 ]      -     53 - U - -
    MR   353   352 3   355     3     1    10    50    69  -8.576  -0.016  -6.894                         -0.701 -0.762 -0.856  1.165 
     D   354   352 3   355     3     0     5    48    67  -6.390  -1.568  -0.620                         
    IR   355   355 3   355     3     1     9    51    70  -1.925  -0.554  -4.164                          0.000  0.000  0.000  0.000 
                                             [ MATR   92 ]      -     52 - G - -
    MR   356   355 3   358     3     1    10    49    68  -8.576  -0.016  -6.894                         -0.538 -1.637  1.246 -0.693 
     D   357   355 3   358     3     0     5    47    66  -6.390  -1.568  -0.620                         
    IR   358   358 3   358     3     1     9    50    69  -1.925  -0.554  -4.164                          0.000  0.000  0.000  0.000 
                                             [ MATR   93 ]      -     51 - A - -
    MR   359   358 3   361     3     1     9    48    67  -8.576  -0.016  -6.894                          1.153 -0.943 -1.262 -0.252 
     D   360   358 3   361     3     0     4    46    65  -6.390  -1.568  -0.620                         
    IR   361   361 3   361     3     1     8    49    68  -1.925  -0.554  -4.164                          0.000  0.000  0.000  0.000 
                                             [ MATR   94 ]      -     50 - U - -
    MR   362   361 3   364     3     1     9    47    66  -8.576  -0.016  -6.894                         -1.932 -1.852 -2.685  1.725 
     D   363   361 3   364     3     0     4    45    64  -6.390  -1.568  -0.620                         
    IR   364   364 3   364     3     1     7    48    67  -1.925  -0.554  -4.164                          0.000  0.000  0.000  0.000 
                                             [ MATR   95 ]      -     49 - A - -
    MR   365   364 3   367     3     1     8    46    65  -8.576  -0.016  -6.894                          1.298 -1.722 -0.317 -1.201 
     D   366   364 3   367     3     0     3    44    63  -6.390  -1.568  -0.620                         
    IR   367   367 3   367     3     1     7    47    66  -1.925  -0.554  -4.164                          0.000  0.000  0.000  0.000 
                                             [ MATR   96 ]      -     48 - a - -
    MR   368   367 3   370     3     1     7    45    64  -8.576  -0.016  -6.894                          0.752 -0.777 -0.292 -0.127 
     D   369   367 3   370     3     0     3    43    62  -6.390  -1.568  -0.620                         
    IR   370   370 3   370     3     1     6    46    65  -1.925  -0.554  -4.164                          0.000  0.000  0.000  0.000 
                                             [ MATR   97 ]      -     47 - U - -
    MR   371   370 3   373     3     1     6    44    63  -8.576  -0.016  -6.894                         -0.551 -1.171 -1.690  1.358 
     D   372   370 3   373     3     0     2    42    61  -6.390  -1.568  -0.620                         
    IR   373   373 3   373     3     1     6    45    64  -1.925  -0.554  -4.164                          0.000  0.000  0.000  0.000 
                                             [ MATR   98 ]      -     46 - U - -
    MR   374   373 3   376     3     1     6    43    62  -8.576  -0.016  -6.894                         -0.590 -0.771 -0.546  1.046 
     D   375   373 3   376     3     0     2    41    60  -6.390  -1.568  -0.620                         
    IR   376   376 3   376     3     1     5    44    63  -1.925  -0.554  -4.164                          0.000  0.000  0.000  0.000 
                                             [ MATR   99 ]      -     45 - U - -
    MR   377   376 3   379     3     1     5    42    61  -8.576  -0.016  -6.894                         -1.027 -0.163 -1.789  1.218 
     D   378   376 3   379     3     0     2    40    59  -6.390  -1.568  -0.620                         
    IR   379   379 3   379     3     1     4    43    62  -1.925  -0.554  -4.164                          0.000  0.000  0.000  0.000 
                                             [ MATR  100 ]      -     44 - G - -
    MR   380   379 3   382     3     1     4    41    60  -8.576  -0.016  -6.894                         -2.076 -3.366  1.815 -2.753 
     D   381   379 3   382     3     0     1    39    58  -6.390  -1.568  -0.620                         
    IR   382   382 3   382     3     1     4    42    61  -1.925  -0.554  -4.164                          0.000  0.000  0.000  0.000 
                                             [ MATR  101 ]      -     43 - A - -
    MR   383   382 3   385     3     1     3    40    59  -8.576  -0.016  -6.894                          1.719 -2.462 -1.818 -2.048 
     D   384   382 3   385     3     0     1    38    58  -6.390  -1.568  -0.620                         
    IR   385   385 3   385     3     1     3    41    60  -1.925  -0.554  -4.164                          0.000  0.000  0.000  0.000 
                                             [ MATR  102 ]      -     42 - U - -
    MR   386   385 3   388     2     1     2    39    58  -8.635  -0.004                                 -1.171 -0.543 -1.921  1.381 
     D   387   385 3   388     2     0     1    38    57  -4.432  -0.068                                 
    IR   388   388 3   388     2     1     2    40    59  -1.823  -0.479                                  0.000  0.000  0.000  0.000 
                                             [ BIF   103 ]      -      - - - - -
     B   389   388 3   390   416     0     1    38    57                                                 
                                             [ BEGL  104 ]      -      - - - - -
     S   390   389 1   391     4     0     0    21    40  -0.041  -6.966  -6.374  -7.014                 
                                             [ MATP  105 ]     19     26 a u - -
    MP   391   390 1   395     6     2     2    21    40  -9.209  -9.148  -0.020  -7.925  -8.205  -8.600 -3.625 -2.567 -3.747  2.749 -4.526 -5.216 -0.255 -3.914 -3.564  1.309 -4.128  2.068 -0.480 -4.269 -2.139 -2.543 
    ML   392   390 1   395     6     1     1    21    40  -6.250  -6.596  -1.310  -1.005  -6.446  -3.975  0.368 -0.385 -0.191  0.094 
    MR   393   390 1   395     6     1     1    21    40  -6.988  -5.717  -1.625  -5.695  -0.829  -3.908  0.368 -0.385 -0.191  0.094 
     D   394   390 1   395     6     0     0    19    38  -9.049  -7.747  -3.544  -4.226  -4.244  -0.319 
    IL   395   395 5   395     6     1     1    21    40  -2.579  -2.842  -0.760  -4.497  -5.274  -4.934  0.000  0.000  0.000  0.000 
    IR   396   396 6   396     5     1     1    21    40  -2.408  -0.496  -5.920  -4.087  -5.193          0.000  0.000  0.000  0.000 
                                             [ MATP  106 ]     20     25 g c - -
    MP   397   396 6   401     4     2     2    19    38  -7.200  -7.407  -0.045  -5.821                 -1.143 -1.495 -2.687  1.698 -2.920 -3.425  0.832 -3.073 -2.789  2.357 -3.247  0.823  0.619 -2.739 -0.852 -1.805 
    ML   398   396 6   401     4     1     1    21    39  -3.758  -3.940  -0.507  -2.670                  0.368 -0.385 -0.191  0.094 
    MR   399   396 6   401     4     1     1    20    39  -4.809  -3.838  -1.706  -0.766                  0.368 -0.385 -0.191  0.094 
     D   400   396 6   401     4     0     0    19    38  -4.568  -4.250  -2.265  -0.520                 
    IL   401   401 5   401     4     1     1    22    41  -1.686  -2.369  -1.117  -4.855                  0.000  0.000  0.000  0.000 
    IR   402   402 6   402     3     1     1    21    39  -1.442  -0.798  -4.142                          0.000  0.000  0.000  0.000 
                                             [ MATL  107 ]     21      - U - - -
    ML   403   402 6   405     3     1     1    16    35  -8.200  -0.017  -6.854                         -0.645 -0.571 -1.582  1.235 
     D   404   402 6   405     3     0     0    16    34  -6.174  -1.687  -0.566                         
    IL   405   405 3   405     3     1     1    20    38  -1.442  -0.798  -4.142                          0.000  0.000  0.000  0.000 
                                             [ MATL  108 ]     22      - G - - -
    ML   406   405 3   408     3     1     1    15    33  -8.200  -0.017  -6.854                          0.105 -1.865  1.163 -1.287 
     D   407   405 3   408     3     0     0    15    33  -6.174  -1.687  -0.566                         
    IL   408   408 3   408     3     1     1    19    37  -1.442  -0.798  -4.142                          0.000  0.000  0.000  0.000 
                                             [ MATL  109 ]     23      - U - - -
    ML   409   408 3   411     3     1     1    13    31  -8.200  -0.017  -6.854                         -1.932 -1.852 -2.685  1.725 
     D   410   408 3   411     3     0     0    13    32  -6.174  -1.687  -0.566                         
    IL   411   411 3   411     3     1     1    18    36  -1.442  -0.798  -4.142                          0.000  0.000  0.000  0.000 
                                             [ MATL  110 ]     24      - a - - -
    ML   412   411 3   414     2     1     1     1     1       *   0.000                                  0.870 -1.035 -0.534 -0.010 
     D   413   411 3   414     2     0     0     0     0       *   0.000                                 
    IL   414   414 3   414     2     1     1    13    28  -1.823  -0.479                                  0.000  0.000  0.000  0.000 
                                             [ END   111 ]      -      - - - - -
     E   415   414 3    -1     0     0     0     0     0                                                 
                                             [ BEGR  112 ]      -      - - - - -
     S   416   389 1   417     3     0     0    29    48  -8.200  -0.017  -6.854                         
    IL   417   417 2   417     3     1     1    32    52  -1.442  -0.798  -4.142                          0.000  0.000  0.000  0.000 
                                             [ MATL  113 ]     27      - A - - -
    ML   418   417 2   420     5     1     1    29    48  -7.301  -0.034  -7.117  -7.329  -8.220          1.804 -2.850 -2.435 -2.441 
     D   419   417 2   420     5     0     0    28    46  -4.959  -0.803  -4.221  -2.596  -2.508         
    IL   420   420 3   420     5     1     1    29    48  -2.408  -0.496  -4.087  -5.920  -5.193          0.000  0.000  0.000  0.000 
                                             [ MATP  114 ]     28     41 G C - -
    MP   421   420 3   425     6     2     2    28    47  -9.209  -9.148  -0.020  -7.925  -8.205  -8.600 -4.939 -3.182 -5.051  0.099 -5.797 -4.822 -1.018 -5.405 -4.502  3.674 -4.826 -0.483 -1.320 -4.597 -3.068 -3.930 
    ML   422   420 3   425     6     1     1    27    46  -6.250  -6.596  -1.310  -1.005  -6.446  -3.975  0.368 -0.385 -0.191  0.094 
    MR   423   420 3   425     6     1     1    27    45  -6.988  -5.717  -1.625  -5.695  -0.829  -3.908  0.368 -0.385 -0.191  0.094 
     D   424   420 3   425     6     0     0    25    43  -9.049  -7.747  -3.544  -4.226  -4.244  -0.319 
    IL   425   425 5   425     6     1     1    28    47  -2.579  -2.842  -0.760  -4.497  -5.274  -4.934  0.000  0.000  0.000  0.000 
    IR   426   426 6   426     5     1     1    27    46  -2.408  -0.496  -5.920  -4.087  -5.193          0.000  0.000  0.000  0.000 
                                             [ MATP  115 ]     29     40 C G - -
    MP   427   426 6   431     6     2     2    26    45  -9.209  -9.148  -0.020  -7.925  -8.205  -8.600 -4.481 -4.448 -2.516 -0.787 -3.405 -4.947  3.612 -4.157 -4.434 -0.566 -4.773 -2.492  0.195 -4.656 -0.923 -3.341 
    ML   428   426 6   431     6     1     1    25    44  -6.250  -6.596  -1.310  -1.005  -6.446  -3.975  0.368 -0.385 -0.191  0.094 
    MR   429   426 6   431     6     1     1    25    44  -6.988  -5.717  -1.625  -5.695  -0.829  -3.908  0.368 -0.385 -0.191  0.094 
     D   430   426 6   431     6     0     0    24    43  -9.049  -7.747  -3.544  -4.226  -4.244  -0.319 
    IL   431   431 5   431     6     1     1    26    45  -2.579  -2.842  -0.760  -4.497  -5.274  -4.934  0.000  0.000  0.000  0.000 
    IR   432   432 6   432     5     1     1    25    44  -2.408  -0.496  -5.920  -4.087  -5.193          0.000  0.000  0.000  0.000 
                                             [ MATP  116 ]     30     39 u a - -
    MP   433   432 6   437     4     2     2    24    43  -7.200  -7.407  -0.045  -5.821                 -1.776 -2.202 -2.314  1.464 -2.149 -3.153  1.617 -2.548 -2.367  1.228 -2.918 -0.401  1.945 -2.447 -0.158 -0.740 
    ML   434   432 6   437     4     1     1    25    44  -3.758  -3.940  -0.507  -2.670                  0.368 -0.385 -0.191  0.094 
    MR   435   432 6   437     4     1     1    24    43  -4.809  -3.838  -1.706  -0.766                  0.368 -0.385 -0.191  0.094 
     D   436   432 6   437     4     0     0    23    42  -4.568  -4.250  -2.265  -0.520                 
    IL   437   437 5   437     4     1     1    26    45  -1.686  -2.369  -1.117  -4.855                  0.000  0.000  0.000  0.000 
    IR   438   438 6   438     3     1     1    25    44  -1.442  -0.798  -4.142                          0.000  0.000  0.000  0.000 
                                             [ MATL  117 ]     31      - A - - -
    ML   439   438 6   441     3     1     1    21    40  -8.200  -0.017  -6.854                          1.501 -1.940 -0.870 -1.465 
     D   440   438 6   441     3     0     0    20    39  -6.174  -1.687  -0.566                         
    IL   441   441 3   441     3     1     1    24    43  -1.442  -0.798  -4.142                          0.000  0.000  0.000  0.000 
                                             [ MATL  118 ]     32      - G - - -
    ML   442   441 3   444     3     1     1    20    38  -8.200  -0.017  -6.854                         -2.076 -3.366  1.815 -2.753 
     D   443   441 3   444     3     0     0    19    38  -6.174  -1.687  -0.566                         
    IL   444   444 3   444     3     1     1    23    42  -1.442  -0.798  -4.142                          0.000  0.000  0.000  0.000 
                                             [ MATL  119 ]     33      - U - - -
    ML   445   444 3   447     3     1     1    19    37  -8.200  -0.017  -6.854                         -0.756 -0.397 -1.617  1.216 
     D   446   444 3   447     3     0     0    18    37  -6.174  -1.687  -0.566                         
    IL   447   447 3   447     3     1     1    22    41  -1.442  -0.798  -4.142                          0.000  0.000  0.000  0.000 
                                             [ MATL  120 ]     34      - u - - -
    ML   448   447 3   450     3     1     1    17    36  -8.200  -0.017  -6.854                         -0.296 -0.379 -0.546  0.792 
     D   449   447 3   450     3     0     0    17    36  -6.174  -1.687  -0.566                         
    IL   450   450 3   450     3     1     1    21    39  -1.442  -0.798  -4.142                          0.000  0.000  0.000  0.000 
                                             [ MATL  121 ]     35      - U - - -
    ML   451   450 3   453     3     1     1    16    35  -8.200  -0.017  -6.854                         -1.932 -1.852 -2.685  1.725 
     D   452   450 3   453     3     0     0    16    34  -6.174  -1.687  -0.566                         
    IL   453   453 3   453     3     1     1    20    38  -1.442  -0.798  -4.142                          0.000  0.000  0.000  0.000 
                                             [ MATL  122 ]     36      - A - - -
    ML   454   453 3   456     3     1     1    15    33  -8.200  -0.017  -6.854                          1.065 -1.148 -0.775 -0.198 
     D   455   453 3   456     3     0     0    15    33  -6.174  -1.687  -0.566                         
    IL   456   456 3   456     3     1     1    19    37  -1.442  -0.798  -4.142                          0.000  0.000  0.000  0.000 
                                             [ MATL  123 ]     37      - a - - -
    ML   457   456 3   459     3     1     1    13    31  -8.200  -0.017  -6.854                          0.817 -0.887 -0.494 -0.019 
     D   458   456 3   459     3     0     0    13    32  -6.174  -1.687  -0.566                         
    IL   459   459 3   459     3     1     1    18    36  -1.442  -0.798  -4.142                          0.000  0.000  0.000  0.000 
                                             [ MATL  124 ]     38      - c - - -
    ML   460   459 3   462     2     1     1     1     1       *   0.000                                 -0.933  0.746 -1.748  0.586 
     D   461   459 3   462     2     0     0     0     0       *   0.000                                 
    IL   462   462 3   462     2     1     1    13    28  -1.823  -0.479                                  0.000  0.000  0.000  0.000 
                                             [ END   125 ]      -      - - - - -
     E   463   462 3    -1     0     0     0     0     0                                                 
//
HMMER3/f [3.1b3 | July 2016]
NAME  t_pro_cds_rcd_round5_0001
LENG  150
MAXL  261
ALPH  RNA
RF    no
MM    no
CONS  yes
CS    yes
MAP   yes
DATE  Tue Dec 24 00:21:22 2019
COM   [1] cmbuild /home/co78wid/projects/master/results/ta_systems/cds_rcd/2_structure_analysis/infernal_search/t_pro_cds_rcd_cmbuild.txt /home/co78wid/projects/master/results/ta_systems/cds_rcd/1_sequence_analysis/fold/t_pro_cds_rcd_round5.stk
NSEQ  34
EFFN  1.838623
CKSUM 2434368950
STATS LOCAL MSV      -10.2407  0.71795
STATS LOCAL VITERBI  -11.8252  0.71795
STATS LOCAL FORWARD   -2.7313  0.71795
HMM          A        C        G        U   
            m->m     m->i     m->d     i->m     i->i     d->m     d->d
  COMPO   1.14202  1.71643  1.58427  1.21732
          1.38629  1.38629  1.38629  1.38629
          0.04330  3.85424  3.85424  1.46634  0.26236  0.00000        *
      1   0.26669  2.79331  2.42939  2.46769      1 A - - :
          1.38629  1.38629  1.38629  1.38629
          0.04330  3.85424  3.85424  1.46634  0.26236  1.09861  0.40547
      2   2.37155  2.37690  2.87774  0.27765      2 U - - :
          1.38629  1.38629  1.38629  1.38629
          0.04330  3.85424  3.85424  1.46634  0.26236  1.09861  0.40547
      3   2.43015  3.26770  0.20384  2.84235      3 G - - :
          1.38629  1.38629  1.38629  1.38629
          0.04330  3.85424  3.85424  1.46634  0.26236  1.09861  0.40547
      4   1.56290  2.64406  0.49101  2.23130      4 G - - :
          1.38629  1.38629  1.38629  1.38629
          0.04330  3.85424  3.85424  1.46634  0.26236  1.09861  0.40547
      5   0.40287  2.53561  1.96723  2.18441      5 A - - :
          1.38629  1.38629  1.38629  1.38629
          0.04330  3.85424  3.85424  1.46634  0.26236  1.09861  0.40547
      6   1.98803  1.69571  2.49924  0.51514      6 U - - :
          1.38629  1.38629  1.38629  1.38629
          0.04330  3.85424  3.85424  1.46634  0.26236  1.09861  0.40547
      7   0.34366  2.62680  2.14607  2.28692      7 A - - :
          1.38629  1.38629  1.38629  1.38629
          0.04330  3.85424  3.85424  1.46634  0.26236  1.09861  0.40547
      8   0.20562  2.98134  2.73113  2.65945      8 A - - :
          1.38629  1.38629  1.38629  1.38629
          0.04330  3.85424  3.85424  1.46634  0.26236  1.09861  0.40547
      9   1.87331  1.14688  1.75927  1.03117      9 u - - (
          1.38629  1.38629  1.38629  1.38629
          0.04330  3.85424  3.85424  1.46634  0.26236  1.09861  0.40547
     10   2.70301  1.70665  2.41727  0.41195     10 U - - (
          1.38629  1.38629  1.38629  1.38629
          0.04330  3.85424  3.85424  1.46634  0.26236  1.09861  0.40547
     11   2.70109  1.70662  2.41654  0.41225     11 U - - (
          1.38629  1.38629  1.38629  1.38629
          0.04330  3.85424  3.85424  1.46634  0.26236  1.09861  0.40547
     12   2.69976  1.70660  2.41603  0.41246     12 U - - (
          1.38629  1.38629  1.38629  1.38629
          0.04330  3.85424  3.85424  1.46634  0.26236  1.09861  0.40547
     13   2.69879  1.70659  2.41566  0.41261     13 U - - (
          1.38629  1.38629  1.38629  1.38629
          0.04330  3.85424  3.85424  1.46634  0.26236  1.09861  0.40547
     14   2.69804  1.70658  2.41537  0.41273     14 U - - (
          1.38629  1.38629  1.38629  1.38629
          0.04330  3.85424  3.85424  1.46634  0.26236  1.09861  0.40547
     15   0.95524  2.27855  0.92478  2.15222     15 g - - (
          1.38629  1.38629  1.38629  1.38629
          0.04330  3.85424  3.85424  1.46634  0.26236  1.09861  0.40547
     16   1.98921  0.90810  1.86712  1.18633     16 c - - (
          1.38629  1.38629  1.38629  1.38629
          0.04330  3.85424  3.85424  1.46634  0.26236  1.09861  0.40547
     17   1.23284  1.95360  2.15979  0.79535     17 u - - ,
          1.38629  1.38629  1.38629  1.38629
          0.04330  3.85424  3.85424  1.46634  0.26236  1.09861  0.40547
     18   1.12724  1.95070  2.12672  0.88027     18 u - - ,
          1.38629  1.38629  1.38629  1.38629
          0.04330  3.85424  3.85424  1.46634  0.26236  1.09861  0.40547
     19   0.94979  2.41394  0.86795  2.26429     19 g - - <
          1.38629  1.38629  1.38629  1.38629
          0.04330  3.85424  3.85424  1.46634  0.26236  1.09861  0.40547
     20   1.37714  1.90925  0.85681  1.74301     20 g - - <
          1.38629  1.38629  1.38629  1.38629
          0.04330  3.85424  3.85424  1.46634  0.26236  1.09861  0.40547
     21   1.71874  1.72673  2.32442  0.60696     21 U - - _
          1.38629  1.38629  1.38629  1.38629
          0.04330  3.85424  3.85424  1.46634  0.26236  1.09861  0.40547
     22   1.28393  2.47674  0.66935  2.06362     22 G - - _
          1.38629  1.38629  1.38629  1.38629
          0.04330  3.85424  3.85424  1.46634  0.26236  1.09861  0.40547
     23   2.37155  2.37690  2.87774  0.27765     23 U - - _
          1.38629  1.38629  1.38629  1.38629
          0.04330  3.85424  3.85424  1.46634  0.26236  1.09861  0.40547
     24   0.82631  2.02126  1.73147  1.37504     24 a - - _
          1.38629  1.38629  1.38629  1.38629
          0.04330  3.85424  3.85424  1.46634  0.26236  1.09861  0.40547
     25   1.88027  1.06503  1.71135  1.13286     25 c - - >
          1.38629  1.38629  1.38629  1.38629
          0.04330  3.85424  3.85424  1.46634  0.26236  1.09861  0.40547
     26   2.47373  1.53629  2.21353  0.52554     26 U - - >
          1.38629  1.38629  1.38629  1.38629
          0.04330  3.85424  3.85424  1.46634  0.26236  1.09861  0.40547
     27   0.20562  2.98134  2.73113  2.65945     27 A - - ,
          1.38629  1.38629  1.38629  1.38629
          0.04330  3.85424  3.85424  1.46634  0.26236  1.09861  0.40547
     28   2.31587  2.94443  0.23477  2.84849     28 G - - <
          1.38629  1.38629  1.38629  1.38629
          0.04330  3.85424  3.85424  1.46634  0.26236  1.09861  0.40547
     29   2.58854  0.38025  2.41518  1.88499     29 C - - <
          1.38629  1.38629  1.38629  1.38629
          0.04330  3.85424  3.85424  1.46634  0.26236  1.09861  0.40547
     30   1.55694  1.47056  1.46175  1.11598     30 u - - <
          1.38629  1.38629  1.38629  1.38629
          0.04330  3.85424  3.85424  1.46634  0.26236  1.09861  0.40547
     31   0.41849  2.51557  1.92428  2.16143     31 A - - _
          1.38629  1.38629  1.38629  1.38629
          0.04330  3.85424  3.85424  1.46634  0.26236  1.09861  0.40547
     32   2.43015  3.26770  0.20384  2.84235     32 G - - _
          1.38629  1.38629  1.38629  1.38629
          0.04330  3.85424  3.85424  1.46634  0.26236  1.09861  0.40547
     33   1.77860  1.62923  2.34523  0.61763     33 U - - _
          1.38629  1.38629  1.38629  1.38629
          0.04330  3.85424  3.85424  1.46634  0.26236  1.09861  0.40547
     34   1.53734  1.63425  1.75937  0.87276     34 u - - _
          1.38629  1.38629  1.38629  1.38629
          0.04330  3.85424  3.85424  1.46634  0.26236  1.09861  0.40547
     35   2.37155  2.37690  2.87774  0.27765     35 U - - _
          1.38629  1.38629  1.38629  1.38629
          0.04330  3.85424  3.85424  1.46634  0.26236  1.09861  0.40547
     36   0.70270  2.08615  1.86910  1.48577     36 a - - _
          1.38629  1.38629  1.38629  1.38629
          0.04330  3.85424  3.85424  1.46634  0.26236  1.09861  0.40547
     37   0.85952  1.94122  1.70843  1.37850     37 a - - _
          1.38629  1.38629  1.38629  1.38629
          0.04330  3.85424  3.85424  1.46634  0.26236  1.09861  0.40547
     38   1.86951  0.95259  2.41333  0.99279     38 c - - _
          1.38629  1.38629  1.38629  1.38629
          0.04330  3.85424  3.85424  1.46634  0.26236  1.09861  0.40547
     39   1.31147  1.63463  1.28955  1.34646     39 g - - >
          1.38629  1.38629  1.38629  1.38629
          0.04330  3.85424  3.85424  1.46634  0.26236  1.09861  0.40547
     40   2.16396  2.57792  0.32253  2.46649     40 G - - >
          1.38629  1.38629  1.38629  1.38629
          0.04330  3.85424  3.85424  1.46634  0.26236  1.09861  0.40547
     41   3.06672  0.28779  2.77055  1.95982     41 C - - >
          1.38629  1.38629  1.38629  1.38629
          0.04330  3.85424  3.85424  1.46634  0.26236  1.09861  0.40547
     42   1.99225  1.70636  2.50320  0.51039     42 U - - ,
          1.38629  1.38629  1.38629  1.38629
          0.04330  3.85424  3.85424  1.46634  0.26236  1.09861  0.40547
     43   0.26669  2.79331  2.42939  2.46769     43 A - - ,
          1.38629  1.38629  1.38629  1.38629
          0.04330  3.85424  3.85424  1.46634  0.26236  1.09861  0.40547
     44   2.43015  3.26770  0.20384  2.84235     44 G - - ,
          1.38629  1.38629  1.38629  1.38629
          0.04330  3.85424  3.85424  1.46634  0.26236  1.09861  0.40547
     45   1.91856  1.49490  2.43595  0.61361     45 U - - ,
          1.38629  1.38629  1.38629  1.38629
          0.04330  3.85424  3.85424  1.46634  0.26236  1.09861  0.40547
     46   1.68435  1.84397  1.74921  0.72912     46 u - - ,
          1.38629  1.38629  1.38629  1.38629
          0.04330  3.85424  3.85424  1.46634  0.26236  1.09861  0.40547
     47   1.66202  2.03908  2.36602  0.53402     47 U - - ,
          1.38629  1.38629  1.38629  1.38629
          0.04330  3.85424  3.85424  1.46634  0.26236  1.09861  0.40547
     48   0.89877  1.88305  1.58816  1.44179     48 a - - ,
          1.38629  1.38629  1.38629  1.38629
          0.04330  3.85424  3.85424  1.46634  0.26236  1.09861  0.40547
     49   0.55501  2.39240  1.60338  2.01510     49 A - - ,
          1.38629  1.38629  1.38629  1.38629
          0.04330  3.85424  3.85424  1.46634  0.26236  1.09861  0.40547
     50   2.37155  2.37690  2.87774  0.27765     50 U - - ,
          1.38629  1.38629  1.38629  1.38629
          0.04330  3.85424  3.85424  1.46634  0.26236  1.09861  0.40547
     51   0.65266  1.97164  2.13560  1.50535     51 A - - ,
          1.38629  1.38629  1.38629  1.38629
          0.04330  3.85424  3.85424  1.46634  0.26236  1.09861  0.40547
     52   1.64373  2.35673  0.61693  1.75786     52 G - - ,
          1.38629  1.38629  1.38629  1.38629
          0.04330  3.85424  3.85424  1.46634  0.26236  1.09861  0.40547
     53   1.74134  1.83307  1.92763  0.65527     53 U - - ,
          1.38629  1.38629  1.38629  1.38629
          0.04330  3.85424  3.85424  1.46634  0.26236  1.09861  0.40547
     54   1.55483  1.85177  2.26415  0.63885     54 U - - ,
          1.38629  1.38629  1.38629  1.38629
          0.04330  3.85424  3.85424  1.46634  0.26236  1.09861  0.40547
     55   2.37155  2.37690  2.87774  0.27765     55 U - - ,
          1.38629  1.38629  1.38629  1.38629
          0.04330  3.85424  3.85424  1.46634  0.26236  1.09861  0.40547
     56   0.47383  2.36732  1.96136  1.94498     56 A - - ,
          1.38629  1.38629  1.38629  1.38629
          0.04330  3.85424  3.85424  1.46634  0.26236  1.09861  0.40547
     57   1.86815  0.96009  2.41153  0.98604     57 c - - ,
          1.38629  1.38629  1.38629  1.38629
          0.04330  3.85424  3.85424  1.46634  0.26236  1.09861  0.40547
     58   1.22016  1.83804  2.03311  0.88005     58 u - - ,
          1.38629  1.38629  1.38629  1.38629
          0.04330  3.85424  3.85424  1.46634  0.26236  1.09861  0.40547
     59   2.37155  2.37690  2.87774  0.27765     59 U - - ,
          1.38629  1.38629  1.38629  1.38629
          0.04330  3.85424  3.85424  1.46634  0.26236  1.09861  0.40547
     60   0.67702  1.92828  1.91942  1.61053     60 A - - ,
          1.38629  1.38629  1.38629  1.38629
          0.04330  3.85424  3.85424  1.46634  0.26236  1.09861  0.40547
     61   0.63406  2.35333  1.45072  1.96531     61 A - - ,
          1.38629  1.38629  1.38629  1.38629
          0.04330  3.85424  3.85424  1.46634  0.26236  1.09861  0.40547
     62   1.68511  1.54888  2.28482  0.69256     62 U - - ,
          1.38629  1.38629  1.38629  1.38629
          0.04330  3.85424  3.85424  1.46634  0.26236  1.09861  0.40547
     63   1.71147  1.58604  2.30277  0.66420     63 U - - ,
          1.38629  1.38629  1.38629  1.38629
          0.08284  3.85424  2.84188  1.46634  0.26236  1.09861  0.40547
     64   0.67833  2.08762  2.13083  1.38703     64 A - - ,
          1.38629  1.38629  1.38629  1.38629
          0.04501  3.81641  3.81641  1.46634  0.26236  1.55859  0.23627
     65   2.35487  3.18002  0.22333  2.75423     65 G - - ,
          1.38629  1.38629  1.38629  1.38629
          0.04501  3.81641  3.81641  1.46634  0.26236  1.55859  0.23627
     66   1.88175  1.47520  2.39740  0.63868     66 U - - ,
          1.38629  1.38629  1.38629  1.38629
          0.04501  3.81641  3.81641  1.46634  0.26236  1.55859  0.23627
     67   0.38111  2.39267  2.23652  2.13129     67 A - - ,
          1.38629  1.38629  1.38629  1.38629
          0.04501  3.81641  3.81641  1.46634  0.26236  1.55859  0.23627
     68   0.54219  2.25718  1.90867  1.79817     68 A - - ,
          1.38629  1.38629  1.38629  1.38629
          0.04501  3.81641  3.81641  1.46634  0.26236  1.55859  0.23627
     69   0.67992  2.20868  1.55392  1.75979     69 A - - ,
          1.38629  1.38629  1.38629  1.38629
          0.04501  3.81641  3.81641  1.46634  0.26236  1.55859  0.23627
     70   1.65916  1.37019  1.97887  0.87367     70 u - - ,
          1.38629  1.38629  1.38629  1.38629
          0.04501  3.81641  3.81641  1.46634  0.26236  1.55859  0.23627
     71   1.76616  1.98618  1.89816  0.61258     71 U - - ,
          1.38629  1.38629  1.38629  1.38629
          0.04501  3.81641  3.81641  1.46634  0.26236  1.55859  0.23627
     72   0.58607  2.16221  2.08049  1.59183     72 A - - ,
          1.38629  1.38629  1.38629  1.38629
          0.04501  3.81641  3.81641  1.46634  0.26236  0.54622  0.86544
     73   1.44541  1.87481  2.21914  0.68863     73 U - - ,
          1.38629  1.38629  1.38629  1.38629
          0.04330  3.85424  3.85424  1.46634  0.26236  1.09861  0.40547
     74   2.10621  1.95585  2.61277  0.41019     74 U - - ,
          1.38629  1.38629  1.38629  1.38629
          0.04330  3.85424  3.85424  1.46634  0.26236  1.09861  0.40547
     75   1.85550  1.09955  2.39102  0.86972     75 u - - ,
          1.38629  1.38629  1.38629  1.38629
          0.04330  3.85424  3.85424  1.46634  0.26236  1.09861  0.40547
     76   0.48372  2.10525  2.13478  1.94190     76 A - - ,
          1.38629  1.38629  1.38629  1.38629
          0.04330  3.85424  3.85424  1.46634  0.26236  1.09861  0.40547
     77   0.80995  2.11977  1.45864  1.59698     77 a - - ,
          1.38629  1.38629  1.38629  1.38629
          0.04330  3.85424  3.85424  1.46634  0.26236  1.09861  0.40547
     78   0.20562  2.98134  2.73113  2.65945     78 A - - ,
          1.38629  1.38629  1.38629  1.38629
          0.04330  3.85424  3.85424  1.46634  0.26236  1.09861  0.40547
     79   0.28379  2.61125  2.52627  2.36788     79 A - - ,
          1.38629  1.38629  1.38629  1.38629
          0.04330  3.85424  3.85424  1.46634  0.26236  1.09861  0.40547
     80   0.20562  2.98134  2.73113  2.65945     80 A - - ,
          1.38629  1.38629  1.38629  1.38629
          0.04330  3.85424  3.85424  1.46634  0.26236  1.09861  0.40547
     81   0.58529  2.03914  1.87575  1.83462     81 A - - ,
          1.38629  1.38629  1.38629  1.38629
          0.17686  1.95963  3.85424  0.27763  1.41706  1.09861  0.40547
     82   1.66989  2.03144  0.63779  1.88305     83 G - - )
          1.38629  1.38629  1.38629  1.38629
          0.04330  3.85424  3.85424  1.46634  0.26236  1.09861  0.40547
     83   2.37921  1.11810  2.08960  0.78364     84 u - - )
          1.38629  1.38629  1.38629  1.38629
          0.04330  3.85424  3.85424  1.46634  0.26236  1.09861  0.40547
     84   0.46952  2.59397  1.54333  2.44985     85 A - - )
          1.38629  1.38629  1.38629  1.38629
          0.04330  3.85424  3.85424  1.46634  0.26236  1.09861  0.40547
     85   0.46950  2.59403  1.54333  2.44993     86 A - - )
          1.38629  1.38629  1.38629  1.38629
          0.04330  3.85424  3.85424  1.46634  0.26236  1.09861  0.40547
     86   0.46953  2.59393  1.54333  2.44979     87 A - - )
          1.38629  1.38629  1.38629  1.38629
          0.04330  3.85424  3.85424  1.46634  0.26236  1.09861  0.40547
     87   0.46967  2.59350  1.54332  2.44922     88 A - - )
          1.38629  1.38629  1.38629  1.38629
          0.04330  3.85424  3.85424  1.46634  0.26236  1.09861  0.40547
     88   0.47000  2.59242  1.54331  2.44777     89 A - - )
          1.38629  1.38629  1.38629  1.38629
          0.04330  3.85424  3.85424  1.46634  0.26236  1.09861  0.40547
     89   1.39886  1.92344  0.83359  1.75718     90 g - - )
          1.38629  1.38629  1.38629  1.38629
          0.04330  3.85424  3.85424  1.46634  0.26236  1.09861  0.40547
     90   2.53461  0.27682  3.10368  2.14020     91 C - - -
          1.38629  1.38629  1.38629  1.38629
          0.04330  3.85424  3.85424  1.46634  0.26236  1.09861  0.40547
     91   2.53461  0.27682  3.10368  2.14020     92 C - - -
          1.38629  1.38629  1.38629  1.38629
          0.04330  3.85424  3.85424  1.46634  0.26236  1.09861  0.40547
     92   0.49758  2.50953  1.52125  2.38320     93 A - - <
          1.38629  1.38629  1.38629  1.38629
          0.04330  3.85424  3.85424  1.46634  0.26236  1.09861  0.40547
     93   2.85417  0.32111  2.63867  1.92692     94 C - - <
          1.38629  1.38629  1.38629  1.38629
          0.04330  3.85424  3.85424  1.46634  0.26236  1.09861  0.40547
     94   2.47085  1.77969  2.19213  0.45395     95 U - - <
          1.38629  1.38629  1.38629  1.38629
          0.04330  3.85424  3.85424  1.46634  0.26236  1.09861  0.40547
     95   2.94906  0.25982  2.69383  2.21826     96 C - - <
          1.38629  1.38629  1.38629  1.38629
          0.04330  3.85424  3.85424  1.46634  0.26236  1.09861  0.40547
     96   1.21294  1.81727  2.11614  0.86818     97 u - - _
          1.38629  1.38629  1.38629  1.38629
          0.04330  3.85424  3.85424  1.46634  0.26236  1.09861  0.40547
     97   0.95895  1.69572  1.46564  1.59797     98 a - - _
          1.38629  1.38629  1.38629  1.38629
          0.04330  3.85424  3.85424  1.46634  0.26236  1.09861  0.40547
     98   1.21291  1.59591  1.27738  1.50880     99 a - - _
          1.38629  1.38629  1.38629  1.38629
          0.04330  3.85424  3.85424  1.46634  0.26236  1.09861  0.40547
     99   1.58205  1.23952  1.59312  1.19855    100 u - - _
          1.38629  1.38629  1.38629  1.38629
          0.04330  3.85424  3.85424  1.46634  0.26236  1.09861  0.40547
    100   1.10954  1.23963  1.81887  1.52055    101 a - - _
          1.38629  1.38629  1.38629  1.38629
          0.17560  3.13884  2.13953  0.79562  0.60021  1.09861  0.40547
    101   1.38666  1.56986  1.35885  1.25506    103 u - - _
          1.38629  1.38629  1.38629  1.38629
          0.06441  3.75274  3.24612  1.46634  0.26236  2.02222  0.14198
    102   1.09559  1.96513  1.33750  1.33552    104 a - - _
          1.38629  1.38629  1.38629  1.38629
          0.34185  1.32529  3.73715  1.41709  0.27763  2.10593  0.12980
    103   0.48274  2.19642  2.06506  1.93174    110 A - - _
          1.38629  1.38629  1.38629  1.38629
          0.07530  3.02175  3.73715  1.04769  0.43193  0.39122  1.12773
    104   0.48097  2.44065  1.77694  2.07498    113 A - - _
          1.38629  1.38629  1.38629  1.38629
          0.04393  3.84017  3.84017  1.46634  0.26236  0.79075  0.60423
    105   2.46186  2.67056  0.24693  2.74391    114 G - - >
          1.38629  1.38629  1.38629  1.38629
          0.04330  3.85424  3.85424  1.46634  0.26236  1.09861  0.40547
    106   0.53479  2.36447  1.61114  2.11568    115 A - - >
          1.38629  1.38629  1.38629  1.38629
          0.04330  3.85424  3.85424  1.46634  0.26236  1.09861  0.40547
    107   2.03635  2.80165  0.30547  2.63094    116 G - - >
          1.38629  1.38629  1.38629  1.38629
          0.04330  3.85424  3.85424  1.46634  0.26236  1.09861  0.40547
    108   2.60452  1.72126  2.31781  0.43274    117 U - - >
          1.38629  1.38629  1.38629  1.38629
          0.04330  3.85424  3.85424  1.46634  0.26236  1.09861  0.40547
    109   1.30516  2.48816  0.65343  2.07507    118 G - - :
          1.38629  1.38629  1.38629  1.38629
          0.04330  3.85424  3.85424  1.46634  0.26236  1.09861  0.40547
    110   0.75017  2.00118  1.52452  1.74402    119 a - - :
          1.38629  1.38629  1.38629  1.38629
          0.04330  3.85424  3.85424  1.46634  0.26236  1.09861  0.40547
    111   1.43524  1.06311  2.18814  1.18929    120 c - - :
          1.38629  1.38629  1.38629  1.38629
          0.04330  3.85424  3.85424  1.46634  0.26236  1.09861  0.40547
    112   1.49864  1.78789  2.22520  0.69073    121 U - - :
          1.38629  1.38629  1.38629  1.38629
          0.04330  3.85424  3.85424  1.46634  0.26236  1.09861  0.40547
    113   1.58201  1.81230  1.34388  0.99336    122 u - - :
          1.38629  1.38629  1.38629  1.38629
          0.04330  3.85424  3.85424  1.46634  0.26236  1.09861  0.40547
    114   1.27903  1.92251  1.56970  1.00145    123 u - - :
          1.38629  1.38629  1.38629  1.38629
          0.04330  3.85424  3.85424  1.46634  0.26236  1.09861  0.40547
    115   1.28298  1.73316  1.04534  1.63736    124 g - - :
          1.38629  1.38629  1.38629  1.38629
          0.08878  2.75257  3.85424  1.19592  0.36014  1.09861  0.40547
    116   0.88943  2.33110  1.06200  1.92305    128 a - - :
          1.38629  1.38629  1.38629  1.38629
          0.04330  3.85424  3.85424  1.46634  0.26236  1.09861  0.40547
    117   1.17855  1.66501  1.49359  1.27826    129 a - - :
          1.38629  1.38629  1.38629  1.38629
          0.04330  3.85424  3.85424  1.46634  0.26236  1.09861  0.40547
    118   1.41263  1.73181  1.75575  0.89954    130 u - - :
          1.38629  1.38629  1.38629  1.38629
          0.04330  3.85424  3.85424  1.46634  0.26236  1.09861  0.40547
    119   1.70466  1.98565  1.65051  0.71555    131 u - - :
          1.38629  1.38629  1.38629  1.38629
          0.04330  3.85424  3.85424  1.46634  0.26236  1.09861  0.40547
    120   1.56742  1.94865  1.79129  0.72938    132 u - - :
          1.38629  1.38629  1.38629  1.38629
          0.04330  3.85424  3.85424  1.46634  0.26236  1.09861  0.40547
    121   1.71398  2.25798  0.53816  2.02898    133 G - - :
          1.38629  1.38629  1.38629  1.38629
          0.04330  3.85424  3.85424  1.46634  0.26236  1.09861  0.40547
    122   0.20562  2.98134  2.73113  2.65945    134 A - - :
          1.38629  1.38629  1.38629  1.38629
          0.04330  3.85424  3.85424  1.46634  0.26236  1.09861  0.40547
    123   1.00210  1.94009  1.78827  1.13335    135 a - - :
          1.38629  1.38629  1.38629  1.38629
          0.06844  3.85424  3.10203  1.46634  0.26236  1.09861  0.40547
    124   1.54487  1.41156  1.99452  0.89939    136 u - - :
          1.38629  1.38629  1.38629  1.38629
          0.04438  3.83019  3.83019  1.46634  0.26236  1.41626  0.27789
    125   2.33073  2.34337  2.83465  0.29031    137 U - - :
          1.38629  1.38629  1.38629  1.38629
          0.04438  3.83019  3.83019  1.46634  0.26236  1.41626  0.27789
    126   1.11430  1.91409  1.72640  1.06000    138 u - - :
          1.38629  1.38629  1.38629  1.38629
          0.08152  3.83019  2.87211  1.46634  0.26236  1.41626  0.27789
    127   0.58211  2.33872  1.59186  1.95699    139 A - - :
          1.38629  1.38629  1.38629  1.38629
          0.04602  3.79469  3.79469  1.46634  0.26236  1.74543  0.19185
    128   0.53166  2.17839  1.89885  1.90109    140 A - - :
          1.38629  1.38629  1.38629  1.38629
          0.04602  3.79469  3.79469  1.46634  0.26236  1.74543  0.19185
    129   0.83781  1.90868  1.89345  1.31485    141 a - - :
          1.38629  1.38629  1.38629  1.38629
          0.15816  2.60042  2.63042  1.73259  0.19459  1.74543  0.19185
    130   0.77141  2.00664  2.06677  1.28517    148 a - - :
          1.38629  1.38629  1.38629  1.38629
          0.04848  3.74386  3.74386  1.46634  0.26236  2.07090  0.13476
    131   1.67132  1.98083  2.30460  0.55469    149 U - - :
          1.38629  1.38629  1.38629  1.38629
          0.04848  3.74386  3.74386  1.46634  0.26236  2.07090  0.13476
    132   1.79890  0.94269  2.33428  1.05537    150 c - - :
          1.38629  1.38629  1.38629  1.38629
          0.04848  3.74386  3.74386  1.46634  0.26236  2.07090  0.13476
    133   0.43912  2.43566  1.95050  2.07421    151 A - - :
          1.38629  1.38629  1.38629  1.38629
          0.04848  3.74386  3.74386  1.46634  0.26236  2.07090  0.13476
    134   0.84997  1.98054  1.71588  1.36738    152 a - - :
          1.38629  1.38629  1.38629  1.38629
          0.04848  3.74386  3.74386  1.46634  0.26236  2.07090  0.13476
    135   0.83118  2.24065  1.20952  1.83424    153 a - - :
          1.38629  1.38629  1.38629  1.38629
          0.04848  3.74386  3.74386  1.46634  0.26236  2.07090  0.13476
    136   1.63673  1.85578  2.25690  0.60811    154 U - - :
          1.38629  1.38629  1.38629  1.38629
          0.04848  3.74386  3.74386  1.46634  0.26236  2.07090  0.13476
    137   1.48351  1.93363  2.20568  0.65708    155 U - - :
          1.38629  1.38629  1.38629  1.38629
          0.04848  3.74386  3.74386  1.46634  0.26236  2.07090  0.13476
    138   1.53160  1.10519  2.16691  1.08432    156 u - - :
          1.38629  1.38629  1.38629  1.38629
          0.04848  3.74386  3.74386  1.46634  0.26236  2.07090  0.13476
    139   1.03184  1.19338  2.08587  1.53130    157 a - - :
          1.38629  1.38629  1.38629  1.38629
          0.04848  3.74386  3.74386  1.46634  0.26236  2.07090  0.13476
    140   0.54278  2.20736  2.04647  1.71654    158 A - - :
          1.38629  1.38629  1.38629  1.38629
          0.04848  3.74386  3.74386  1.46634  0.26236  2.07090  0.13476
    141   1.16192  1.77909  1.81906  1.03242    159 u - - :
          1.38629  1.38629  1.38629  1.38629
          0.04848  3.74386  3.74386  1.46634  0.26236  2.07090  0.13476
    142   0.81194  1.81755  2.03196  1.33750    160 a - - :
          1.38629  1.38629  1.38629  1.38629
          0.04848  3.74386  3.74386  1.46634  0.26236  2.07090  0.13476
    143   0.86482  1.69910  1.66190  1.57868    161 a - - :
          1.38629  1.38629  1.38629  1.38629
          0.04848  3.74386  3.74386  1.46634  0.26236  2.07090  0.13476
    144   1.11002  1.75486  1.47523  1.31382    162 a - - :
          1.38629  1.38629  1.38629  1.38629
          0.04848  3.74386  3.74386  1.46634  0.26236  2.07090  0.13476
    145   0.71221  2.04420  2.08507  1.36391    163 a - - :
          1.38629  1.38629  1.38629  1.38629
          0.04848  3.74386  3.74386  1.46634  0.26236  2.07090  0.13476
    146   0.90912  1.72575  2.01584  1.25220    164 a - - :
          1.38629  1.38629  1.38629  1.38629
          0.04848  3.74386  3.74386  1.46634  0.26236  2.07090  0.13476
    147   1.08732  1.66768  2.02124  1.07381    165 u - - :
          1.38629  1.38629  1.38629  1.38629
          0.08210  3.74386  2.89752  1.46634  0.26236  2.07090  0.13476
    148   0.48482  2.09245  2.19241  1.90272    166 A - - :
          1.38629  1.38629  1.38629  1.38629
          0.05010  3.71186  3.71186  1.46634  0.26236  2.22604  0.11424
    149   0.59333  1.97850  1.97447  1.76959    167 A - - :
          1.38629  1.38629  1.38629  1.38629
          0.05010  3.71186  3.71186  1.46634  0.26236  2.22604  0.11424
    150   0.75948  2.03224  1.73843  1.49055    168 a - - :
          1.38629  1.38629  1.38629  1.38629
          0.09935  2.35837        *  1.17463  0.36952  0.00000        *
//
