INFERNAL1/a [1.1.2 | July 2016]
NAME     at_nt_fst_rna1_round5_0001
STATES   285
NODES    72
CLEN     92
W        109
ALPH     RNA
RF       no
CONS     yes
MAP      yes
DATE     Tue Dec 17 06:00:52 2019
COM      [1] cmbuild /home/co78wid/projects/master/results/ta_systems/fst_rna1/2_structure_analysis/infernal_search/at_nt_fst_rna1_cmbuild.txt /home/co78wid/projects/master/results/ta_systems/fst_rna1/1_sequence_analysis/fold/at_nt_fst_rna1_round5.stk
COM      [2] cmcalibrate --cpu 20 /home/co78wid/projects/master/results/ta_systems/fst_rna1/2_structure_analysis/infernal_search/at_nt_fst_rna1_cmbuild.txt
PBEGIN   0.05
PEND     0.05
WBETA    1e-07
QDBBETA1 1e-07
QDBBETA2 1e-15
N2OMEGA  1.52588e-05
N3OMEGA  1.52588e-05
ELSELF   -0.08926734
NSEQ     4
EFFN     0.871094
CKSUM    3604093619
NULL     0.000  0.000  0.000  0.000 
EFP7GF   -6.0243 0.71866
ECMLC    0.54817    -8.35377     2.10281     1600000      370308  0.003241
ECMGC    0.42517   -12.48842    -0.32884     1600000       70362  0.005685
ECMLI    0.49927    -5.80701     4.71641     1600000      229607  0.005226
ECMGI    0.45478    -6.98130     3.63965     1600000       50097  0.007985
CM
                                             [ ROOT    0 ]      -      - - - - -
     S     0    -1 0     1     4     1     1   109   130  -6.432  -6.639  -0.077  -5.053                 
    IL     1     1 2     1     4     3    33   113   134  -1.686  -2.369  -1.117  -4.855                  0.000  0.000  0.000  0.000 
    IR     2     2 3     2     3     2    33   112   133  -1.442  -0.798  -4.142                          0.000  0.000  0.000  0.000 
                                             [ MATL    1 ]     12      - U - - -
    ML     3     2 3     5     3     3    32   109   130  -7.492  -0.029  -6.146                         -0.677 -0.833 -1.351  1.276 
     D     4     2 3     5     3     0    28   108   128  -6.174  -1.687  -0.566                         
    IL     5     5 3     5     3     2    32   111   132  -1.442  -0.798  -4.142                          0.000  0.000  0.000  0.000 
                                             [ MATL    2 ]     13      - A - - -
    ML     6     5 3     8     3     3    31   108   129  -7.492  -0.029  -6.146                          1.417 -1.460 -1.180 -0.928 
     D     7     5 3     8     3     0    28   107   127  -6.174  -1.687  -0.566                         
    IL     8     8 3     8     3     2    31   110   131  -1.442  -0.798  -4.142                          0.000  0.000  0.000  0.000 
                                             [ MATL    3 ]     14      - A - - -
    ML     9     8 3    11     3     3    30   107   127  -7.492  -0.029  -6.146                          1.417 -1.460 -1.180 -0.928 
     D    10     8 3    11     3     0    27   105   126  -6.174  -1.687  -0.566                         
    IL    11    11 3    11     3     2    30   109   129  -1.442  -0.798  -4.142                          0.000  0.000  0.000  0.000 
                                             [ MATL    4 ]     15      - a - - -
    ML    12    11 3    14     3     2    30   106   126  -7.492  -0.029  -6.146                          0.906 -0.832 -0.843  0.010 
     D    13    11 3    14     3     0    26   104   125  -6.174  -1.687  -0.566                         
    IL    14    14 3    14     3     2    30   108   128  -1.442  -0.798  -4.142                          0.000  0.000  0.000  0.000 
                                             [ MATL    5 ]     16      - A - - -
    ML    15    14 3    17     3     2    29   105   125  -7.492  -0.029  -6.146                          1.417 -1.460 -1.180 -0.928 
     D    16    14 3    17     3     0    26   103   124  -6.174  -1.687  -0.566                         
    IL    17    17 3    17     3     1    29   107   127  -1.442  -0.798  -4.142                          0.000  0.000  0.000  0.000 
                                             [ MATL    6 ]     17      - A - - -
    ML    18    17 3    20     3     2    28   104   124  -7.492  -0.029  -6.146                          1.417 -1.460 -1.180 -0.928 
     D    19    17 3    20     3     0    25   102   123  -6.174  -1.687  -0.566                         
    IL    20    20 3    20     3     1    28   106   126  -1.442  -0.798  -4.142                          0.000  0.000  0.000  0.000 
                                             [ MATL    7 ]     18      - U - - -
    ML    21    20 3    23     3     2    27   103   123  -7.492  -0.029  -6.146                         -0.677 -0.833 -1.351  1.276 
     D    22    20 3    23     3     0    24   101   122  -6.174  -1.687  -0.566                         
    IL    23    23 3    23     3     1    27   105   125  -1.442  -0.798  -4.142                          0.000  0.000  0.000  0.000 
                                             [ MATL    8 ]     19      - A - - -
    ML    24    23 3    26     3     1    26   102   122  -7.919  -0.025  -6.236                          1.417 -1.460 -1.180 -0.928 
     D    25    23 3    26     3     0    24   101   121  -5.620  -0.734  -1.403                         
    IL    26    26 3    26     3     1    26   103   123  -1.925  -0.554  -4.164                          0.000  0.000  0.000  0.000 
                                             [ MATR    9 ]      -    103 - U - -
    MR    27    26 3    29     3     1    25   101   121  -7.919  -0.025  -6.236                         -0.677 -0.833 -1.351  1.276 
     D    28    26 3    29     3     0    23    99   119  -6.390  -1.568  -0.620                         
    IR    29    29 3    29     3     1    25   102   122  -1.925  -0.554  -4.164                          0.000  0.000  0.000  0.000 
                                             [ MATR   10 ]      -    102 - U - -
    MR    30    29 3    32     3     1    24   100   120  -7.919  -0.025  -6.236                         -0.677 -0.833 -1.351  1.276 
     D    31    29 3    32     3     0    22    98   119  -6.390  -1.568  -0.620                         
    IR    32    32 3    32     3     1    24   101   121  -1.925  -0.554  -4.164                          0.000  0.000  0.000  0.000 
                                             [ MATR   11 ]      -    101 - U - -
    MR    33    32 3    35     2     1    23    99   119  -7.768  -0.007                                 -0.677 -0.833 -1.351  1.276 
     D    34    32 3    35     2     0    22    98   118  -4.432  -0.068                                 
    IR    35    35 3    35     2     1    23   100   120  -1.823  -0.479                                  0.000  0.000  0.000  0.000 
                                             [ BIF    12 ]      -      - - - - -
     B    36    35 3    37   174     0    22    98   118                                                 
                                             [ BEGL   13 ]      -      - - - - -
     S    37    36 1    38     4     0     2    61    81  -0.053  -6.596  -6.003  -6.643                 
                                             [ MATP   14 ]     20     64 u a - -
    MP    38    37 1    42     6     2     5    61    81  -8.932  -8.871  -0.024  -7.648  -7.927  -8.322 -3.401 -3.163 -3.315  0.472 -2.451 -3.942  1.852 -3.079 -3.332  0.912 -3.738 -1.074  2.722 -3.570 -0.147 -2.219 
    ML    39    37 1    42     6     1     1    59    79  -6.250  -6.596  -1.310  -1.005  -6.446  -3.975  0.368 -0.385 -0.191  0.094 
    MR    40    37 1    42     6     1     1    59    79  -6.988  -5.717  -1.625  -5.695  -0.829  -3.908  0.368 -0.385 -0.191  0.094 
     D    41    37 1    42     6     0     0    57    77  -9.049  -7.747  -3.544  -4.226  -4.244  -0.319 
    IL    42    42 5    42     6     1     1    61    80  -2.579  -2.842  -0.760  -4.497  -5.274  -4.934  0.000  0.000  0.000  0.000 
    IR    43    43 6    43     5     1     1    60    80  -2.408  -0.496  -5.920  -4.087  -5.193          0.000  0.000  0.000  0.000 
                                             [ MATP   15 ]     21     63 G C - -
    MP    44    43 6    48     6     2     5    59    79  -8.932  -8.871  -0.024  -7.648  -7.927  -8.322 -3.845 -2.676 -3.901  0.763 -3.970 -4.305  0.462 -4.047 -3.680  3.316 -4.089 -0.361  0.042 -3.865 -1.537 -2.792 
    ML    45    43 6    48     6     1     1    57    77  -6.250  -6.596  -1.310  -1.005  -6.446  -3.975  0.368 -0.385 -0.191  0.094 
    MR    46    43 6    48     6     1     1    57    77  -6.988  -5.717  -1.625  -5.695  -0.829  -3.908  0.368 -0.385 -0.191  0.094 
     D    47    43 6    48     6     0     0    55    75  -9.049  -7.747  -3.544  -4.226  -4.244  -0.319 
    IL    48    48 5    48     6     1     1    59    78  -2.579  -2.842  -0.760  -4.497  -5.274  -4.934  0.000  0.000  0.000  0.000 
    IR    49    49 6    49     5     1     1    58    78  -2.408  -0.496  -5.920  -4.087  -5.193          0.000  0.000  0.000  0.000 
                                             [ MATP   16 ]     22     62 u a - -
    MP    50    49 6    54     6     2     4    57    77  -8.932  -8.871  -0.024  -7.648  -7.927  -8.322 -2.738 -2.757 -2.780  0.691 -0.131 -3.493  1.989 -2.724 -2.814  0.904 -3.291 -0.957  2.244 -2.971  0.054 -1.806 
    ML    51    49 6    54     6     1     1    55    75  -6.250  -6.596  -1.310  -1.005  -6.446  -3.975  0.368 -0.385 -0.191  0.094 
    MR    52    49 6    54     6     1     1    55    75  -6.988  -5.717  -1.625  -5.695  -0.829  -3.908  0.368 -0.385 -0.191  0.094 
     D    53    49 6    54     6     0     0    53    73  -9.049  -7.747  -3.544  -4.226  -4.244  -0.319 
    IL    54    54 5    54     6     1     1    57    76  -2.579  -2.842  -0.760  -4.497  -5.274  -4.934  0.000  0.000  0.000  0.000 
    IR    55    55 6    55     5     1     1    56    76  -2.408  -0.496  -5.920  -4.087  -5.193          0.000  0.000  0.000  0.000 
                                             [ MATP   17 ]     23     61 u a - -
    MP    56    55 6    60     6     2     4    55    75  -8.932  -8.871  -0.024  -7.648  -7.927  -8.322 -3.401 -3.163 -3.315  0.472 -2.451 -3.942  1.852 -3.079 -3.332  0.912 -3.738 -1.074  2.722 -3.570 -0.147 -2.219 
    ML    57    55 6    60     6     1     1    54    73  -6.250  -6.596  -1.310  -1.005  -6.446  -3.975  0.368 -0.385 -0.191  0.094 
    MR    58    55 6    60     6     1     1    53    73  -6.988  -5.717  -1.625  -5.695  -0.829  -3.908  0.368 -0.385 -0.191  0.094 
     D    59    55 6    60     6     0     0    51    71  -9.049  -7.747  -3.544  -4.226  -4.244  -0.319 
    IL    60    60 5    60     6     1     1    55    74  -2.579  -2.842  -0.760  -4.497  -5.274  -4.934  0.000  0.000  0.000  0.000 
    IR    61    61 6    61     5     1     1    54    74  -2.408  -0.496  -5.920  -4.087  -5.193          0.000  0.000  0.000  0.000 
                                             [ MATP   18 ]     24     60 a u - -
    MP    62    61 6    66     6     2     3    53    73  -8.932  -8.871  -0.024  -7.648  -7.927  -8.322 -3.176 -2.383 -3.225  2.659 -3.248 -4.285  1.025 -3.289 -3.151  1.776 -3.664  0.018  0.594 -3.578 -0.926 -2.104 
    ML    63    61 6    66     6     1     1    52    72  -6.250  -6.596  -1.310  -1.005  -6.446  -3.975  0.368 -0.385 -0.191  0.094 
    MR    64    61 6    66     6     1     1    52    72  -6.988  -5.717  -1.625  -5.695  -0.829  -3.908  0.368 -0.385 -0.191  0.094 
     D    65    61 6    66     6     0     0    50    70  -9.049  -7.747  -3.544  -4.226  -4.244  -0.319 
    IL    66    66 5    66     6     1     1    53    73  -2.579  -2.842  -0.760  -4.497  -5.274  -4.934  0.000  0.000  0.000  0.000 
    IR    67    67 6    67     5     1     1    52    72  -2.408  -0.496  -5.920  -4.087  -5.193          0.000  0.000  0.000  0.000 
                                             [ MATP   19 ]     25     59 u a - -
    MP    68    67 6    72     4     2     2    51    71  -6.432  -6.639  -0.077  -5.053                 -2.798 -2.807 -2.835  0.662 -0.444 -3.546  1.969 -2.768 -2.868  0.888 -3.343 -0.987  2.350 -3.027  0.026 -1.850 
    ML    69    67 6    72     4     1     1    51    71  -3.758  -3.940  -0.507  -2.670                  0.368 -0.385 -0.191  0.094 
    MR    70    67 6    72     4     1     1    51    71  -4.809  -3.838  -1.706  -0.766                  0.368 -0.385 -0.191  0.094 
     D    71    67 6    72     4     0     0    50    70  -4.568  -4.250  -2.265  -0.520                 
    IL    72    72 5    72     4     1     1    52    72  -1.686  -2.369  -1.117  -4.855                  0.000  0.000  0.000  0.000 
    IR    73    73 6    73     3     1     1    52    71  -1.442  -0.798  -4.142                          0.000  0.000  0.000  0.000 
                                             [ MATL   20 ]     26      - A - - -
    ML    74    73 6    76     3     1     1    48    68  -7.492  -0.029  -6.146                          1.417 -1.460 -1.180 -0.928 
     D    75    73 6    76     3     0     0    47    67  -6.174  -1.687  -0.566                         
    IL    76    76 3    76     3     1     1    50    70  -1.442  -0.798  -4.142                          0.000  0.000  0.000  0.000 
                                             [ MATL   21 ]     27      - C - - -
    ML    77    76 3    79     3     1     1    47    67  -7.492  -0.029  -6.146                         -0.699  1.156 -1.461 -0.335 
     D    78    76 3    79     3     0     0    46    66  -6.174  -1.687  -0.566                         
    IL    79    79 3    79     3     1     1    49    69  -1.442  -0.798  -4.142                          0.000  0.000  0.000  0.000 
                                             [ MATL   22 ]     28      - U - - -
    ML    80    79 3    82     3     1     1    46    66  -7.492  -0.029  -6.146                         -0.677 -0.833 -1.351  1.276 
     D    81    79 3    82     3     0     0    45    65  -6.174  -1.687  -0.566                         
    IL    82    82 3    82     3     1     1    48    68  -1.442  -0.798  -4.142                          0.000  0.000  0.000  0.000 
                                             [ MATL   23 ]     29      - A - - -
    ML    83    82 3    85     3     1     1    45    65  -7.492  -0.029  -6.146                          1.417 -1.460 -1.180 -0.928 
     D    84    82 3    85     3     0     0    44    63  -6.174  -1.687  -0.566                         
    IL    85    85 3    85     3     1     1    47    67  -1.442  -0.798  -4.142                          0.000  0.000  0.000  0.000 
                                             [ MATL   24 ]     30      - a - - -
    ML    86    85 3    88     3     1     1    44    64  -7.492  -0.029  -6.146                          0.918 -0.841 -0.846 -0.006 
     D    87    85 3    88     3     0     0    43    62  -6.174  -1.687  -0.566                         
    IL    88    88 3    88     3     1     1    46    66  -1.442  -0.798  -4.142                          0.000  0.000  0.000  0.000 
                                             [ MATL   25 ]     31      - A - - -
    ML    89    88 3    91     3     1     1    43    62  -7.492  -0.029  -6.146                          1.417 -1.460 -1.180 -0.928 
     D    90    88 3    91     3     0     0    42    61  -6.174  -1.687  -0.566                         
    IL    91    91 3    91     3     1     1    45    65  -1.442  -0.798  -4.142                          0.000  0.000  0.000  0.000 
                                             [ MATL   26 ]     32      - g - - -
    ML    92    91 3    94     3     1     1    42    61  -7.919  -0.025  -6.236                          0.304 -1.105  0.672 -0.499 
     D    93    91 3    94     3     0     0    41    60  -5.620  -0.734  -1.403                         
    IL    94    94 3    94     3     1     1    43    62  -1.925  -0.554  -4.164                          0.000  0.000  0.000  0.000 
                                             [ MATR   27 ]      -     58 - a - -
    MR    95    94 3    97     3     1     1    41    60  -7.919  -0.025  -6.236                          0.869 -1.031 -0.070 -0.452 
     D    96    94 3    97     3     0     0    39    59  -6.390  -1.568  -0.620                         
    IR    97    97 3    97     3     1     1    42    61  -1.925  -0.554  -4.164                          0.000  0.000  0.000  0.000 
                                             [ MATR   28 ]      -     57 - A - -
    MR    98    97 3   100     5     1     1    40    59  -6.691  -0.052  -6.506  -6.718  -7.610          1.417 -1.460 -1.180 -0.928 
     D    99    97 3   100     5     0     0    39    58  -5.352  -0.707  -2.978  -4.409  -2.404         
    IR   100   100 3   100     5     1     1    40    60  -2.408  -0.496  -5.920  -4.087  -5.193          0.000  0.000  0.000  0.000 
                                             [ MATP   29 ]     33     56 G C - -
    MP   101   100 3   105     6     2     2    39    58  -8.932  -8.871  -0.024  -7.648  -7.927  -8.322 -3.845 -2.676 -3.901  0.763 -3.970 -4.305  0.462 -4.047 -3.680  3.316 -4.089 -0.361  0.042 -3.865 -1.537 -2.792 
    ML   102   100 3   105     6     1     1    37    57  -6.250  -6.596  -1.310  -1.005  -6.446  -3.975  0.368 -0.385 -0.191  0.094 
    MR   103   100 3   105     6     1     1    37    57  -6.988  -5.717  -1.625  -5.695  -0.829  -3.908  0.368 -0.385 -0.191  0.094 
     D   104   100 3   105     6     0     0    35    54  -9.049  -7.747  -3.544  -4.226  -4.244  -0.319 
    IL   105   105 5   105     6     1     1    39    58  -2.579  -2.842  -0.760  -4.497  -5.274  -4.934  0.000  0.000  0.000  0.000 
    IR   106   106 6   106     5     1     1    38    58  -2.408  -0.496  -5.920  -4.087  -5.193          0.000  0.000  0.000  0.000 
                                             [ MATP   30 ]     34     55 u a - -
    MP   107   106 6   111     6     2     2    37    56  -8.932  -8.871  -0.024  -7.648  -7.927  -8.322 -3.401 -3.163 -3.315  0.472 -2.451 -3.942  1.852 -3.079 -3.332  0.912 -3.738 -1.074  2.722 -3.570 -0.147 -2.219 
    ML   108   106 6   111     6     1     1    35    55  -6.250  -6.596  -1.310  -1.005  -6.446  -3.975  0.368 -0.385 -0.191  0.094 
    MR   109   106 6   111     6     1     1    35    55  -6.988  -5.717  -1.625  -5.695  -0.829  -3.908  0.368 -0.385 -0.191  0.094 
     D   110   106 6   111     6     0     0    33    52  -9.049  -7.747  -3.544  -4.226  -4.244  -0.319 
    IL   111   111 5   111     6     1     1    37    56  -2.579  -2.842  -0.760  -4.497  -5.274  -4.934  0.000  0.000  0.000  0.000 
    IR   112   112 6   112     5     1     1    36    56  -2.408  -0.496  -5.920  -4.087  -5.193          0.000  0.000  0.000  0.000 
                                             [ MATP   31 ]     35     54 g c - -
    MP   113   112 6   117     6     2     2    35    54  -8.932  -8.871  -0.024  -7.648  -7.927  -8.322 -2.991 -2.107 -3.104  1.765 -3.407 -4.166  0.836 -3.262 -2.991  2.046 -3.502  1.803  0.523 -3.407 -1.083 -1.976 
    ML   114   112 6   117     6     1     1    33    53  -6.250  -6.596  -1.310  -1.005  -6.446  -3.975  0.368 -0.385 -0.191  0.094 
    MR   115   112 6   117     6     1     1    33    53  -6.988  -5.717  -1.625  -5.695  -0.829  -3.908  0.368 -0.385 -0.191  0.094 
     D   116   112 6   117     6     0     0    31    50  -9.049  -7.747  -3.544  -4.226  -4.244  -0.319 
    IL   117   117 5   117     6     1     1    35    54  -2.579  -2.842  -0.760  -4.497  -5.274  -4.934  0.000  0.000  0.000  0.000 
    IR   118   118 6   118     5     1     1    34    54  -2.408  -0.496  -5.920  -4.087  -5.193          0.000  0.000  0.000  0.000 
                                             [ MATP   32 ]     36     53 C G - -
    MP   119   118 6   123     6     2     2    33    52  -8.932  -8.871  -0.024  -7.648  -7.927  -8.322 -3.691 -3.490 -3.513  0.178 -2.459 -4.031  3.150 -3.173 -3.546  0.607 -3.885 -1.425  1.123 -3.807 -0.157 -2.420 
    ML   120   118 6   123     6     1     1    32    51  -6.250  -6.596  -1.310  -1.005  -6.446  -3.975  0.368 -0.385 -0.191  0.094 
    MR   121   118 6   123     6     1     1    31    51  -6.988  -5.717  -1.625  -5.695  -0.829  -3.908  0.368 -0.385 -0.191  0.094 
     D   122   118 6   123     6     0     0    29    49  -9.049  -7.747  -3.544  -4.226  -4.244  -0.319 
    IL   123   123 5   123     6     1     1    33    52  -2.579  -2.842  -0.760  -4.497  -5.274  -4.934  0.000  0.000  0.000  0.000 
    IR   124   124 6   124     5     1     1    32    52  -2.408  -0.496  -5.920  -4.087  -5.193          0.000  0.000  0.000  0.000 
                                             [ MATP   33 ]     37     52 G C - -
    MP   125   124 6   129     6     2     2    31    50  -8.932  -8.871  -0.024  -7.648  -7.927  -8.322 -3.845 -2.676 -3.901  0.763 -3.970 -4.305  0.462 -4.047 -3.680  3.316 -4.089 -0.361  0.042 -3.865 -1.537 -2.792 
    ML   126   124 6   129     6     1     1    30    50  -6.250  -6.596  -1.310  -1.005  -6.446  -3.975  0.368 -0.385 -0.191  0.094 
    MR   127   124 6   129     6     1     1    30    49  -6.988  -5.717  -1.625  -5.695  -0.829  -3.908  0.368 -0.385 -0.191  0.094 
     D   128   124 6   129     6     0     0    28    48  -9.049  -7.747  -3.544  -4.226  -4.244  -0.319 
    IL   129   129 5   129     6     1     1    31    50  -2.579  -2.842  -0.760  -4.497  -5.274  -4.934  0.000  0.000  0.000  0.000 
    IR   130   130 6   130     5     1     1    30    50  -2.408  -0.496  -5.920  -4.087  -5.193          0.000  0.000  0.000  0.000 
                                             [ MATP   34 ]     38     51 a u - -
    MP   131   130 6   135     4     2     2    29    48  -6.432  -6.639  -0.077  -5.053                 -3.176 -2.383 -3.225  2.659 -3.248 -4.285  1.025 -3.289 -3.151  1.776 -3.664  0.018  0.594 -3.578 -0.926 -2.104 
    ML   132   130 6   135     4     1     1    29    49  -3.758  -3.940  -0.507  -2.670                  0.368 -0.385 -0.191  0.094 
    MR   133   130 6   135     4     1     1    29    48  -4.809  -3.838  -1.706  -0.766                  0.368 -0.385 -0.191  0.094 
     D   134   130 6   135     4     0     0    28    47  -4.568  -4.250  -2.265  -0.520                 
    IL   135   135 5   135     4     1     1    31    50  -1.686  -2.369  -1.117  -4.855                  0.000  0.000  0.000  0.000 
    IR   136   136 6   136     3     1     1    30    49  -1.442  -0.798  -4.142                          0.000  0.000  0.000  0.000 
                                             [ MATL   35 ]     39      - A - - -
    ML   137   136 6   139     3     1     1    26    45  -7.492  -0.029  -6.146                          1.417 -1.460 -1.180 -0.928 
     D   138   136 6   139     3     0     0    25    44  -6.174  -1.687  -0.566                         
    IL   139   139 3   139     3     1     1    29    48  -1.442  -0.798  -4.142                          0.000  0.000  0.000  0.000 
                                             [ MATL   36 ]     40      - A - - -
    ML   140   139 3   142     3     1     1    25    44  -7.492  -0.029  -6.146                          1.417 -1.460 -1.180 -0.928 
     D   141   139 3   142     3     0     0    24    43  -6.174  -1.687  -0.566                         
    IL   142   142 3   142     3     1     1    27    47  -1.442  -0.798  -4.142                          0.000  0.000  0.000  0.000 
                                             [ MATL   37 ]     41      - C - - -
    ML   143   142 3   145     3     1     1    24    43  -7.492  -0.029  -6.146                         -0.699  1.156 -1.461 -0.335 
     D   144   142 3   145     3     0     0    23    42  -6.174  -1.687  -0.566                         
    IL   145   145 3   145     3     1     1    26    46  -1.442  -0.798  -4.142                          0.000  0.000  0.000  0.000 
                                             [ MATL   38 ]     42      - G - - -
    ML   146   145 3   148     3     1     1    23    42  -7.492  -0.029  -6.146                         -0.604 -1.638  1.339 -1.028 
     D   147   145 3   148     3     0     0    22    41  -6.174  -1.687  -0.566                         
    IL   148   148 3   148     3     1     1    25    44  -1.442  -0.798  -4.142                          0.000  0.000  0.000  0.000 
                                             [ MATL   39 ]     43      - A - - -
    ML   149   148 3   151     3     1     1    22    40  -7.492  -0.029  -6.146                          1.417 -1.460 -1.180 -0.928 
     D   150   148 3   151     3     0     0    20    39  -6.174  -1.687  -0.566                         
    IL   151   151 3   151     3     1     1    24    43  -1.442  -0.798  -4.142                          0.000  0.000  0.000  0.000 
                                             [ MATL   40 ]     44      - C - - -
    ML   152   151 3   154     3     1     1    20    39  -7.492  -0.029  -6.146                         -0.699  1.156 -1.461 -0.335 
     D   153   151 3   154     3     0     0    19    38  -6.174  -1.687  -0.566                         
    IL   154   154 3   154     3     1     1    23    42  -1.442  -0.798  -4.142                          0.000  0.000  0.000  0.000 
                                             [ MATL   41 ]     45      - A - - -
    ML   155   154 3   157     3     1     1    19    38  -7.492  -0.029  -6.146                          1.417 -1.460 -1.180 -0.928 
     D   156   154 3   157     3     0     0    18    37  -6.174  -1.687  -0.566                         
    IL   157   157 3   157     3     1     1    22    41  -1.442  -0.798  -4.142                          0.000  0.000  0.000  0.000 
                                             [ MATL   42 ]     46      - U - - -
    ML   158   157 3   160     3     1     1    18    37  -7.492  -0.029  -6.146                         -0.677 -0.833 -1.351  1.276 
     D   159   157 3   160     3     0     0    17    36  -6.174  -1.687  -0.566                         
    IL   160   160 3   160     3     1     1    21    40  -1.442  -0.798  -4.142                          0.000  0.000  0.000  0.000 
                                             [ MATL   43 ]     47      - U - - -
    ML   161   160 3   163     3     1     1    17    35  -7.492  -0.029  -6.146                         -0.677 -0.833 -1.351  1.276 
     D   162   160 3   163     3     0     0    16    35  -6.174  -1.687  -0.566                         
    IL   163   163 3   163     3     1     1    20    39  -1.442  -0.798  -4.142                          0.000  0.000  0.000  0.000 
                                             [ MATL   44 ]     48      - A - - -
    ML   164   163 3   166     3     1     1    15    34  -7.492  -0.029  -6.146                          1.417 -1.460 -1.180 -0.928 
     D   165   163 3   166     3     0     0    15    33  -6.174  -1.687  -0.566                         
    IL   166   166 3   166     3     1     1    19    37  -1.442  -0.798  -4.142                          0.000  0.000  0.000  0.000 
                                             [ MATL   45 ]     49      - A - - -
    ML   167   166 3   169     3     1     1    13    32  -7.492  -0.029  -6.146                          1.417 -1.460 -1.180 -0.928 
     D   168   166 3   169     3     0     0    13    32  -6.174  -1.687  -0.566                         
    IL   169   169 3   169     3     1     1    18    36  -1.442  -0.798  -4.142                          0.000  0.000  0.000  0.000 
                                             [ MATL   46 ]     50      - A - - -
    ML   170   169 3   172     2     1     1     1     1       *   0.000                                  1.417 -1.460 -1.180 -0.928 
     D   171   169 3   172     2     0     0     0     0       *   0.000                                 
    IL   172   172 3   172     2     1     1    13    28  -1.823  -0.479                                  0.000  0.000  0.000  0.000 
                                             [ END    47 ]      -      - - - - -
     E   173   172 3    -1     0     0     0     0     0                                                 
                                             [ BEGR   48 ]      -      - - - - -
     S   174    36 1   175     3     0     0    51    70  -7.492  -0.029  -6.146                         
    IL   175   175 2   175     3     1     1    54    73  -1.442  -0.798  -4.142                          0.000  0.000  0.000  0.000 
                                             [ MATL   49 ]     65      - C - - -
    ML   176   175 2   178     5     1     1    50    69  -6.691  -0.052  -6.506  -6.718  -7.610         -0.699  1.156 -1.461 -0.335 
     D   177   175 2   178     5     0     0    49    68  -4.959  -0.803  -4.221  -2.596  -2.508         
    IL   178   178 3   178     5     1     1    51    70  -2.408  -0.496  -4.087  -5.920  -5.193          0.000  0.000  0.000  0.000 
                                             [ MATP   50 ]     66    100 a u - -
    MP   179   178 3   183     6     2     2    49    68  -8.932  -8.871  -0.024  -7.648  -7.927  -8.322 -3.176 -2.383 -3.225  2.659 -3.248 -4.285  1.025 -3.289 -3.151  1.776 -3.664  0.018  0.594 -3.578 -0.926 -2.104 
    ML   180   178 3   183     6     1     1    48    67  -6.250  -6.596  -1.310  -1.005  -6.446  -3.975  0.368 -0.385 -0.191  0.094 
    MR   181   178 3   183     6     1     1    48    67  -6.988  -5.717  -1.625  -5.695  -0.829  -3.908  0.368 -0.385 -0.191  0.094 
     D   182   178 3   183     6     0     0    46    65  -9.049  -7.747  -3.544  -4.226  -4.244  -0.319 
    IL   183   183 5   183     6     1     1    49    68  -2.579  -2.842  -0.760  -4.497  -5.274  -4.934  0.000  0.000  0.000  0.000 
    IR   184   184 6   184     5     1     1    49    68  -2.408  -0.496  -5.920  -4.087  -5.193          0.000  0.000  0.000  0.000 
                                             [ MATP   51 ]     67     99 a u - -
    MP   185   184 6   189     6     2     2    47    66  -8.932  -8.871  -0.024  -7.648  -7.927  -8.322 -3.176 -2.383 -3.225  2.659 -3.248 -4.285  1.025 -3.289 -3.151  1.776 -3.664  0.018  0.594 -3.578 -0.926 -2.104 
    ML   186   184 6   189     6     1     1    46    65  -6.250  -6.596  -1.310  -1.005  -6.446  -3.975  0.368 -0.385 -0.191  0.094 
    MR   187   184 6   189     6     1     1    46    65  -6.988  -5.717  -1.625  -5.695  -0.829  -3.908  0.368 -0.385 -0.191  0.094 
     D   188   184 6   189     6     0     0    44    63  -9.049  -7.747  -3.544  -4.226  -4.244  -0.319 
    IL   189   189 5   189     6     1     1    47    66  -2.579  -2.842  -0.760  -4.497  -5.274  -4.934  0.000  0.000  0.000  0.000 
    IR   190   190 6   190     5     1     1    47    66  -2.408  -0.496  -5.920  -4.087  -5.193          0.000  0.000  0.000  0.000 
                                             [ MATP   52 ]     68     98 a u - -
    MP   191   190 6   195     6     2     2    45    64  -8.932  -8.871  -0.024  -7.648  -7.927  -8.322 -3.176 -2.383 -3.225  2.659 -3.248 -4.285  1.025 -3.289 -3.151  1.776 -3.664  0.018  0.594 -3.578 -0.926 -2.104 
    ML   192   190 6   195     6     1     1    44    63  -6.250  -6.596  -1.310  -1.005  -6.446  -3.975  0.368 -0.385 -0.191  0.094 
    MR   193   190 6   195     6     1     1    44    63  -6.988  -5.717  -1.625  -5.695  -0.829  -3.908  0.368 -0.385 -0.191  0.094 
     D   194   190 6   195     6     0     0    42    61  -9.049  -7.747  -3.544  -4.226  -4.244  -0.319 
    IL   195   195 5   195     6     1     1    45    64  -2.579  -2.842  -0.760  -4.497  -5.274  -4.934  0.000  0.000  0.000  0.000 
    IR   196   196 6   196     5     1     1    45    64  -2.408  -0.496  -5.920  -4.087  -5.193          0.000  0.000  0.000  0.000 
                                             [ MATP   53 ]     69     97 a u - -
    MP   197   196 6   201     6     2     2    43    62  -8.932  -8.871  -0.024  -7.648  -7.927  -8.322 -3.176 -2.383 -3.225  2.659 -3.248 -4.285  1.025 -3.289 -3.151  1.776 -3.664  0.018  0.594 -3.578 -0.926 -2.104 
    ML   198   196 6   201     6     1     1    42    61  -6.250  -6.596  -1.310  -1.005  -6.446  -3.975  0.368 -0.385 -0.191  0.094 
    MR   199   196 6   201     6     1     1    42    61  -6.988  -5.717  -1.625  -5.695  -0.829  -3.908  0.368 -0.385 -0.191  0.094 
     D   200   196 6   201     6     0     0    39    59  -9.049  -7.747  -3.544  -4.226  -4.244  -0.319 
    IL   201   201 5   201     6     1     1    43    62  -2.579  -2.842  -0.760  -4.497  -5.274  -4.934  0.000  0.000  0.000  0.000 
    IR   202   202 6   202     5     1     1    43    62  -2.408  -0.496  -5.920  -4.087  -5.193          0.000  0.000  0.000  0.000 
                                             [ MATP   54 ]     70     96 a u - -
    MP   203   202 6   207     6     2     2    41    60  -8.932  -8.871  -0.024  -7.648  -7.927  -8.322 -3.176 -2.383 -3.225  2.659 -3.248 -4.285  1.025 -3.289 -3.151  1.776 -3.664  0.018  0.594 -3.578 -0.926 -2.104 
    ML   204   202 6   207     6     1     1    40    59  -6.250  -6.596  -1.310  -1.005  -6.446  -3.975  0.368 -0.385 -0.191  0.094 
    MR   205   202 6   207     6     1     1    40    59  -6.988  -5.717  -1.625  -5.695  -0.829  -3.908  0.368 -0.385 -0.191  0.094 
     D   206   202 6   207     6     0     0    37    57  -9.049  -7.747  -3.544  -4.226  -4.244  -0.319 
    IL   207   207 5   207     6     1     1    41    60  -2.579  -2.842  -0.760  -4.497  -5.274  -4.934  0.000  0.000  0.000  0.000 
    IR   208   208 6   208     5     1     1    41    60  -2.408  -0.496  -5.920  -4.087  -5.193          0.000  0.000  0.000  0.000 
                                             [ MATP   55 ]     71     95 G C - -
    MP   209   208 6   213     6     2     2    39    58  -8.932  -8.871  -0.024  -7.648  -7.927  -8.322 -3.845 -2.676 -3.901  0.763 -3.970 -4.305  0.462 -4.047 -3.680  3.316 -4.089 -0.361  0.042 -3.865 -1.537 -2.792 
    ML   210   208 6   213     6     1     1    38    57  -6.250  -6.596  -1.310  -1.005  -6.446  -3.975  0.368 -0.385 -0.191  0.094 
    MR   211   208 6   213     6     1     1    38    57  -6.988  -5.717  -1.625  -5.695  -0.829  -3.908  0.368 -0.385 -0.191  0.094 
     D   212   208 6   213     6     0     0    35    55  -9.049  -7.747  -3.544  -4.226  -4.244  -0.319 
    IL   213   213 5   213     6     1     1    39    58  -2.579  -2.842  -0.760  -4.497  -5.274  -4.934  0.000  0.000  0.000  0.000 
    IR   214   214 6   214     5     1     1    39    58  -2.408  -0.496  -5.920  -4.087  -5.193          0.000  0.000  0.000  0.000 
                                             [ MATP   56 ]     72     94 C G - -
    MP   215   214 6   219     6     2     2    37    56  -8.932  -8.871  -0.024  -7.648  -7.927  -8.322 -3.691 -3.490 -3.513  0.178 -2.459 -4.031  3.150 -3.173 -3.546  0.607 -3.885 -1.425  1.123 -3.807 -0.157 -2.420 
    ML   216   214 6   219     6     1     1    36    55  -6.250  -6.596  -1.310  -1.005  -6.446  -3.975  0.368 -0.385 -0.191  0.094 
    MR   217   214 6   219     6     1     1    36    55  -6.988  -5.717  -1.625  -5.695  -0.829  -3.908  0.368 -0.385 -0.191  0.094 
     D   218   214 6   219     6     0     0    33    53  -9.049  -7.747  -3.544  -4.226  -4.244  -0.319 
    IL   219   219 5   219     6     1     1    37    56  -2.579  -2.842  -0.760  -4.497  -5.274  -4.934  0.000  0.000  0.000  0.000 
    IR   220   220 6   220     5     1     1    37    56  -2.408  -0.496  -5.920  -4.087  -5.193          0.000  0.000  0.000  0.000 
                                             [ MATP   57 ]     73     93 a u - -
    MP   221   220 6   225     6     2     2    35    54  -8.932  -8.871  -0.024  -7.648  -7.927  -8.322 -3.176 -2.383 -3.225  2.659 -3.248 -4.285  1.025 -3.289 -3.151  1.776 -3.664  0.018  0.594 -3.578 -0.926 -2.104 
    ML   222   220 6   225     6     1     1    34    53  -6.250  -6.596  -1.310  -1.005  -6.446  -3.975  0.368 -0.385 -0.191  0.094 
    MR   223   220 6   225     6     1     1    34    53  -6.988  -5.717  -1.625  -5.695  -0.829  -3.908  0.368 -0.385 -0.191  0.094 
     D   224   220 6   225     6     0     0    31    51  -9.049  -7.747  -3.544  -4.226  -4.244  -0.319 
    IL   225   225 5   225     6     1     1    35    54  -2.579  -2.842  -0.760  -4.497  -5.274  -4.934  0.000  0.000  0.000  0.000 
    IR   226   226 6   226     5     1     1    35    54  -2.408  -0.496  -5.920  -4.087  -5.193          0.000  0.000  0.000  0.000 
                                             [ MATP   58 ]     74     92 a u - -
    MP   227   226 6   231     6     2     2    33    52  -8.932  -8.871  -0.024  -7.648  -7.927  -8.322 -3.176 -2.383 -3.225  2.659 -3.248 -4.285  1.025 -3.289 -3.151  1.776 -3.664  0.018  0.594 -3.578 -0.926 -2.104 
    ML   228   226 6   231     6     1     1    32    51  -6.250  -6.596  -1.310  -1.005  -6.446  -3.975  0.368 -0.385 -0.191  0.094 
    MR   229   226 6   231     6     1     1    32    51  -6.988  -5.717  -1.625  -5.695  -0.829  -3.908  0.368 -0.385 -0.191  0.094 
     D   230   226 6   231     6     0     0    29    49  -9.049  -7.747  -3.544  -4.226  -4.244  -0.319 
    IL   231   231 5   231     6     1     1    33    52  -2.579  -2.842  -0.760  -4.497  -5.274  -4.934  0.000  0.000  0.000  0.000 
    IR   232   232 6   232     5     1     1    33    52  -2.408  -0.496  -5.920  -4.087  -5.193          0.000  0.000  0.000  0.000 
                                             [ MATP   59 ]     75     91 u a - -
    MP   233   232 6   237     6     2     2    31    50  -8.932  -8.871  -0.024  -7.648  -7.927  -8.322 -3.401 -3.163 -3.315  0.472 -2.451 -3.942  1.852 -3.079 -3.332  0.912 -3.738 -1.074  2.722 -3.570 -0.147 -2.219 
    ML   234   232 6   237     6     1     1    30    49  -6.250  -6.596  -1.310  -1.005  -6.446  -3.975  0.368 -0.385 -0.191  0.094 
    MR   235   232 6   237     6     1     1    30    49  -6.988  -5.717  -1.625  -5.695  -0.829  -3.908  0.368 -0.385 -0.191  0.094 
     D   236   232 6   237     6     0     0    27    47  -9.049  -7.747  -3.544  -4.226  -4.244  -0.319 
    IL   237   237 5   237     6     1     1    31    50  -2.579  -2.842  -0.760  -4.497  -5.274  -4.934  0.000  0.000  0.000  0.000 
    IR   238   238 6   238     5     1     1    31    50  -2.408  -0.496  -5.920  -4.087  -5.193          0.000  0.000  0.000  0.000 
                                             [ MATP   60 ]     76     90 C G - -
    MP   239   238 6   243     6     2     2    29    48  -8.932  -8.871  -0.024  -7.648  -7.927  -8.322 -3.691 -3.490 -3.513  0.178 -2.459 -4.031  3.150 -3.173 -3.546  0.607 -3.885 -1.425  1.123 -3.807 -0.157 -2.420 
    ML   240   238 6   243     6     1     1    28    47  -6.250  -6.596  -1.310  -1.005  -6.446  -3.975  0.368 -0.385 -0.191  0.094 
    MR   241   238 6   243     6     1     1    28    47  -6.988  -5.717  -1.625  -5.695  -0.829  -3.908  0.368 -0.385 -0.191  0.094 
     D   242   238 6   243     6     0     0    26    45  -9.049  -7.747  -3.544  -4.226  -4.244  -0.319 
    IL   243   243 5   243     6     1     1    29    48  -2.579  -2.842  -0.760  -4.497  -5.274  -4.934  0.000  0.000  0.000  0.000 
    IR   244   244 6   244     5     1     1    29    48  -2.408  -0.496  -5.920  -4.087  -5.193          0.000  0.000  0.000  0.000 
                                             [ MATP   61 ]     77     89 C G - -
    MP   245   244 6   249     6     2     2    27    46  -8.932  -8.871  -0.024  -7.648  -7.927  -8.322 -3.691 -3.490 -3.513  0.178 -2.459 -4.031  3.150 -3.173 -3.546  0.607 -3.885 -1.425  1.123 -3.807 -0.157 -2.420 
    ML   246   244 6   249     6     1     1    26    45  -6.250  -6.596  -1.310  -1.005  -6.446  -3.975  0.368 -0.385 -0.191  0.094 
    MR   247   244 6   249     6     1     1    26    45  -6.988  -5.717  -1.625  -5.695  -0.829  -3.908  0.368 -0.385 -0.191  0.094 
     D   248   244 6   249     6     0     0    24    43  -9.049  -7.747  -3.544  -4.226  -4.244  -0.319 
    IL   249   249 5   249     6     1     1    27    46  -2.579  -2.842  -0.760  -4.497  -5.274  -4.934  0.000  0.000  0.000  0.000 
    IR   250   250 6   250     5     1     1    27    46  -2.408  -0.496  -5.920  -4.087  -5.193          0.000  0.000  0.000  0.000 
                                             [ MATP   62 ]     78     88 u a - -
    MP   251   250 6   255     6     2     2    25    44  -8.932  -8.871  -0.024  -7.648  -7.927  -8.322 -3.401 -3.163 -3.315  0.472 -2.451 -3.942  1.852 -3.079 -3.332  0.912 -3.738 -1.074  2.722 -3.570 -0.147 -2.219 
    ML   252   250 6   255     6     1     1    25    44  -6.250  -6.596  -1.310  -1.005  -6.446  -3.975  0.368 -0.385 -0.191  0.094 
    MR   253   250 6   255     6     1     1    24    44  -6.988  -5.717  -1.625  -5.695  -0.829  -3.908  0.368 -0.385 -0.191  0.094 
     D   254   250 6   255     6     0     0    23    42  -9.049  -7.747  -3.544  -4.226  -4.244  -0.319 
    IL   255   255 5   255     6     1     1    25    44  -2.579  -2.842  -0.760  -4.497  -5.274  -4.934  0.000  0.000  0.000  0.000 
    IR   256   256 6   256     5     1     1    25    44  -2.408  -0.496  -5.920  -4.087  -5.193          0.000  0.000  0.000  0.000 
                                             [ MATP   63 ]     79     87 a u - -
    MP   257   256 6   261     4     2     2    23    42  -6.432  -6.639  -0.077  -5.053                 -3.176 -2.383 -3.225  2.659 -3.248 -4.285  1.025 -3.289 -3.151  1.776 -3.664  0.018  0.594 -3.578 -0.926 -2.104 
    ML   258   256 6   261     4     1     1    24    43  -3.758  -3.940  -0.507  -2.670                  0.368 -0.385 -0.191  0.094 
    MR   259   256 6   261     4     1     1    23    43  -4.809  -3.838  -1.706  -0.766                  0.368 -0.385 -0.191  0.094 
     D   260   256 6   261     4     0     0    22    42  -4.568  -4.250  -2.265  -0.520                 
    IL   261   261 5   261     4     1     1    25    44  -1.686  -2.369  -1.117  -4.855                  0.000  0.000  0.000  0.000 
    IR   262   262 6   262     3     1     1    24    43  -1.442  -0.798  -4.142                          0.000  0.000  0.000  0.000 
                                             [ MATL   64 ]     80      - C - - -
    ML   263   262 6   265     3     1     1    20    39  -7.492  -0.029  -6.146                         -0.699  1.156 -1.461 -0.335 
     D   264   262 6   265     3     0     0    19    38  -6.174  -1.687  -0.566                         
    IL   265   265 3   265     3     1     1    23    42  -1.442  -0.798  -4.142                          0.000  0.000  0.000  0.000 
                                             [ MATL   65 ]     81      - G - - -
    ML   266   265 3   268     3     1     1    19    38  -7.492  -0.029  -6.146                         -0.604 -1.638  1.339 -1.028 
     D   267   265 3   268     3     0     0    18    37  -6.174  -1.687  -0.566                         
    IL   268   268 3   268     3     1     1    22    41  -1.442  -0.798  -4.142                          0.000  0.000  0.000  0.000 
                                             [ MATL   66 ]     82      - G - - -
    ML   269   268 3   271     3     1     1    18    37  -7.492  -0.029  -6.146                         -0.604 -1.638  1.339 -1.028 
     D   270   268 3   271     3     0     0    17    36  -6.174  -1.687  -0.566                         
    IL   271   271 3   271     3     1     1    21    40  -1.442  -0.798  -4.142                          0.000  0.000  0.000  0.000 
                                             [ MATL   67 ]     83      - C - - -
    ML   272   271 3   274     3     1     1    17    35  -7.492  -0.029  -6.146                         -0.699  1.156 -1.461 -0.335 
     D   273   271 3   274     3     0     0    16    35  -6.174  -1.687  -0.566                         
    IL   274   274 3   274     3     1     1    20    39  -1.442  -0.798  -4.142                          0.000  0.000  0.000  0.000 
                                             [ MATL   68 ]     84      - G - - -
    ML   275   274 3   277     3     1     1    15    34  -7.492  -0.029  -6.146                         -0.604 -1.638  1.339 -1.028 
     D   276   274 3   277     3     0     0    15    33  -6.174  -1.687  -0.566                         
    IL   277   277 3   277     3     1     1    19    37  -1.442  -0.798  -4.142                          0.000  0.000  0.000  0.000 
                                             [ MATL   69 ]     85      - A - - -
    ML   278   277 3   280     3     1     1    13    32  -7.492  -0.029  -6.146                          1.417 -1.460 -1.180 -0.928 
     D   279   277 3   280     3     0     0    13    32  -6.174  -1.687  -0.566                         
    IL   280   280 3   280     3     1     1    18    36  -1.442  -0.798  -4.142                          0.000  0.000  0.000  0.000 
                                             [ MATL   70 ]     86      - A - - -
    ML   281   280 3   283     2     1     1     1     1       *   0.000                                  1.417 -1.460 -1.180 -0.928 
     D   282   280 3   283     2     0     0     0     0       *   0.000                                 
    IL   283   283 3   283     2     1     1    13    28  -1.823  -0.479                                  0.000  0.000  0.000  0.000 
                                             [ END    71 ]      -      - - - - -
     E   284   283 3    -1     0     0     0     0     0                                                 
//
HMMER3/f [3.1b3 | July 2016]
NAME  at_nt_fst_rna1_round5_0001
LENG  92
MAXL  190
ALPH  RNA
RF    no
MM    no
CONS  yes
CS    yes
MAP   yes
DATE  Tue Dec 17 06:00:53 2019
COM   [1] cmbuild /home/co78wid/projects/master/results/ta_systems/fst_rna1/2_structure_analysis/infernal_search/at_nt_fst_rna1_cmbuild.txt /home/co78wid/projects/master/results/ta_systems/fst_rna1/1_sequence_analysis/fold/at_nt_fst_rna1_round5.stk
NSEQ  4
EFFN  1.519531
CKSUM 3604093619
STATS LOCAL MSV       -8.5015  0.71866
STATS LOCAL VITERBI   -9.7278  0.71866
STATS LOCAL FORWARD   -3.2156  0.71866
HMM          A        C        G        U   
            m->m     m->i     m->d     i->m     i->i     d->m     d->d
  COMPO   1.13880  1.57684  1.52518  1.36418
          1.38629  1.38629  1.38629  1.38629
          0.20840  1.81479  3.67926  2.33593  0.10172  0.00000        *
      1   2.20950  2.24428  2.70597  0.33207     12 U - - :
          1.38629  1.38629  1.38629  1.38629
          0.05180  3.67926  3.67926  1.46634  0.26236  1.09861  0.40547
      2   0.25162  2.80158  2.56945  2.46313     13 A - - :
          1.38629  1.38629  1.38629  1.38629
          0.05180  3.67926  3.67926  1.46634  0.26236  1.09861  0.40547
      3   0.25162  2.80158  2.56945  2.46313     14 A - - :
          1.38629  1.38629  1.38629  1.38629
          0.05180  3.67926  3.67926  1.46634  0.26236  1.09861  0.40547
      4   0.67118  2.07793  2.10745  1.41816     15 A - - :
          1.38629  1.38629  1.38629  1.38629
          0.05180  3.67926  3.67926  1.46634  0.26236  1.09861  0.40547
      5   0.25162  2.80158  2.56945  2.46313     16 A - - :
          1.38629  1.38629  1.38629  1.38629
          0.05180  3.67926  3.67926  1.46634  0.26236  1.09861  0.40547
      6   0.25162  2.80158  2.56945  2.46313     17 A - - :
          1.38629  1.38629  1.38629  1.38629
          0.05180  3.67926  3.67926  1.46634  0.26236  1.09861  0.40547
      7   2.20950  2.24428  2.70597  0.33207     18 U - - :
          1.38629  1.38629  1.38629  1.38629
          0.05180  3.67926  3.67926  1.46634  0.26236  1.09861  0.40547
      8   0.25162  2.80158  2.56945  2.46313     19 A - - :
          1.38629  1.38629  1.38629  1.38629
          0.05180  3.67926  3.67926  1.46634  0.26236  1.09861  0.40547
      9   2.53765  1.59132  2.22513  0.49555     20 U - - <
          1.38629  1.38629  1.38629  1.38629
          0.05180  3.67926  3.67926  1.46634  0.26236  1.09861  0.40547
     10   2.31236  2.77925  0.25656  2.73060     21 G - - <
          1.38629  1.38629  1.38629  1.38629
          0.05180  3.67926  3.67926  1.46634  0.26236  1.09861  0.40547
     11   2.16346  1.11335  1.96659  0.87543     22 u - - <
          1.38629  1.38629  1.38629  1.38629
          0.05180  3.67926  3.67926  1.46634  0.26236  1.09861  0.40547
     12   2.53277  1.59142  2.22350  0.49644     23 U - - <
          1.38629  1.38629  1.38629  1.38629
          0.05180  3.67926  3.67926  1.46634  0.26236  1.09861  0.40547
     13   0.56987  2.28663  1.48705  2.23722     24 A - - <
          1.38629  1.38629  1.38629  1.38629
          0.05180  3.67926  3.67926  1.46634  0.26236  1.09861  0.40547
     14   2.18080  1.18914  1.98014  0.81077     25 u - - <
          1.38629  1.38629  1.38629  1.38629
          0.05180  3.67926  3.67926  1.46634  0.26236  1.09861  0.40547
     15   0.25162  2.80158  2.56945  2.46313     26 A - - -
          1.38629  1.38629  1.38629  1.38629
          0.05180  3.67926  3.67926  1.46634  0.26236  1.09861  0.40547
     16   2.32145  0.34741  2.88101  1.97131     27 C - - -
          1.38629  1.38629  1.38629  1.38629
          0.05180  3.67926  3.67926  1.46634  0.26236  1.09861  0.40547
     17   2.20950  2.24428  2.70597  0.33207     28 U - - -
          1.38629  1.38629  1.38629  1.38629
          0.05180  3.67926  3.67926  1.46634  0.26236  1.09861  0.40547
     18   0.25162  2.80158  2.56945  2.46313     29 A - - -
          1.38629  1.38629  1.38629  1.38629
          0.05180  3.67926  3.67926  1.46634  0.26236  1.09861  0.40547
     19   0.66151  2.08569  2.11183  1.43259     30 A - - -
          1.38629  1.38629  1.38629  1.38629
          0.05180  3.67926  3.67926  1.46634  0.26236  1.09861  0.40547
     20   0.25162  2.80158  2.56945  2.46313     31 A - - -
          1.38629  1.38629  1.38629  1.38629
          0.05180  3.67926  3.67926  1.46634  0.26236  1.09861  0.40547
     21   1.19368  2.34771  0.78467  1.93075     32 g - - -
          1.38629  1.38629  1.38629  1.38629
          0.05180  3.67926  3.67926  1.46634  0.26236  1.09861  0.40547
     22   2.30671  2.77402  0.25836  2.72286     33 G - - <
          1.38629  1.38629  1.38629  1.38629
          0.05180  3.67926  3.67926  1.46634  0.26236  1.09861  0.40547
     23   2.53053  1.59146  2.22275  0.49685     34 U - - <
          1.38629  1.38629  1.38629  1.38629
          0.05180  3.67926  3.67926  1.46634  0.26236  1.09861  0.40547
     24   1.35136  2.37279  0.61448  2.23521     35 G - - <
          1.38629  1.38629  1.38629  1.38629
          0.05180  3.67926  3.67926  1.46634  0.26236  1.09861  0.40547
     25   2.76951  0.37432  2.48299  1.79542     36 C - - <
          1.38629  1.38629  1.38629  1.38629
          0.05180  3.67926  3.67926  1.46634  0.26236  1.09861  0.40547
     26   2.30950  2.77661  0.25747  2.72668     37 G - - <
          1.38629  1.38629  1.38629  1.38629
          0.05180  3.67926  3.67926  1.46634  0.26236  1.09861  0.40547
     27   0.56999  2.28638  1.48706  2.23680     38 A - - <
          1.38629  1.38629  1.38629  1.38629
          0.05180  3.67926  3.67926  1.46634  0.26236  1.09861  0.40547
     28   0.25162  2.80158  2.56945  2.46313     39 A - - _
          1.38629  1.38629  1.38629  1.38629
          0.05180  3.67926  3.67926  1.46634  0.26236  1.09861  0.40547
     29   0.25162  2.80158  2.56945  2.46313     40 A - - _
          1.38629  1.38629  1.38629  1.38629
          0.05180  3.67926  3.67926  1.46634  0.26236  1.09861  0.40547
     30   2.32145  0.34741  2.88101  1.97131     41 C - - _
          1.38629  1.38629  1.38629  1.38629
          0.05180  3.67926  3.67926  1.46634  0.26236  1.09861  0.40547
     31   2.23756  3.04231  0.25818  2.61591     42 G - - _
          1.38629  1.38629  1.38629  1.38629
          0.05180  3.67926  3.67926  1.46634  0.26236  1.09861  0.40547
     32   0.25162  2.80158  2.56945  2.46313     43 A - - _
          1.38629  1.38629  1.38629  1.38629
          0.05180  3.67926  3.67926  1.46634  0.26236  1.09861  0.40547
     33   2.32145  0.34741  2.88101  1.97131     44 C - - _
          1.38629  1.38629  1.38629  1.38629
          0.05180  3.67926  3.67926  1.46634  0.26236  1.09861  0.40547
     34   0.25162  2.80158  2.56945  2.46313     45 A - - _
          1.38629  1.38629  1.38629  1.38629
          0.05180  3.67926  3.67926  1.46634  0.26236  1.09861  0.40547
     35   2.20950  2.24428  2.70597  0.33207     46 U - - _
          1.38629  1.38629  1.38629  1.38629
          0.05180  3.67926  3.67926  1.46634  0.26236  1.09861  0.40547
     36   2.20950  2.24428  2.70597  0.33207     47 U - - _
          1.38629  1.38629  1.38629  1.38629
          0.05180  3.67926  3.67926  1.46634  0.26236  1.09861  0.40547
     37   0.25162  2.80158  2.56945  2.46313     48 A - - _
          1.38629  1.38629  1.38629  1.38629
          0.05180  3.67926  3.67926  1.46634  0.26236  1.09861  0.40547
     38   0.25162  2.80158  2.56945  2.46313     49 A - - _
          1.38629  1.38629  1.38629  1.38629
          0.05180  3.67926  3.67926  1.46634  0.26236  1.09861  0.40547
     39   0.25162  2.80158  2.56945  2.46313     50 A - - _
          1.38629  1.38629  1.38629  1.38629
          0.05180  3.67926  3.67926  1.46634  0.26236  1.09861  0.40547
     40   2.46867  1.73336  2.10289  0.48368     51 U - - >
          1.38629  1.38629  1.38629  1.38629
          0.05180  3.67926  3.67926  1.46634  0.26236  1.09861  0.40547
     41   2.94705  0.30033  2.60590  2.01668     52 C - - >
          1.38629  1.38629  1.38629  1.38629
          0.05180  3.67926  3.67926  1.46634  0.26236  1.09861  0.40547
     42   2.06894  2.64917  0.32431  2.52643     53 G - - >
          1.38629  1.38629  1.38629  1.38629
          0.05180  3.67926  3.67926  1.46634  0.26236  1.09861  0.40547
     43   2.45642  1.47817  2.17968  0.55665     54 U - - >
          1.38629  1.38629  1.38629  1.38629
          0.05180  3.67926  3.67926  1.46634  0.26236  1.09861  0.40547
     44   0.56593  2.39952  1.42779  2.28705     55 A - - >
          1.38629  1.38629  1.38629  1.38629
          0.05180  3.67926  3.67926  1.46634  0.26236  1.09861  0.40547
     45   2.95407  0.29932  2.60857  2.01805     56 C - - >
          1.38629  1.38629  1.38629  1.38629
          0.05180  3.67926  3.67926  1.46634  0.26236  1.09861  0.40547
     46   0.25162  2.80158  2.56945  2.46313     57 A - - -
          1.38629  1.38629  1.38629  1.38629
          0.05180  3.67926  3.67926  1.46634  0.26236  1.09861  0.40547
     47   0.69797  2.26654  1.40744  1.87102     58 a - - -
          1.38629  1.38629  1.38629  1.38629
          0.05180  3.67926  3.67926  1.46634  0.26236  1.09861  0.40547
     48   0.80822  2.14556  1.21102  1.97002     59 a - - >
          1.38629  1.38629  1.38629  1.38629
          0.05180  3.67926  3.67926  1.46634  0.26236  1.09861  0.40547
     49   2.46811  1.73335  2.10273  0.48379     60 U - - >
          1.38629  1.38629  1.38629  1.38629
          0.05180  3.67926  3.67926  1.46634  0.26236  1.09861  0.40547
     50   0.56654  2.39793  1.42792  2.28472     61 A - - >
          1.38629  1.38629  1.38629  1.38629
          0.05180  3.67926  3.67926  1.46634  0.26236  1.09861  0.40547
     51   0.83116  2.13103  1.19153  1.95202     62 a - - >
          1.38629  1.38629  1.38629  1.38629
          0.05180  3.67926  3.67926  1.46634  0.26236  1.09861  0.40547
     52   2.93901  0.30149  2.60282  2.01511     63 C - - >
          1.38629  1.38629  1.38629  1.38629
          0.05180  3.67926  3.67926  1.46634  0.26236  1.09861  0.40547
     53   0.56771  2.39496  1.42815  2.28037     64 A - - >
          1.38629  1.38629  1.38629  1.38629
          0.05180  3.67926  3.67926  1.46634  0.26236  1.09861  0.40547
     54   2.32145  0.34741  2.88101  1.97131     65 C - - -
          1.38629  1.38629  1.38629  1.38629
          0.05180  3.67926  3.67926  1.46634  0.26236  1.09861  0.40547
     55   0.56949  2.28741  1.48702  2.23854     66 A - - <
          1.38629  1.38629  1.38629  1.38629
          0.05180  3.67926  3.67926  1.46634  0.26236  1.09861  0.40547
     56   0.56952  2.28736  1.48702  2.23845     67 A - - <
          1.38629  1.38629  1.38629  1.38629
          0.05180  3.67926  3.67926  1.46634  0.26236  1.09861  0.40547
     57   0.56960  2.28719  1.48703  2.23816     68 A - - <
          1.38629  1.38629  1.38629  1.38629
          0.05180  3.67926  3.67926  1.46634  0.26236  1.09861  0.40547
     58   0.56970  2.28698  1.48704  2.23781     69 A - - <
          1.38629  1.38629  1.38629  1.38629
          0.05180  3.67926  3.67926  1.46634  0.26236  1.09861  0.40547
     59   0.56980  2.28678  1.48704  2.23748     70 A - - <
          1.38629  1.38629  1.38629  1.38629
          0.05180  3.67926  3.67926  1.46634  0.26236  1.09861  0.40547
     60   2.30982  2.77690  0.25737  2.72711     71 G - - <
          1.38629  1.38629  1.38629  1.38629
          0.05180  3.67926  3.67926  1.46634  0.26236  1.09861  0.40547
     61   2.76908  0.37439  2.48282  1.79536     72 C - - <
          1.38629  1.38629  1.38629  1.38629
          0.05180  3.67926  3.67926  1.46634  0.26236  1.09861  0.40547
     62   0.57002  2.28632  1.48706  2.23669     73 A - - <
          1.38629  1.38629  1.38629  1.38629
          0.05180  3.67926  3.67926  1.46634  0.26236  1.09861  0.40547
     63   0.57008  2.28621  1.48706  2.23650     74 A - - <
          1.38629  1.38629  1.38629  1.38629
          0.05180  3.67926  3.67926  1.46634  0.26236  1.09861  0.40547
     64   2.53021  1.59147  2.22264  0.49691     75 U - - <
          1.38629  1.38629  1.38629  1.38629
          0.05180  3.67926  3.67926  1.46634  0.26236  1.09861  0.40547
     65   2.76718  0.37473  2.48208  1.79508     76 C - - <
          1.38629  1.38629  1.38629  1.38629
          0.05180  3.67926  3.67926  1.46634  0.26236  1.09861  0.40547
     66   2.76689  0.37478  2.48197  1.79504     77 C - - <
          1.38629  1.38629  1.38629  1.38629
          0.05180  3.67926  3.67926  1.46634  0.26236  1.09861  0.40547
     67   2.52956  1.59148  2.22243  0.49703     78 U - - <
          1.38629  1.38629  1.38629  1.38629
          0.05180  3.67926  3.67926  1.46634  0.26236  1.09861  0.40547
     68   0.57023  2.28589  1.48707  2.23596     79 A - - <
          1.38629  1.38629  1.38629  1.38629
          0.05180  3.67926  3.67926  1.46634  0.26236  1.09861  0.40547
     69   2.32145  0.34741  2.88101  1.97131     80 C - - _
          1.38629  1.38629  1.38629  1.38629
          0.05180  3.67926  3.67926  1.46634  0.26236  1.09861  0.40547
     70   2.23756  3.04231  0.25818  2.61591     81 G - - _
          1.38629  1.38629  1.38629  1.38629
          0.05180  3.67926  3.67926  1.46634  0.26236  1.09861  0.40547
     71   2.23756  3.04231  0.25818  2.61591     82 G - - _
          1.38629  1.38629  1.38629  1.38629
          0.05180  3.67926  3.67926  1.46634  0.26236  1.09861  0.40547
     72   2.32145  0.34741  2.88101  1.97131     83 C - - _
          1.38629  1.38629  1.38629  1.38629
          0.05180  3.67926  3.67926  1.46634  0.26236  1.09861  0.40547
     73   2.23756  3.04231  0.25818  2.61591     84 G - - _
          1.38629  1.38629  1.38629  1.38629
          0.05180  3.67926  3.67926  1.46634  0.26236  1.09861  0.40547
     74   0.25162  2.80158  2.56945  2.46313     85 A - - _
          1.38629  1.38629  1.38629  1.38629
          0.05180  3.67926  3.67926  1.46634  0.26236  1.09861  0.40547
     75   0.25162  2.80158  2.56945  2.46313     86 A - - _
          1.38629  1.38629  1.38629  1.38629
          0.05180  3.67926  3.67926  1.46634  0.26236  1.09861  0.40547
     76   2.46656  1.73330  2.10229  0.48411     87 U - - >
          1.38629  1.38629  1.38629  1.38629
          0.05180  3.67926  3.67926  1.46634  0.26236  1.09861  0.40547
     77   0.56672  2.39747  1.42795  2.28404     88 A - - >
          1.38629  1.38629  1.38629  1.38629
          0.05180  3.67926  3.67926  1.46634  0.26236  1.09861  0.40547
     78   2.06722  2.64728  0.32508  2.52385     89 G - - >
          1.38629  1.38629  1.38629  1.38629
          0.05180  3.67926  3.67926  1.46634  0.26236  1.09861  0.40547
     79   2.06735  2.64743  0.32502  2.52404     90 G - - >
          1.38629  1.38629  1.38629  1.38629
          0.05180  3.67926  3.67926  1.46634  0.26236  1.09861  0.40547
     80   0.56661  2.39775  1.42793  2.28445     91 A - - >
          1.38629  1.38629  1.38629  1.38629
          0.05180  3.67926  3.67926  1.46634  0.26236  1.09861  0.40547
     81   2.46777  1.73334  2.10263  0.48386     92 U - - >
          1.38629  1.38629  1.38629  1.38629
          0.05180  3.67926  3.67926  1.46634  0.26236  1.09861  0.40547
     82   2.46817  1.73335  2.10274  0.48378     93 U - - >
          1.38629  1.38629  1.38629  1.38629
          0.05180  3.67926  3.67926  1.46634  0.26236  1.09861  0.40547
     83   2.06819  2.64835  0.32465  2.52530     94 G - - >
          1.38629  1.38629  1.38629  1.38629
          0.05180  3.67926  3.67926  1.46634  0.26236  1.09861  0.40547
     84   2.94694  0.30035  2.60585  2.01666     95 C - - >
          1.38629  1.38629  1.38629  1.38629
          0.05180  3.67926  3.67926  1.46634  0.26236  1.09861  0.40547
     85   2.46987  1.73340  2.10322  0.48344     96 U - - >
          1.38629  1.38629  1.38629  1.38629
          0.05180  3.67926  3.67926  1.46634  0.26236  1.09861  0.40547
     86   2.47057  1.73342  2.10342  0.48330     97 U - - >
          1.38629  1.38629  1.38629  1.38629
          0.05180  3.67926  3.67926  1.46634  0.26236  1.09861  0.40547
     87   2.47129  1.73344  2.10362  0.48315     98 U - - >
          1.38629  1.38629  1.38629  1.38629
          0.05180  3.67926  3.67926  1.46634  0.26236  1.09861  0.40547
     88   2.47191  1.73346  2.10380  0.48303     99 U - - >
          1.38629  1.38629  1.38629  1.38629
          0.05180  3.67926  3.67926  1.46634  0.26236  1.09861  0.40547
     89   2.47220  1.73347  2.10388  0.48297    100 U - - >
          1.38629  1.38629  1.38629  1.38629
          0.05180  3.67926  3.67926  1.46634  0.26236  1.09861  0.40547
     90   2.20950  2.24428  2.70597  0.33207    101 U - - :
          1.38629  1.38629  1.38629  1.38629
          0.05180  3.67926  3.67926  1.46634  0.26236  1.09861  0.40547
     91   2.20950  2.24428  2.70597  0.33207    102 U - - :
          1.38629  1.38629  1.38629  1.38629
          0.05180  3.67926  3.67926  1.46634  0.26236  1.09861  0.40547
     92   2.20950  2.24428  2.70597  0.33207    103 U - - :
          1.38629  1.38629  1.38629  1.38629
          0.02624  3.65370        *  1.46634  0.26236  0.00000        *
//
