INFERNAL1/a [1.1.2 | July 2016]
NAME     t_nt_fst_rna1_round5_0001
STATES   320
NODES    81
CLEN     102
W        134
ALPH     RNA
RF       no
CONS     yes
MAP      yes
DATE     Tue Dec 17 06:15:16 2019
COM      [1] cmbuild /home/co78wid/projects/master/results/ta_systems/fst_rna1/2_structure_analysis/infernal_search/t_nt_fst_rna1_cmbuild.txt /home/co78wid/projects/master/results/ta_systems/fst_rna1/1_sequence_analysis/fold/t_nt_fst_rna1_round5.stk
COM      [2] cmcalibrate --cpu 20 /home/co78wid/projects/master/results/ta_systems/fst_rna1/2_structure_analysis/infernal_search/t_nt_fst_rna1_cmbuild.txt
PBEGIN   0.05
PEND     0.05
WBETA    1e-07
QDBBETA1 1e-07
QDBBETA2 1e-15
N2OMEGA  1.52588e-05
N3OMEGA  1.52588e-05
ELSELF   -0.08926734
NSEQ     4
EFFN     0.714844
CKSUM    505487268
NULL     0.000  0.000  0.000  0.000 
EFP7GF   -5.6487 0.71860
ECMLC    0.60793    -6.61242     2.77615     1600000      361370  0.003321
ECMGC    0.41897   -14.29677    -3.99586     1600000       29950  0.013356
ECMLI    0.59861    -4.73658     4.27572     1600000      264321  0.004540
ECMGI    0.48132    -7.93421     0.99094     1600000       29358  0.013625
CM
                                             [ ROOT    0 ]      -      - - - - -
     S     0    -1 0     1     4     0     1   134   177  -6.338  -6.545  -0.082  -4.959                 
    IL     1     1 2     1     4    12    45   136   180  -1.686  -2.369  -1.117  -4.855                  0.000  0.000  0.000  0.000 
    IR     2     2 3     2     3    11    45   135   179  -1.442  -0.798  -4.142                          0.000  0.000  0.000  0.000 
                                             [ MATL    1 ]      1      - G - - -
    ML     3     2 3     5     3    12    44   134   177  -7.407  -0.030  -6.061                         -0.445 -1.442  1.225 -0.838 
     D     4     2 3     5     3     7    40   132   175  -6.174  -1.687  -0.566                         
    IL     5     5 3     5     3    11    44   134   178  -1.442  -0.798  -4.142                          0.000  0.000  0.000  0.000 
                                             [ MATL    2 ]      2      - U - - -
    ML     6     5 3     8     3    11    43   133   176  -7.407  -0.030  -6.061                         -0.544 -0.734 -1.204  1.188 
     D     7     5 3     8     3     7    39   131   174  -6.174  -1.687  -0.566                         
    IL     8     8 3     8     3    10    43   133   177  -1.442  -0.798  -4.142                          0.000  0.000  0.000  0.000 
                                             [ MATL    3 ]      3      - G - - -
    ML     9     8 3    11     3    11    42   132   175  -7.407  -0.030  -6.061                         -0.445 -1.442  1.225 -0.838 
     D    10     8 3    11     3     7    39   130   173  -6.174  -1.687  -0.566                         
    IL    11    11 3    11     3    10    42   132   176  -1.442  -0.798  -4.142                          0.000  0.000  0.000  0.000 
                                             [ MATL    4 ]      4      - A - - -
    ML    12    11 3    14     3    10    41   131   174  -7.407  -0.030  -6.061                          1.335 -1.308 -1.041 -0.769 
     D    13    11 3    14     3     6    38   129   172  -6.174  -1.687  -0.566                         
    IL    14    14 3    14     3    10    41   131   175  -1.442  -0.798  -4.142                          0.000  0.000  0.000  0.000 
                                             [ MATL    5 ]      5      - A - - -
    ML    15    14 3    17     3    10    40   130   173  -7.407  -0.030  -6.061                          1.335 -1.308 -1.041 -0.769 
     D    16    14 3    17     3     6    37   128   171  -6.174  -1.687  -0.566                         
    IL    17    17 3    17     3     9    40   130   174  -1.442  -0.798  -4.142                          0.000  0.000  0.000  0.000 
                                             [ MATL    6 ]      6      - A - - -
    ML    18    17 3    20     3     9    39   129   172  -7.842  -0.027  -6.159                          1.335 -1.308 -1.041 -0.769 
     D    19    17 3    20     3     6    37   127   171  -5.620  -0.734  -1.403                         
    IL    20    20 3    20     3     8    39   129   173  -1.925  -0.554  -4.164                          0.000  0.000  0.000  0.000 
                                             [ MATR    7 ]      -    102 - A - -
    MR    21    20 3    23     3     8    38   128   171  -7.842  -0.027  -6.159                          1.335 -1.308 -1.041 -0.769 
     D    22    20 3    23     3     5    35   126   169  -6.390  -1.568  -0.620                         
    IR    23    23 3    23     3     8    38   128   172  -1.925  -0.554  -4.164                          0.000  0.000  0.000  0.000 
                                             [ MATR    8 ]      -    101 - A - -
    MR    24    23 3    26     3     8    37   127   170  -7.842  -0.027  -6.159                          1.335 -1.308 -1.041 -0.769 
     D    25    23 3    26     3     4    35   125   168  -6.390  -1.568  -0.620                         
    IR    26    26 3    26     3     7    37   127   171  -1.925  -0.554  -4.164                          0.000  0.000  0.000  0.000 
                                             [ MATR    9 ]      -    100 - U - -
    MR    27    26 3    29     3     7    36   126   169  -7.842  -0.027  -6.159                         -0.544 -0.734 -1.204  1.188 
     D    28    26 3    29     3     4    34   124   167  -6.390  -1.568  -0.620                         
    IR    29    29 3    29     3     7    36   126   170  -1.925  -0.554  -4.164                          0.000  0.000  0.000  0.000 
                                             [ MATR   10 ]      -     99 - G - -
    MR    30    29 3    32     3     6    35   125   168  -7.842  -0.027  -6.159                         -0.445 -1.442  1.225 -0.838 
     D    31    29 3    32     3     4    33   123   167  -6.390  -1.568  -0.620                         
    IR    32    32 3    32     3     6    36   125   169  -1.925  -0.554  -4.164                          0.000  0.000  0.000  0.000 
                                             [ MATR   11 ]      -     98 - A - -
    MR    33    32 3    35     3     5    34   124   167  -7.842  -0.027  -6.159                          1.335 -1.308 -1.041 -0.769 
     D    34    32 3    35     3     3    33   122   166  -6.390  -1.568  -0.620                         
    IR    35    35 3    35     3     5    35   124   168  -1.925  -0.554  -4.164                          0.000  0.000  0.000  0.000 
                                             [ MATR   12 ]      -     97 - A - -
    MR    36    35 3    38     2     4    33   123   166  -7.657  -0.007                                  1.335 -1.308 -1.041 -0.769 
     D    37    35 3    38     2     3    33   122   165  -4.432  -0.068                                 
    IR    38    38 3    38     2     4    34   123   167  -1.823  -0.479                                  0.000  0.000  0.000  0.000 
                                             [ BIF    13 ]      -      - - - - -
     B    39    38 3    40    75     3    32   122   165                                                 
                                             [ BEGL   14 ]      -      - - - - -
     S    40    39 1    41     4     0     0    25    44  -0.054  -6.557  -5.965  -6.605                 
                                             [ MATP   15 ]      7     17 G C - -
    MP    41    40 1    45     6     2     2    25    44  -8.904  -8.843  -0.024  -7.620  -7.899  -8.294 -3.697 -2.609 -3.751  0.851 -3.760 -4.231  0.645 -3.874 -3.560  3.228 -3.981 -0.294  0.215 -3.763 -1.350 -2.643 
    ML    42    40 1    45     6     1     1    24    43  -6.250  -6.596  -1.310  -1.005  -6.446  -3.975  0.368 -0.385 -0.191  0.094 
    MR    43    40 1    45     6     1     1    24    43  -6.988  -5.717  -1.625  -5.695  -0.829  -3.908  0.368 -0.385 -0.191  0.094 
     D    44    40 1    45     6     0     0    22    41  -9.049  -7.747  -3.544  -4.226  -4.244  -0.319 
    IL    45    45 5    45     6     1     1    25    44  -2.579  -2.842  -0.760  -4.497  -5.274  -4.934  0.000  0.000  0.000  0.000 
    IR    46    46 6    46     5     1     1    25    44  -2.408  -0.496  -5.920  -4.087  -5.193          0.000  0.000  0.000  0.000 
                                             [ MATP   16 ]      8     16 a u - -
    MP    47    46 6    51     6     2     2    23    42  -8.904  -8.843  -0.024  -7.620  -7.899  -8.294 -3.112 -2.339 -3.161  2.510 -3.138 -4.180  1.137 -3.220 -3.090  1.868 -3.597  0.045  0.699 -3.491 -0.818 -2.045 
    ML    48    46 6    51     6     1     1    23    42  -6.250  -6.596  -1.310  -1.005  -6.446  -3.975  0.368 -0.385 -0.191  0.094 
    MR    49    46 6    51     6     1     1    22    41  -6.988  -5.717  -1.625  -5.695  -0.829  -3.908  0.368 -0.385 -0.191  0.094 
     D    50    46 6    51     6     0     0    21    40  -9.049  -7.747  -3.544  -4.226  -4.244  -0.319 
    IL    51    51 5    51     6     1     1    23    42  -2.579  -2.842  -0.760  -4.497  -5.274  -4.934  0.000  0.000  0.000  0.000 
    IR    52    52 6    52     5     1     1    23    42  -2.408  -0.496  -5.920  -4.087  -5.193          0.000  0.000  0.000  0.000 
                                             [ MATP   17 ]      9     15 c g - -
    MP    53    52 6    57     4     2     2    21    40  -6.338  -6.545  -0.082  -4.959                 -3.170 -3.016 -3.070  0.555 -2.169 -3.651  2.087 -2.828 -3.105  0.958 -3.492 -1.029  1.407 -3.326  1.945 -2.022 
    ML    54    52 6    57     4     1     1    22    41  -3.758  -3.940  -0.507  -2.670                  0.368 -0.385 -0.191  0.094 
    MR    55    52 6    57     4     1     1    21    40  -4.809  -3.838  -1.706  -0.766                  0.368 -0.385 -0.191  0.094 
     D    56    52 6    57     4     0     0    20    39  -4.568  -4.250  -2.265  -0.520                 
    IL    57    57 5    57     4     1     1    23    42  -1.686  -2.369  -1.117  -4.855                  0.000  0.000  0.000  0.000 
    IR    58    58 6    58     3     1     1    22    41  -1.442  -0.798  -4.142                          0.000  0.000  0.000  0.000 
                                             [ MATL   18 ]     10      - U - - -
    ML    59    58 6    61     3     1     1    18    37  -7.407  -0.030  -6.061                         -0.544 -0.734 -1.204  1.188 
     D    60    58 6    61     3     0     0    17    36  -6.174  -1.687  -0.566                         
    IL    61    61 3    61     3     1     1    21    40  -1.442  -0.798  -4.142                          0.000  0.000  0.000  0.000 
                                             [ MATL   19 ]     11      - U - - -
    ML    62    61 3    64     3     1     1    17    35  -7.407  -0.030  -6.061                         -0.544 -0.734 -1.204  1.188 
     D    63    61 3    64     3     0     0    16    35  -6.174  -1.687  -0.566                         
    IL    64    64 3    64     3     1     1    20    39  -1.442  -0.798  -4.142                          0.000  0.000  0.000  0.000 
                                             [ MATL   20 ]     12      - A - - -
    ML    65    64 3    67     3     1     1    15    34  -7.407  -0.030  -6.061                          1.335 -1.308 -1.041 -0.769 
     D    66    64 3    67     3     0     0    15    33  -6.174  -1.687  -0.566                         
    IL    67    67 3    67     3     1     1    19    37  -1.442  -0.798  -4.142                          0.000  0.000  0.000  0.000 
                                             [ MATL   21 ]     13      - A - - -
    ML    68    67 3    70     3     1     1    13    32  -7.407  -0.030  -6.061                          1.335 -1.308 -1.041 -0.769 
     D    69    67 3    70     3     0     0    13    32  -6.174  -1.687  -0.566                         
    IL    70    70 3    70     3     1     1    18    36  -1.442  -0.798  -4.142                          0.000  0.000  0.000  0.000 
                                             [ MATL   22 ]     14      - U - - -
    ML    71    70 3    73     2     1     1     1     1       *   0.000                                 -0.544 -0.734 -1.204  1.188 
     D    72    70 3    73     2     0     0     0     0       *   0.000                                 
    IL    73    73 3    73     2     1     1    13    28  -1.823  -0.479                                  0.000  0.000  0.000  0.000 
                                             [ END    23 ]      -      - - - - -
     E    74    73 3    -1     0     0     0     0     0                                                 
                                             [ BEGR   24 ]      -      - - - - -
     S    75    39 1    76     3     0    22   111   154  -7.407  -0.030  -6.061                         
    IL    76    76 2    76     3     1    22   113   156  -1.442  -0.798  -4.142                          0.000  0.000  0.000  0.000 
                                             [ MATL   25 ]     18      - G - - -
    ML    77    76 2    79     5     1    23   111   154  -6.621  -0.054  -6.436  -6.648  -7.540         -0.445 -1.442  1.225 -0.838 
     D    78    76 2    79     5     0    15   109   153  -4.959  -0.803  -4.221  -2.596  -2.508         
    IL    79    79 3    79     5     1    20   111   155  -2.408  -0.496  -4.087  -5.920  -5.193          0.000  0.000  0.000  0.000 
                                             [ MATP   26 ]     19     96 u a - -
    MP    80    79 3    84     6     2    24   110   153  -8.904  -8.843  -0.024  -7.620  -7.899  -8.294 -3.312 -3.051 -3.230  0.573 -2.394 -3.862  1.906 -3.011 -3.250  1.057 -3.656 -0.956  2.589 -3.479 -0.091 -2.142 
    ML    81    79 3    84     6     1    17   108   152  -6.250  -6.596  -1.310  -1.005  -6.446  -3.975  0.368 -0.385 -0.191  0.094 
    MR    82    79 3    84     6     1    17   108   151  -6.988  -5.717  -1.625  -5.695  -0.829  -3.908  0.368 -0.385 -0.191  0.094 
     D    83    79 3    84     6     0    12   104   148  -9.049  -7.747  -3.544  -4.226  -4.244  -0.319 
    IL    84    84 5    84     6     1    19   109   153  -2.579  -2.842  -0.760  -4.497  -5.274  -4.934  0.000  0.000  0.000  0.000 
    IR    85    85 6    85     5     1    19   109   153  -2.408  -0.496  -5.920  -4.087  -5.193          0.000  0.000  0.000  0.000 
                                             [ MATP   27 ]     20     95 c g - -
    MP    86    85 6    90     6     2    24   108   151  -8.904  -8.843  -0.024  -7.620  -7.899  -8.294 -3.170 -3.016 -3.070  0.555 -2.169 -3.651  2.087 -2.828 -3.105  0.958 -3.492 -1.029  1.407 -3.326  1.945 -2.022 
    ML    87    85 6    90     6     1    16   106   150  -6.250  -6.596  -1.310  -1.005  -6.446  -3.975  0.368 -0.385 -0.191  0.094 
    MR    88    85 6    90     6     1    16   106   149  -6.988  -5.717  -1.625  -5.695  -0.829  -3.908  0.368 -0.385 -0.191  0.094 
     D    89    85 6    90     6     0    11   102   146  -9.049  -7.747  -3.544  -4.226  -4.244  -0.319 
    IL    90    90 5    90     6     1    18   107   151  -2.579  -2.842  -0.760  -4.497  -5.274  -4.934  0.000  0.000  0.000  0.000 
    IR    91    91 6    91     5     1    19   107   151  -2.408  -0.496  -5.920  -4.087  -5.193          0.000  0.000  0.000  0.000 
                                             [ MATP   28 ]     21     94 G C - -
    MP    92    91 6    96     6     2    23   106   149  -8.904  -8.843  -0.024  -7.620  -7.899  -8.294 -3.697 -2.609 -3.751  0.851 -3.760 -4.231  0.645 -3.874 -3.560  3.228 -3.981 -0.294  0.215 -3.763 -1.350 -2.643 
    ML    93    91 6    96     6     1    16   104   148  -6.250  -6.596  -1.310  -1.005  -6.446  -3.975  0.368 -0.385 -0.191  0.094 
    MR    94    91 6    96     6     1    16   104   147  -6.988  -5.717  -1.625  -5.695  -0.829  -3.908  0.368 -0.385 -0.191  0.094 
     D    95    91 6    96     6     0    11   100   144  -9.049  -7.747  -3.544  -4.226  -4.244  -0.319 
    IL    96    96 5    96     6     1    18   105   149  -2.579  -2.842  -0.760  -4.497  -5.274  -4.934  0.000  0.000  0.000  0.000 
    IR    97    97 6    97     5     1    18   105   149  -2.408  -0.496  -5.920  -4.087  -5.193          0.000  0.000  0.000  0.000 
                                             [ MATP   29 ]     22     93 G C - -
    MP    98    97 6   102     6     2    22   104   147  -8.904  -8.843  -0.024  -7.620  -7.899  -8.294 -3.697 -2.609 -3.751  0.851 -3.760 -4.231  0.645 -3.874 -3.560  3.228 -3.981 -0.294  0.215 -3.763 -1.350 -2.643 
    ML    99    97 6   102     6     1    15   102   146  -6.250  -6.596  -1.310  -1.005  -6.446  -3.975  0.368 -0.385 -0.191  0.094 
    MR   100    97 6   102     6     1    15   102   145  -6.988  -5.717  -1.625  -5.695  -0.829  -3.908  0.368 -0.385 -0.191  0.094 
     D   101    97 6   102     6     0    10    98   142  -9.049  -7.747  -3.544  -4.226  -4.244  -0.319 
    IL   102   102 5   102     6     1    17   103   147  -2.579  -2.842  -0.760  -4.497  -5.274  -4.934  0.000  0.000  0.000  0.000 
    IR   103   103 6   103     5     1    17   103   147  -2.408  -0.496  -5.920  -4.087  -5.193          0.000  0.000  0.000  0.000 
                                             [ MATP   30 ]     23     92 c g - -
    MP   104   103 6   108     6     2    20   102   145  -8.904  -8.843  -0.024  -7.620  -7.899  -8.294 -3.059 -2.942 -3.000  0.620 -2.166 -3.614  2.086 -2.808 -3.039  1.011 -3.450 -0.996  1.770 -3.222  1.532 -1.963 
    ML   105   103 6   108     6     1    15   100   144  -6.250  -6.596  -1.310  -1.005  -6.446  -3.975  0.368 -0.385 -0.191  0.094 
    MR   106   103 6   108     6     1    15   100   143  -6.988  -5.717  -1.625  -5.695  -0.829  -3.908  0.368 -0.385 -0.191  0.094 
     D   107   103 6   108     6     0    10    96   140  -9.049  -7.747  -3.544  -4.226  -4.244  -0.319 
    IL   108   108 5   108     6     1    17   101   145  -2.579  -2.842  -0.760  -4.497  -5.274  -4.934  0.000  0.000  0.000  0.000 
    IR   109   109 6   109     5     1    17   101   145  -2.408  -0.496  -5.920  -4.087  -5.193          0.000  0.000  0.000  0.000 
                                             [ MATP   31 ]     24     91 u a - -
    MP   110   109 6   114     6     2    19   100   144  -8.904  -8.843  -0.024  -7.620  -7.899  -8.294 -3.312 -3.051 -3.230  0.573 -2.394 -3.862  1.906 -3.011 -3.250  1.057 -3.656 -0.956  2.589 -3.479 -0.091 -2.142 
    ML   111   109 6   114     6     1    14    98   142  -6.250  -6.596  -1.310  -1.005  -6.446  -3.975  0.368 -0.385 -0.191  0.094 
    MR   112   109 6   114     6     1    14    98   141  -6.988  -5.717  -1.625  -5.695  -0.829  -3.908  0.368 -0.385 -0.191  0.094 
     D   113   109 6   114     6     0    10    95   138  -9.049  -7.747  -3.544  -4.226  -4.244  -0.319 
    IL   114   114 5   114     6     1    16    99   143  -2.579  -2.842  -0.760  -4.497  -5.274  -4.934  0.000  0.000  0.000  0.000 
    IR   115   115 6   115     5     1    16    99   143  -2.408  -0.496  -5.920  -4.087  -5.193          0.000  0.000  0.000  0.000 
                                             [ MATP   32 ]     25     90 a u - -
    MP   116   115 6   120     6     2    17    98   142  -8.904  -8.843  -0.024  -7.620  -7.899  -8.294 -3.112 -2.339 -3.161  2.510 -3.138 -4.180  1.137 -3.220 -3.090  1.868 -3.597  0.045  0.699 -3.491 -0.818 -2.045 
    ML   117   115 6   120     6     1    13    96   140  -6.250  -6.596  -1.310  -1.005  -6.446  -3.975  0.368 -0.385 -0.191  0.094 
    MR   118   115 6   120     6     1    13    96   139  -6.988  -5.717  -1.625  -5.695  -0.829  -3.908  0.368 -0.385 -0.191  0.094 
     D   119   115 6   120     6     0     9    93   136  -9.049  -7.747  -3.544  -4.226  -4.244  -0.319 
    IL   120   120 5   120     6     1    15    97   141  -2.579  -2.842  -0.760  -4.497  -5.274  -4.934  0.000  0.000  0.000  0.000 
    IR   121   121 6   121     5     1    15    97   141  -2.408  -0.496  -5.920  -4.087  -5.193          0.000  0.000  0.000  0.000 
                                             [ MATP   33 ]     26     89 u a - -
    MP   122   121 6   126     6     2    15    96   140  -8.904  -8.843  -0.024  -7.620  -7.899  -8.294 -3.312 -3.051 -3.230  0.573 -2.394 -3.862  1.906 -3.011 -3.250  1.057 -3.656 -0.956  2.589 -3.479 -0.091 -2.142 
    ML   123   121 6   126     6     1    12    94   138  -6.250  -6.596  -1.310  -1.005  -6.446  -3.975  0.368 -0.385 -0.191  0.094 
    MR   124   121 6   126     6     1    12    94   138  -6.988  -5.717  -1.625  -5.695  -0.829  -3.908  0.368 -0.385 -0.191  0.094 
     D   125   121 6   126     6     0     9    91   135  -9.049  -7.747  -3.544  -4.226  -4.244  -0.319 
    IL   126   126 5   126     6     1    14    95   139  -2.579  -2.842  -0.760  -4.497  -5.274  -4.934  0.000  0.000  0.000  0.000 
    IR   127   127 6   127     5     1    14    95   139  -2.408  -0.496  -5.920  -4.087  -5.193          0.000  0.000  0.000  0.000 
                                             [ MATP   34 ]     27     88 C G - -
    MP   128   127 6   132     6     2    13    94   138  -8.904  -8.843  -0.024  -7.620  -7.899  -8.294 -3.570 -3.342 -3.408  0.308 -2.396 -3.940  3.054 -3.092 -3.440  0.786 -3.788 -1.270  1.193 -3.691 -0.094 -2.319 
    ML   129   127 6   132     6     1    11    93   136  -6.250  -6.596  -1.310  -1.005  -6.446  -3.975  0.368 -0.385 -0.191  0.094 
    MR   130   127 6   132     6     1    11    92   136  -6.988  -5.717  -1.625  -5.695  -0.829  -3.908  0.368 -0.385 -0.191  0.094 
     D   131   127 6   132     6     0     9    91   134  -9.049  -7.747  -3.544  -4.226  -4.244  -0.319 
    IL   132   132 5   132     6     1    12    93   137  -2.579  -2.842  -0.760  -4.497  -5.274  -4.934  0.000  0.000  0.000  0.000 
    IR   133   133 6   133     5     1    12    93   137  -2.408  -0.496  -5.920  -4.087  -5.193          0.000  0.000  0.000  0.000 
                                             [ MATP   35 ]     28     87 G C - -
    MP   134   133 6   138     4     2    11    92   136  -6.315  -7.560  -0.120  -4.014                 -3.697 -2.609 -3.751  0.851 -3.760 -4.231  0.645 -3.874 -3.560  3.228 -3.981 -0.294  0.215 -3.763 -1.350 -2.643 
    ML   135   133 6   138     4     1    10    91   135  -2.408  -4.532  -1.293  -1.473                  0.368 -0.385 -0.191  0.094 
    MR   136   133 6   138     4     1    10    91   135  -4.102 -12.528  -0.390  -2.485                  0.368 -0.385 -0.191  0.094 
     D   137   133 6   138     4     0     8    90   134 -12.737 -14.007  -2.036  -0.404                 
    IL   138   138 5   138     4     1    10    91   135  -2.817  -4.319  -0.613  -2.698                  0.000  0.000  0.000  0.000 
    IR   139   139 6   139     3     1    11    91   135  -1.925  -0.554  -4.164                          0.000  0.000  0.000  0.000 
                                             [ MATR   36 ]      -     86 - A - -
    MR   140   139 6   142     5     1     9    90   133  -6.621  -0.054  -6.436  -6.648  -7.540          1.335 -1.308 -1.041 -0.769 
     D   141   139 6   142     5     0     8    90   134  -5.352  -0.707  -2.978  -4.409  -2.404         
    IR   142   142 3   142     5     1    10    91   134  -2.408  -0.496  -5.920  -4.087  -5.193          0.000  0.000  0.000  0.000 
                                             [ MATP   37 ]     29     85 C G - -
    MP   143   142 3   147     3     2     8    89   132  -4.225 -14.694  -0.079                         -3.570 -3.342 -3.408  0.308 -2.396 -3.940  3.054 -3.092 -3.440  0.786 -3.788 -1.270  1.193 -3.691 -0.094 -2.319 
    ML   144   142 3   147     3     1     8    92   136  -1.585  -1.585  -1.585                          0.368 -0.385 -0.191  0.094 
    MR   145   142 3   147     3     1     8    92   136  -1.585  -1.585  -1.585                          0.368 -0.385 -0.191  0.094 
     D   146   142 3   147     3     0     7    91   135  -1.585  -1.585  -1.585                         
    IL   147   147 5   147     3     1     9    94   137  -0.610  -4.491  -1.736                          0.000  0.000  0.000  0.000 
    IR   148   148 6   148     2     1     8    73    93  -1.823  -0.479                                  0.000  0.000  0.000  0.000 
                                             [ BIF    38 ]      -      - - - - -
     B   149   148 6   150   215     0     6    71    91                                                 
                                             [ BEGL   39 ]      -      - - - - -
     S   150   149 1   151     4     0     0    35    54  -0.054  -6.557  -5.965  -6.605                 
                                             [ MATP   40 ]     30     50 a u - -
    MP   151   150 1   155     6     2     2    35    54  -8.904  -8.843  -0.024  -7.620  -7.899  -8.294 -3.112 -2.339 -3.161  2.510 -3.138 -4.180  1.137 -3.220 -3.090  1.868 -3.597  0.045  0.699 -3.491 -0.818 -2.045 
    ML   152   150 1   155     6     1     1    34    52  -6.250  -6.596  -1.310  -1.005  -6.446  -3.975  0.368 -0.385 -0.191  0.094 
    MR   153   150 1   155     6     1     1    33    52  -6.988  -5.717  -1.625  -5.695  -0.829  -3.908  0.368 -0.385 -0.191  0.094 
     D   154   150 1   155     6     0     0    31    50  -9.049  -7.747  -3.544  -4.226  -4.244  -0.319 
    IL   155   155 5   155     6     1     1    35    53  -2.579  -2.842  -0.760  -4.497  -5.274  -4.934  0.000  0.000  0.000  0.000 
    IR   156   156 6   156     5     1     1    34    53  -2.408  -0.496  -5.920  -4.087  -5.193          0.000  0.000  0.000  0.000 
                                             [ MATP   41 ]     31     49 C G - -
    MP   157   156 6   161     6     2     2    33    52  -8.904  -8.843  -0.024  -7.620  -7.899  -8.294 -3.570 -3.342 -3.408  0.308 -2.396 -3.940  3.054 -3.092 -3.440  0.786 -3.788 -1.270  1.193 -3.691 -0.094 -2.319 
    ML   158   156 6   161     6     1     1    31    50  -6.250  -6.596  -1.310  -1.005  -6.446  -3.975  0.368 -0.385 -0.191  0.094 
    MR   159   156 6   161     6     1     1    31    50  -6.988  -5.717  -1.625  -5.695  -0.829  -3.908  0.368 -0.385 -0.191  0.094 
     D   160   156 6   161     6     0     0    29    48  -9.049  -7.747  -3.544  -4.226  -4.244  -0.319 
    IL   161   161 5   161     6     1     1    33    51  -2.579  -2.842  -0.760  -4.497  -5.274  -4.934  0.000  0.000  0.000  0.000 
    IR   162   162 6   162     5     1     1    32    51  -2.408  -0.496  -5.920  -4.087  -5.193          0.000  0.000  0.000  0.000 
                                             [ MATP   42 ]     32     48 C G - -
    MP   163   162 6   167     6     2     2    31    50  -8.904  -8.843  -0.024  -7.620  -7.899  -8.294 -3.570 -3.342 -3.408  0.308 -2.396 -3.940  3.054 -3.092 -3.440  0.786 -3.788 -1.270  1.193 -3.691 -0.094 -2.319 
    ML   164   162 6   167     6     1     1    29    48  -6.250  -6.596  -1.310  -1.005  -6.446  -3.975  0.368 -0.385 -0.191  0.094 
    MR   165   162 6   167     6     1     1    29    48  -6.988  -5.717  -1.625  -5.695  -0.829  -3.908  0.368 -0.385 -0.191  0.094 
     D   166   162 6   167     6     0     0    27    46  -9.049  -7.747  -3.544  -4.226  -4.244  -0.319 
    IL   167   167 5   167     6     1     1    31    49  -2.579  -2.842  -0.760  -4.497  -5.274  -4.934  0.000  0.000  0.000  0.000 
    IR   168   168 6   168     5     1     1    30    49  -2.408  -0.496  -5.920  -4.087  -5.193          0.000  0.000  0.000  0.000 
                                             [ MATP   43 ]     33     47 g c - -
    MP   169   168 6   173     6     2     2    29    48  -8.904  -8.843  -0.024  -7.620  -7.899  -8.294 -2.944 -2.095 -3.051  1.743 -3.297 -4.083  0.943 -3.208 -2.952  2.114 -3.462  1.595  0.622 -3.334 -0.980 -1.935 
    ML   170   168 6   173     6     1     1    27    46  -6.250  -6.596  -1.310  -1.005  -6.446  -3.975  0.368 -0.385 -0.191  0.094 
    MR   171   168 6   173     6     1     1    27    46  -6.988  -5.717  -1.625  -5.695  -0.829  -3.908  0.368 -0.385 -0.191  0.094 
     D   172   168 6   173     6     0     0    25    44  -9.049  -7.747  -3.544  -4.226  -4.244  -0.319 
    IL   173   173 5   173     6     1     1    29    47  -2.579  -2.842  -0.760  -4.497  -5.274  -4.934  0.000  0.000  0.000  0.000 
    IR   174   174 6   174     5     1     1    28    47  -2.408  -0.496  -5.920  -4.087  -5.193          0.000  0.000  0.000  0.000 
                                             [ MATP   44 ]     34     46 a u - -
    MP   175   174 6   179     6     2     2    27    46  -8.904  -8.843  -0.024  -7.620  -7.899  -8.294 -3.112 -2.339 -3.161  2.510 -3.138 -4.180  1.137 -3.220 -3.090  1.868 -3.597  0.045  0.699 -3.491 -0.818 -2.045 
    ML   176   174 6   179     6     1     1    25    44  -6.250  -6.596  -1.310  -1.005  -6.446  -3.975  0.368 -0.385 -0.191  0.094 
    MR   177   174 6   179     6     1     1    25    44  -6.988  -5.717  -1.625  -5.695  -0.829  -3.908  0.368 -0.385 -0.191  0.094 
     D   178   174 6   179     6     0     0    23    42  -9.049  -7.747  -3.544  -4.226  -4.244  -0.319 
    IL   179   179 5   179     6     1     1    27    45  -2.579  -2.842  -0.760  -4.497  -5.274  -4.934  0.000  0.000  0.000  0.000 
    IR   180   180 6   180     5     1     1    26    45  -2.408  -0.496  -5.920  -4.087  -5.193          0.000  0.000  0.000  0.000 
                                             [ MATP   45 ]     35     45 u a - -
    MP   181   180 6   185     6     2     2    25    44  -8.904  -8.843  -0.024  -7.620  -7.899  -8.294 -3.312 -3.051 -3.230  0.573 -2.394 -3.862  1.906 -3.011 -3.250  1.057 -3.656 -0.956  2.589 -3.479 -0.091 -2.142 
    ML   182   180 6   185     6     1     1    24    42  -6.250  -6.596  -1.310  -1.005  -6.446  -3.975  0.368 -0.385 -0.191  0.094 
    MR   183   180 6   185     6     1     1    23    42  -6.988  -5.717  -1.625  -5.695  -0.829  -3.908  0.368 -0.385 -0.191  0.094 
     D   184   180 6   185     6     0     0    21    40  -9.049  -7.747  -3.544  -4.226  -4.244  -0.319 
    IL   185   185 5   185     6     1     1    25    43  -2.579  -2.842  -0.760  -4.497  -5.274  -4.934  0.000  0.000  0.000  0.000 
    IR   186   186 6   186     5     1     1    24    43  -2.408  -0.496  -5.920  -4.087  -5.193          0.000  0.000  0.000  0.000 
                                             [ MATP   46 ]     36     44 C G - -
    MP   187   186 6   191     6     2     2    23    42  -8.904  -8.843  -0.024  -7.620  -7.899  -8.294 -3.570 -3.342 -3.408  0.308 -2.396 -3.940  3.054 -3.092 -3.440  0.786 -3.788 -1.270  1.193 -3.691 -0.094 -2.319 
    ML   188   186 6   191     6     1     1    22    40  -6.250  -6.596  -1.310  -1.005  -6.446  -3.975  0.368 -0.385 -0.191  0.094 
    MR   189   186 6   191     6     1     1    22    40  -6.988  -5.717  -1.625  -5.695  -0.829  -3.908  0.368 -0.385 -0.191  0.094 
     D   190   186 6   191     6     0     0    19    38  -9.049  -7.747  -3.544  -4.226  -4.244  -0.319 
    IL   191   191 5   191     6     1     1    23    41  -2.579  -2.842  -0.760  -4.497  -5.274  -4.934  0.000  0.000  0.000  0.000 
    IR   192   192 6   192     5     1     1    22    41  -2.408  -0.496  -5.920  -4.087  -5.193          0.000  0.000  0.000  0.000 
                                             [ MATP   47 ]     37     43 c g - -
    MP   193   192 6   197     6     2     2    21    40  -8.904  -8.843  -0.024  -7.620  -7.899  -8.294 -3.170 -3.016 -3.070  0.555 -2.169 -3.651  2.087 -2.828 -3.105  0.958 -3.492 -1.029  1.407 -3.326  1.945 -2.022 
    ML   194   192 6   197     6     1     1    20    39  -6.250  -6.596  -1.310  -1.005  -6.446  -3.975  0.368 -0.385 -0.191  0.094 
    MR   195   192 6   197     6     1     1    20    39  -6.988  -5.717  -1.625  -5.695  -0.829  -3.908  0.368 -0.385 -0.191  0.094 
     D   196   192 6   197     6     0     0    18    37  -9.049  -7.747  -3.544  -4.226  -4.244  -0.319 
    IL   197   197 5   197     6     1     1    21    40  -2.579  -2.842  -0.760  -4.497  -5.274  -4.934  0.000  0.000  0.000  0.000 
    IR   198   198 6   198     5     1     1    20    39  -2.408  -0.496  -5.920  -4.087  -5.193          0.000  0.000  0.000  0.000 
                                             [ MATP   48 ]     38     42 u a - -
    MP   199   198 6   203     4     2     2    19    38  -6.338  -6.545  -0.082  -4.959                 -3.312 -3.051 -3.230  0.573 -2.394 -3.862  1.906 -3.011 -3.250  1.057 -3.656 -0.956  2.589 -3.479 -0.091 -2.142 
    ML   200   198 6   203     4     1     1    20    38  -3.758  -3.940  -0.507  -2.670                  0.368 -0.385 -0.191  0.094 
    MR   201   198 6   203     4     1     1    19    38  -4.809  -3.838  -1.706  -0.766                  0.368 -0.385 -0.191  0.094 
     D   202   198 6   203     4     0     0    18    37  -4.568  -4.250  -2.265  -0.520                 
    IL   203   203 5   203     4     1     1    21    40  -1.686  -2.369  -1.117  -4.855                  0.000  0.000  0.000  0.000 
    IR   204   204 6   204     3     1     1    20    39  -1.442  -0.798  -4.142                          0.000  0.000  0.000  0.000 
                                             [ MATL   49 ]     39      - U - - -
    ML   205   204 6   207     3     1     1    15    34  -7.407  -0.030  -6.061                         -0.544 -0.734 -1.204  1.188 
     D   206   204 6   207     3     0     0    15    33  -6.174  -1.687  -0.566                         
    IL   207   207 3   207     3     1     1    19    37  -1.442  -0.798  -4.142                          0.000  0.000  0.000  0.000 
                                             [ MATL   50 ]     40      - G - - -
    ML   208   207 3   210     3     1     1    13    32  -7.407  -0.030  -6.061                         -0.445 -1.442  1.225 -0.838 
     D   209   207 3   210     3     0     0    13    32  -6.174  -1.687  -0.566                         
    IL   210   210 3   210     3     1     1    18    36  -1.442  -0.798  -4.142                          0.000  0.000  0.000  0.000 
                                             [ MATL   51 ]     41      - U - - -
    ML   211   210 3   213     2     1     1     1     1       *   0.000                                 -0.544 -0.734 -1.204  1.188 
     D   212   210 3   213     2     0     0     0     0       *   0.000                                 
    IL   213   213 3   213     2     1     1    13    28  -1.823  -0.479                                  0.000  0.000  0.000  0.000 
                                             [ END    52 ]      -      - - - - -
     E   214   213 3    -1     0     0     0     0     0                                                 
                                             [ BEGR   53 ]      -      - - - - -
     S   215   149 1   216     3     0     0    50    69  -7.407  -0.030  -6.061                         
    IL   216   216 2   216     3     1     1    53    72  -1.442  -0.798  -4.142                          0.000  0.000  0.000  0.000 
                                             [ MATL   54 ]     51      - U - - -
    ML   217   216 2   219     3     1     1    49    69  -7.407  -0.030  -6.061                         -0.544 -0.734 -1.204  1.188 
     D   218   216 2   219     3     0     0    48    68  -6.174  -1.687  -0.566                         
    IL   219   219 3   219     3     1     1    51    71  -1.442  -0.798  -4.142                          0.000  0.000  0.000  0.000 
                                             [ MATL   55 ]     52      - C - - -
    ML   220   219 3   222     3     1     1    48    68  -7.407  -0.030  -6.061                         -0.541  1.031 -1.289 -0.216 
     D   221   219 3   222     3     0     0    47    67  -6.174  -1.687  -0.566                         
    IL   222   222 3   222     3     1     1    50    70  -1.442  -0.798  -4.142                          0.000  0.000  0.000  0.000 
                                             [ MATL   56 ]     53      - U - - -
    ML   223   222 3   225     3     1     1    47    67  -7.407  -0.030  -6.061                         -0.544 -0.734 -1.204  1.188 
     D   224   222 3   225     3     0     0    46    66  -6.174  -1.687  -0.566                         
    IL   225   225 3   225     3     1     1    49    69  -1.442  -0.798  -4.142                          0.000  0.000  0.000  0.000 
                                             [ MATL   57 ]     54      - G - - -
    ML   226   225 3   228     3     1     1    46    66  -7.407  -0.030  -6.061                         -0.445 -1.442  1.225 -0.838 
     D   227   225 3   228     3     0     0    45    64  -6.174  -1.687  -0.566                         
    IL   228   228 3   228     3     1     1    48    68  -1.442  -0.798  -4.142                          0.000  0.000  0.000  0.000 
                                             [ MATL   58 ]     55      - G - - -
    ML   229   228 3   231     3     1     1    45    65  -7.407  -0.030  -6.061                         -0.445 -1.442  1.225 -0.838 
     D   230   228 3   231     3     0     0    44    63  -6.174  -1.687  -0.566                         
    IL   231   231 3   231     3     1     1    47    67  -1.442  -0.798  -4.142                          0.000  0.000  0.000  0.000 
                                             [ MATL   59 ]     56      - A - - -
    ML   232   231 3   234     3     1     1    44    63  -7.407  -0.030  -6.061                          1.335 -1.308 -1.041 -0.769 
     D   233   231 3   234     3     0     0    43    62  -6.174  -1.687  -0.566                         
    IL   234   234 3   234     3     1     1    46    66  -1.442  -0.798  -4.142                          0.000  0.000  0.000  0.000 
                                             [ MATL   60 ]     57      - A - - -
    ML   235   234 3   237     3     1     1    43    62  -7.407  -0.030  -6.061                          1.335 -1.308 -1.041 -0.769 
     D   236   234 3   237     3     0     0    42    61  -6.174  -1.687  -0.566                         
    IL   237   237 3   237     3     1     1    45    65  -1.442  -0.798  -4.142                          0.000  0.000  0.000  0.000 
                                             [ MATL   61 ]     58      - a - - -
    ML   238   237 3   240     3     1     1    42    61  -7.407  -0.030  -6.061                          0.843 -0.772 -0.780  0.053 
     D   239   237 3   240     3     0     0    40    60  -6.174  -1.687  -0.566                         
    IL   240   240 3   240     3     1     1    44    64  -1.442  -0.798  -4.142                          0.000  0.000  0.000  0.000 
                                             [ MATL   62 ]     59      - U - - -
    ML   241   240 3   243     3     1     1    41    60  -7.407  -0.030  -6.061                         -0.544 -0.734 -1.204  1.188 
     D   242   240 3   243     3     0     0    39    59  -6.174  -1.687  -0.566                         
    IL   243   243 3   243     3     1     1    43    62  -1.442  -0.798  -4.142                          0.000  0.000  0.000  0.000 
                                             [ MATL   63 ]     60      - G - - -
    ML   244   243 3   246     3     1     1    40    59  -7.407  -0.030  -6.061                         -0.445 -1.442  1.225 -0.838 
     D   245   243 3   246     3     0     0    38    58  -6.174  -1.687  -0.566                         
    IL   246   246 3   246     3     1     1    42    61  -1.442  -0.798  -4.142                          0.000  0.000  0.000  0.000 
                                             [ MATL   64 ]     61      - A - - -
    ML   247   246 3   249     5     1     1    39    58  -6.621  -0.054  -6.436  -6.648  -7.540          1.335 -1.308 -1.041 -0.769 
     D   248   246 3   249     5     0     0    37    56  -4.959  -0.803  -4.221  -2.596  -2.508         
    IL   249   249 3   249     5     1     1    39    58  -2.408  -0.496  -4.087  -5.920  -5.193          0.000  0.000  0.000  0.000 
                                             [ MATP   65 ]     62     84 u a - -
    MP   250   249 3   254     6     2     2    38    57  -8.904  -8.843  -0.024  -7.620  -7.899  -8.294 -3.312 -3.051 -3.230  0.573 -2.394 -3.862  1.906 -3.011 -3.250  1.057 -3.656 -0.956  2.589 -3.479 -0.091 -2.142 
    ML   251   249 3   254     6     1     1    36    55  -6.250  -6.596  -1.310  -1.005  -6.446  -3.975  0.368 -0.385 -0.191  0.094 
    MR   252   249 3   254     6     1     1    36    55  -6.988  -5.717  -1.625  -5.695  -0.829  -3.908  0.368 -0.385 -0.191  0.094 
     D   253   249 3   254     6     0     0    34    53  -9.049  -7.747  -3.544  -4.226  -4.244  -0.319 
    IL   254   254 5   254     6     1     1    37    56  -2.579  -2.842  -0.760  -4.497  -5.274  -4.934  0.000  0.000  0.000  0.000 
    IR   255   255 6   255     5     1     1    37    56  -2.408  -0.496  -5.920  -4.087  -5.193          0.000  0.000  0.000  0.000 
                                             [ MATP   66 ]     63     83 u a - -
    MP   256   255 6   260     6     2     2    36    55  -8.904  -8.843  -0.024  -7.620  -7.899  -8.294 -3.312 -3.051 -3.230  0.573 -2.394 -3.862  1.906 -3.011 -3.250  1.057 -3.656 -0.956  2.589 -3.479 -0.091 -2.142 
    ML   257   255 6   260     6     1     1    34    53  -6.250  -6.596  -1.310  -1.005  -6.446  -3.975  0.368 -0.385 -0.191  0.094 
    MR   258   255 6   260     6     1     1    34    53  -6.988  -5.717  -1.625  -5.695  -0.829  -3.908  0.368 -0.385 -0.191  0.094 
     D   259   255 6   260     6     0     0    32    51  -9.049  -7.747  -3.544  -4.226  -4.244  -0.319 
    IL   260   260 5   260     6     1     1    35    54  -2.579  -2.842  -0.760  -4.497  -5.274  -4.934  0.000  0.000  0.000  0.000 
    IR   261   261 6   261     5     1     1    35    54  -2.408  -0.496  -5.920  -4.087  -5.193          0.000  0.000  0.000  0.000 
                                             [ MATP   67 ]     64     82 c g - -
    MP   262   261 6   266     6     2     2    34    53  -8.904  -8.843  -0.024  -7.620  -7.899  -8.294 -3.170 -3.016 -3.070  0.555 -2.169 -3.651  2.087 -2.828 -3.105  0.958 -3.492 -1.029  1.407 -3.326  1.945 -2.022 
    ML   263   261 6   266     6     1     1    32    51  -6.250  -6.596  -1.310  -1.005  -6.446  -3.975  0.368 -0.385 -0.191  0.094 
    MR   264   261 6   266     6     1     1    32    51  -6.988  -5.717  -1.625  -5.695  -0.829  -3.908  0.368 -0.385 -0.191  0.094 
     D   265   261 6   266     6     0     0    30    49  -9.049  -7.747  -3.544  -4.226  -4.244  -0.319 
    IL   266   266 5   266     6     1     1    33    52  -2.579  -2.842  -0.760  -4.497  -5.274  -4.934  0.000  0.000  0.000  0.000 
    IR   267   267 6   267     5     1     1    33    52  -2.408  -0.496  -5.920  -4.087  -5.193          0.000  0.000  0.000  0.000 
                                             [ MATP   68 ]     65     81 C G - -
    MP   268   267 6   272     6     2     2    31    51  -8.904  -8.843  -0.024  -7.620  -7.899  -8.294 -3.570 -3.342 -3.408  0.308 -2.396 -3.940  3.054 -3.092 -3.440  0.786 -3.788 -1.270  1.193 -3.691 -0.094 -2.319 
    ML   269   267 6   272     6     1     1    30    49  -6.250  -6.596  -1.310  -1.005  -6.446  -3.975  0.368 -0.385 -0.191  0.094 
    MR   270   267 6   272     6     1     1    30    49  -6.988  -5.717  -1.625  -5.695  -0.829  -3.908  0.368 -0.385 -0.191  0.094 
     D   271   267 6   272     6     0     0    28    47  -9.049  -7.747  -3.544  -4.226  -4.244  -0.319 
    IL   272   272 5   272     6     1     1    31    50  -2.579  -2.842  -0.760  -4.497  -5.274  -4.934  0.000  0.000  0.000  0.000 
    IR   273   273 6   273     5     1     1    31    50  -2.408  -0.496  -5.920  -4.087  -5.193          0.000  0.000  0.000  0.000 
                                             [ MATP   69 ]     66     80 u a - -
    MP   274   273 6   278     6     2     2    29    49  -8.904  -8.843  -0.024  -7.620  -7.899  -8.294 -3.312 -3.051 -3.230  0.573 -2.394 -3.862  1.906 -3.011 -3.250  1.057 -3.656 -0.956  2.589 -3.479 -0.091 -2.142 
    ML   275   273 6   278     6     1     1    28    47  -6.250  -6.596  -1.310  -1.005  -6.446  -3.975  0.368 -0.385 -0.191  0.094 
    MR   276   273 6   278     6     1     1    28    47  -6.988  -5.717  -1.625  -5.695  -0.829  -3.908  0.368 -0.385 -0.191  0.094 
     D   277   273 6   278     6     0     0    26    45  -9.049  -7.747  -3.544  -4.226  -4.244  -0.319 
    IL   278   278 5   278     6     1     1    29    48  -2.579  -2.842  -0.760  -4.497  -5.274  -4.934  0.000  0.000  0.000  0.000 
    IR   279   279 6   279     5     1     1    29    48  -2.408  -0.496  -5.920  -4.087  -5.193          0.000  0.000  0.000  0.000 
                                             [ MATP   70 ]     67     79 C G - -
    MP   280   279 6   284     6     2     2    27    47  -8.904  -8.843  -0.024  -7.620  -7.899  -8.294 -3.570 -3.342 -3.408  0.308 -2.396 -3.940  3.054 -3.092 -3.440  0.786 -3.788 -1.270  1.193 -3.691 -0.094 -2.319 
    ML   281   279 6   284     6     1     1    26    45  -6.250  -6.596  -1.310  -1.005  -6.446  -3.975  0.368 -0.385 -0.191  0.094 
    MR   282   279 6   284     6     1     1    26    45  -6.988  -5.717  -1.625  -5.695  -0.829  -3.908  0.368 -0.385 -0.191  0.094 
     D   283   279 6   284     6     0     0    24    43  -9.049  -7.747  -3.544  -4.226  -4.244  -0.319 
    IL   284   284 5   284     6     1     1    27    46  -2.579  -2.842  -0.760  -4.497  -5.274  -4.934  0.000  0.000  0.000  0.000 
    IR   285   285 6   285     5     1     1    27    46  -2.408  -0.496  -5.920  -4.087  -5.193          0.000  0.000  0.000  0.000 
                                             [ MATP   71 ]     68     78 G C - -
    MP   286   285 6   290     6     2     2    25    45  -8.904  -8.843  -0.024  -7.620  -7.899  -8.294 -3.697 -2.609 -3.751  0.851 -3.760 -4.231  0.645 -3.874 -3.560  3.228 -3.981 -0.294  0.215 -3.763 -1.350 -2.643 
    ML   287   285 6   290     6     1     1    25    44  -6.250  -6.596  -1.310  -1.005  -6.446  -3.975  0.368 -0.385 -0.191  0.094 
    MR   288   285 6   290     6     1     1    25    44  -6.988  -5.717  -1.625  -5.695  -0.829  -3.908  0.368 -0.385 -0.191  0.094 
     D   289   285 6   290     6     0     0    23    42  -9.049  -7.747  -3.544  -4.226  -4.244  -0.319 
    IL   290   290 5   290     6     1     1    25    44  -2.579  -2.842  -0.760  -4.497  -5.274  -4.934  0.000  0.000  0.000  0.000 
    IR   291   291 6   291     5     1     1    25    44  -2.408  -0.496  -5.920  -4.087  -5.193          0.000  0.000  0.000  0.000 
                                             [ MATP   72 ]     69     77 u a - -
    MP   292   291 6   296     4     2     2    23    43  -6.338  -6.545  -0.082  -4.959                 -3.312 -3.051 -3.230  0.573 -2.394 -3.862  1.906 -3.011 -3.250  1.057 -3.656 -0.956  2.589 -3.479 -0.091 -2.142 
    ML   293   291 6   296     4     1     1    24    43  -3.758  -3.940  -0.507  -2.670                  0.368 -0.385 -0.191  0.094 
    MR   294   291 6   296     4     1     1    23    43  -4.809  -3.838  -1.706  -0.766                  0.368 -0.385 -0.191  0.094 
     D   295   291 6   296     4     0     0    22    42  -4.568  -4.250  -2.265  -0.520                 
    IL   296   296 5   296     4     1     1    25    44  -1.686  -2.369  -1.117  -4.855                  0.000  0.000  0.000  0.000 
    IR   297   297 6   297     3     1     1    24    43  -1.442  -0.798  -4.142                          0.000  0.000  0.000  0.000 
                                             [ MATL   73 ]     70      - G - - -
    ML   298   297 6   300     3     1     1    20    39  -7.407  -0.030  -6.061                         -0.445 -1.442  1.225 -0.838 
     D   299   297 6   300     3     0     0    19    38  -6.174  -1.687  -0.566                         
    IL   300   300 3   300     3     1     1    23    42  -1.442  -0.798  -4.142                          0.000  0.000  0.000  0.000 
                                             [ MATL   74 ]     71      - U - - -
    ML   301   300 3   303     3     1     1    19    38  -7.407  -0.030  -6.061                         -0.544 -0.734 -1.204  1.188 
     D   302   300 3   303     3     0     0    18    37  -6.174  -1.687  -0.566                         
    IL   303   303 3   303     3     1     1    22    41  -1.442  -0.798  -4.142                          0.000  0.000  0.000  0.000 
                                             [ MATL   75 ]     72      - G - - -
    ML   304   303 3   306     3     1     1    18    37  -7.407  -0.030  -6.061                         -0.445 -1.442  1.225 -0.838 
     D   305   303 3   306     3     0     0    17    36  -6.174  -1.687  -0.566                         
    IL   306   306 3   306     3     1     1    21    40  -1.442  -0.798  -4.142                          0.000  0.000  0.000  0.000 
                                             [ MATL   76 ]     73      - U - - -
    ML   307   306 3   309     3     1     1    17    35  -7.407  -0.030  -6.061                         -0.544 -0.734 -1.204  1.188 
     D   308   306 3   309     3     0     0    16    35  -6.174  -1.687  -0.566                         
    IL   309   309 3   309     3     1     1    20    39  -1.442  -0.798  -4.142                          0.000  0.000  0.000  0.000 
                                             [ MATL   77 ]     74      - U - - -
    ML   310   309 3   312     3     1     1    15    34  -7.407  -0.030  -6.061                         -0.544 -0.734 -1.204  1.188 
     D   311   309 3   312     3     0     0    15    33  -6.174  -1.687  -0.566                         
    IL   312   312 3   312     3     1     1    19    37  -1.442  -0.798  -4.142                          0.000  0.000  0.000  0.000 
                                             [ MATL   78 ]     75      - G - - -
    ML   313   312 3   315     3     1     1    13    32  -7.407  -0.030  -6.061                         -0.445 -1.442  1.225 -0.838 
     D   314   312 3   315     3     0     0    13    32  -6.174  -1.687  -0.566                         
    IL   315   315 3   315     3     1     1    18    36  -1.442  -0.798  -4.142                          0.000  0.000  0.000  0.000 
                                             [ MATL   79 ]     76      - G - - -
    ML   316   315 3   318     2     1     1     1     1       *   0.000                                 -0.445 -1.442  1.225 -0.838 
     D   317   315 3   318     2     0     0     0     0       *   0.000                                 
    IL   318   318 3   318     2     1     1    13    28  -1.823  -0.479                                  0.000  0.000  0.000  0.000 
                                             [ END    80 ]      -      - - - - -
     E   319   318 3    -1     0     0     0     0     0                                                 
//
HMMER3/f [3.1b3 | July 2016]
NAME  t_nt_fst_rna1_round5_0001
LENG  102
MAXL  205
ALPH  RNA
RF    no
MM    no
CONS  yes
CS    yes
MAP   yes
DATE  Tue Dec 17 06:15:16 2019
COM   [1] cmbuild /home/co78wid/projects/master/results/ta_systems/fst_rna1/2_structure_analysis/infernal_search/t_nt_fst_rna1_cmbuild.txt /home/co78wid/projects/master/results/ta_systems/fst_rna1/1_sequence_analysis/fold/t_nt_fst_rna1_round5.stk
NSEQ  4
EFFN  1.292969
CKSUM 505487268
STATS LOCAL MSV       -9.0929  0.71860
STATS LOCAL VITERBI  -10.4856  0.71860
STATS LOCAL FORWARD   -3.3806  0.71860
HMM          A        C        G        U   
            m->m     m->i     m->d     i->m     i->i     d->m     d->d
  COMPO   1.39092  1.63305  1.23945  1.32322
          1.38629  1.38629  1.38629  1.38629
          0.05515  3.61828  3.61828  1.46634  0.26236  0.00000        *
      1   2.09173  2.86924  0.31082  2.44258      1 G - - :
          1.38629  1.38629  1.38629  1.38629
          0.05515  3.61828  3.61828  1.46634  0.26236  1.09861  0.40547
      2   2.08974  2.14742  2.57763  0.38047      2 U - - :
          1.38629  1.38629  1.38629  1.38629
          0.05515  3.61828  3.61828  1.46634  0.26236  1.09861  0.40547
      3   2.09173  2.86924  0.31082  2.44258      3 G - - :
          1.38629  1.38629  1.38629  1.38629
          0.05515  3.61828  3.61828  1.46634  0.26236  1.09861  0.40547
      4   0.29383  2.66646  2.44773  2.31657      4 A - - :
          1.38629  1.38629  1.38629  1.38629
          0.05515  3.61828  3.61828  1.46634  0.26236  1.09861  0.40547
      5   0.29383  2.66646  2.44773  2.31657      5 A - - :
          1.38629  1.38629  1.38629  1.38629
          0.05515  3.61828  3.61828  1.46634  0.26236  1.09861  0.40547
      6   0.29383  2.66646  2.44773  2.31657      6 A - - :
          1.38629  1.38629  1.38629  1.38629
          0.05515  3.61828  3.61828  1.46634  0.26236  1.09861  0.40547
      7   2.23042  2.63000  0.29411  2.58705      7 G - - <
          1.38629  1.38629  1.38629  1.38629
          0.05515  3.61828  3.61828  1.46634  0.26236  1.09861  0.40547
      8   0.65999  2.15958  1.39719  2.11629      8 A - - <
          1.38629  1.38629  1.38629  1.38629
          0.05515  3.61828  3.61828  1.46634  0.26236  1.09861  0.40547
      9   2.42840  1.33378  2.13978  0.63363      9 U - - <
          1.38629  1.38629  1.38629  1.38629
          0.05515  3.61828  3.61828  1.46634  0.26236  1.09861  0.40547
     10   2.08974  2.14742  2.57763  0.38047     10 U - - _
          1.38629  1.38629  1.38629  1.38629
          0.05515  3.61828  3.61828  1.46634  0.26236  1.09861  0.40547
     11   2.08974  2.14742  2.57763  0.38047     11 U - - _
          1.38629  1.38629  1.38629  1.38629
          0.05515  3.61828  3.61828  1.46634  0.26236  1.09861  0.40547
     12   0.29383  2.66646  2.44773  2.31657     12 A - - _
          1.38629  1.38629  1.38629  1.38629
          0.05515  3.61828  3.61828  1.46634  0.26236  1.09861  0.40547
     13   0.29383  2.66646  2.44773  2.31657     13 A - - _
          1.38629  1.38629  1.38629  1.38629
          0.05515  3.61828  3.61828  1.46634  0.26236  1.09861  0.40547
     14   2.08974  2.14742  2.57763  0.38047     14 U - - _
          1.38629  1.38629  1.38629  1.38629
          0.05515  3.61828  3.61828  1.46634  0.26236  1.09861  0.40547
     15   1.79366  2.30588  0.47631  2.18115     15 G - - >
          1.38629  1.38629  1.38629  1.38629
          0.05515  3.61828  3.61828  1.46634  0.26236  1.09861  0.40547
     16   2.34415  1.63057  1.97565  0.56285     16 U - - >
          1.38629  1.38629  1.38629  1.38629
          0.05515  3.61828  3.61828  1.46634  0.26236  1.09861  0.40547
     17   2.79133  0.34579  2.44967  1.93326     17 C - - >
          1.38629  1.38629  1.38629  1.38629
          0.05515  3.61828  3.61828  1.46634  0.26236  1.09861  0.40547
     18   2.09173  2.86924  0.31082  2.44258     18 G - - -
          1.38629  1.38629  1.38629  1.38629
          0.05515  3.61828  3.61828  1.46634  0.26236  1.09861  0.40547
     19   2.41967  1.51622  2.08849  0.56628     19 U - - (
          1.38629  1.38629  1.38629  1.38629
          0.05515  3.61828  3.61828  1.46634  0.26236  1.09861  0.40547
     20   2.42853  1.33376  2.13982  0.63361     20 U - - (
          1.38629  1.38629  1.38629  1.38629
          0.05515  3.61828  3.61828  1.46634  0.26236  1.09861  0.40547
     21   2.22788  2.62789  0.29501  2.58382     21 G - - (
          1.38629  1.38629  1.38629  1.38629
          0.05515  3.61828  3.61828  1.46634  0.26236  1.09861  0.40547
     22   2.22750  2.62758  0.29514  2.58333     22 G - - (
          1.38629  1.38629  1.38629  1.38629
          0.05515  3.61828  3.61828  1.46634  0.26236  1.09861  0.40547
     23   2.28583  1.31255  2.00650  0.70377     23 u - - (
          1.38629  1.38629  1.38629  1.38629
          0.05515  3.61828  3.61828  1.46634  0.26236  1.09861  0.40547
     24   2.41812  1.51630  2.08803  0.56659     24 U - - (
          1.38629  1.38629  1.38629  1.38629
          0.05515  3.61828  3.61828  1.46634  0.26236  1.09861  0.40547
     25   0.66048  2.15872  1.39734  2.11471     25 A - - (
          1.38629  1.38629  1.38629  1.38629
          0.05515  3.61828  3.61828  1.46634  0.26236  1.09861  0.40547
     26   2.41729  1.51634  2.08779  0.56676     26 U - - (
          1.38629  1.38629  1.38629  1.38629
          0.05515  3.61828  3.61828  1.46634  0.26236  1.09861  0.40547
     27   2.64480  0.42838  2.33582  1.71101     27 C - - (
          1.38629  1.38629  1.38629  1.38629
          0.05515  3.61828  3.61828  1.46634  0.26236  1.09861  0.40547
     28   2.22563  2.62603  0.29580  2.58096     28 G - - (
          1.38629  1.38629  1.38629  1.38629
          0.05515  3.61828  3.61828  1.46634  0.26236  1.09861  0.40547
     29   2.62026  0.43334  2.32699  1.70768     29 C - - (
          1.38629  1.38629  1.38629  1.38629
          0.05515  3.61828  3.61828  1.46634  0.26236  1.09861  0.40547
     30   0.65971  2.16006  1.39711  2.11718     30 A - - <
          1.38629  1.38629  1.38629  1.38629
          0.05515  3.61828  3.61828  1.46634  0.26236  1.09861  0.40547
     31   2.65039  0.42726  2.33782  1.71176     31 C - - <
          1.38629  1.38629  1.38629  1.38629
          0.05515  3.61828  3.61828  1.46634  0.26236  1.09861  0.40547
     32   2.64867  0.42761  2.33720  1.71153     32 C - - <
          1.38629  1.38629  1.38629  1.38629
          0.05515  3.61828  3.61828  1.46634  0.26236  1.09861  0.40547
     33   1.35514  2.25099  0.65924  2.12402     33 G - - <
          1.38629  1.38629  1.38629  1.38629
          0.05515  3.61828  3.61828  1.46634  0.26236  1.09861  0.40547
     34   0.66039  2.15886  1.39732  2.11498     34 A - - <
          1.38629  1.38629  1.38629  1.38629
          0.05515  3.61828  3.61828  1.46634  0.26236  1.09861  0.40547
     35   2.41773  1.51632  2.08792  0.56667     35 U - - <
          1.38629  1.38629  1.38629  1.38629
          0.05515  3.61828  3.61828  1.46634  0.26236  1.09861  0.40547
     36   2.64526  0.42828  2.33599  1.71107     36 C - - <
          1.38629  1.38629  1.38629  1.38629
          0.05515  3.61828  3.61828  1.46634  0.26236  1.09861  0.40547
     37   2.42551  1.33407  2.13885  0.63417     37 U - - <
          1.38629  1.38629  1.38629  1.38629
          0.05515  3.61828  3.61828  1.46634  0.26236  1.09861  0.40547
     38   2.41670  1.51637  2.08762  0.56688     38 U - - <
          1.38629  1.38629  1.38629  1.38629
          0.05515  3.61828  3.61828  1.46634  0.26236  1.09861  0.40547
     39   2.08974  2.14742  2.57763  0.38047     39 U - - _
          1.38629  1.38629  1.38629  1.38629
          0.05515  3.61828  3.61828  1.46634  0.26236  1.09861  0.40547
     40   2.09173  2.86924  0.31082  2.44258     40 G - - _
          1.38629  1.38629  1.38629  1.38629
          0.05515  3.61828  3.61828  1.46634  0.26236  1.09861  0.40547
     41   2.08974  2.14742  2.57763  0.38047     41 U - - _
          1.38629  1.38629  1.38629  1.38629
          0.05515  3.61828  3.61828  1.46634  0.26236  1.09861  0.40547
     42   0.64809  2.25978  1.35253  2.17159     42 A - - >
          1.38629  1.38629  1.38629  1.38629
          0.05515  3.61828  3.61828  1.46634  0.26236  1.09861  0.40547
     43   1.79389  2.30611  0.47615  2.18149     43 G - - >
          1.38629  1.38629  1.38629  1.38629
          0.05515  3.61828  3.61828  1.46634  0.26236  1.09861  0.40547
     44   1.98225  2.49994  0.37178  2.40083     44 G - - >
          1.38629  1.38629  1.38629  1.38629
          0.05515  3.61828  3.61828  1.46634  0.26236  1.09861  0.40547
     45   0.64799  2.26000  1.35249  2.17194     45 A - - >
          1.38629  1.38629  1.38629  1.38629
          0.05515  3.61828  3.61828  1.46634  0.26236  1.09861  0.40547
     46   2.34711  1.63054  1.97638  0.56219     46 U - - >
          1.38629  1.38629  1.38629  1.38629
          0.05515  3.61828  3.61828  1.46634  0.26236  1.09861  0.40547
     47   2.34407  1.40017  2.05896  0.63503     47 U - - >
          1.38629  1.38629  1.38629  1.38629
          0.05515  3.61828  3.61828  1.46634  0.26236  1.09861  0.40547
     48   1.98180  2.49949  0.37201  2.40018     48 G - - >
          1.38629  1.38629  1.38629  1.38629
          0.05515  3.61828  3.61828  1.46634  0.26236  1.09861  0.40547
     49   1.98071  2.49840  0.37256  2.39860     49 G - - >
          1.38629  1.38629  1.38629  1.38629
          0.05515  3.61828  3.61828  1.46634  0.26236  1.09861  0.40547
     50   2.34009  1.63061  1.97465  0.56377     50 U - - >
          1.38629  1.38629  1.38629  1.38629
          0.05515  3.61828  3.61828  1.46634  0.26236  1.09861  0.40547
     51   2.08974  2.14742  2.57763  0.38047     51 U - - ,
          1.38629  1.38629  1.38629  1.38629
          0.05515  3.61828  3.61828  1.46634  0.26236  1.09861  0.40547
     52   2.16531  0.41308  2.71569  1.84820     52 C - - ,
          1.38629  1.38629  1.38629  1.38629
          0.05515  3.61828  3.61828  1.46634  0.26236  1.09861  0.40547
     53   2.08974  2.14742  2.57763  0.38047     53 U - - ,
          1.38629  1.38629  1.38629  1.38629
          0.05515  3.61828  3.61828  1.46634  0.26236  1.09861  0.40547
     54   2.09173  2.86924  0.31082  2.44258     54 G - - ,
          1.38629  1.38629  1.38629  1.38629
          0.05515  3.61828  3.61828  1.46634  0.26236  1.09861  0.40547
     55   2.09173  2.86924  0.31082  2.44258     55 G - - ,
          1.38629  1.38629  1.38629  1.38629
          0.05515  3.61828  3.61828  1.46634  0.26236  1.09861  0.40547
     56   0.29383  2.66646  2.44773  2.31657     56 A - - ,
          1.38629  1.38629  1.38629  1.38629
          0.05515  3.61828  3.61828  1.46634  0.26236  1.09861  0.40547
     57   0.29383  2.66646  2.44773  2.31657     57 A - - ,
          1.38629  1.38629  1.38629  1.38629
          0.05515  3.61828  3.61828  1.46634  0.26236  1.09861  0.40547
     58   0.71871  2.02457  2.05511  1.37639     58 a - - ,
          1.38629  1.38629  1.38629  1.38629
          0.05515  3.61828  3.61828  1.46634  0.26236  1.09861  0.40547
     59   2.08974  2.14742  2.57763  0.38047     59 U - - ,
          1.38629  1.38629  1.38629  1.38629
          0.05515  3.61828  3.61828  1.46634  0.26236  1.09861  0.40547
     60   2.09173  2.86924  0.31082  2.44258     60 G - - ,
          1.38629  1.38629  1.38629  1.38629
          0.05515  3.61828  3.61828  1.46634  0.26236  1.09861  0.40547
     61   0.29383  2.66646  2.44773  2.31657     61 A - - ,
          1.38629  1.38629  1.38629  1.38629
          0.05515  3.61828  3.61828  1.46634  0.26236  1.09861  0.40547
     62   2.41637  1.51638  2.08752  0.56694     62 U - - <
          1.38629  1.38629  1.38629  1.38629
          0.05515  3.61828  3.61828  1.46634  0.26236  1.09861  0.40547
     63   2.41754  1.51633  2.08786  0.56671     63 U - - <
          1.38629  1.38629  1.38629  1.38629
          0.05515  3.61828  3.61828  1.46634  0.26236  1.09861  0.40547
     64   2.42637  1.33399  2.13912  0.63401     64 U - - <
          1.38629  1.38629  1.38629  1.38629
          0.05515  3.61828  3.61828  1.46634  0.26236  1.09861  0.40547
     65   2.64582  0.42817  2.33619  1.71115     65 C - - <
          1.38629  1.38629  1.38629  1.38629
          0.05515  3.61828  3.61828  1.46634  0.26236  1.09861  0.40547
     66   2.41748  1.51633  2.08784  0.56672     66 U - - <
          1.38629  1.38629  1.38629  1.38629
          0.05515  3.61828  3.61828  1.46634  0.26236  1.09861  0.40547
     67   2.64510  0.42832  2.33593  1.71105     67 C - - <
          1.38629  1.38629  1.38629  1.38629
          0.05515  3.61828  3.61828  1.46634  0.26236  1.09861  0.40547
     68   2.22580  2.62617  0.29574  2.58117     68 G - - <
          1.38629  1.38629  1.38629  1.38629
          0.05515  3.61828  3.61828  1.46634  0.26236  1.09861  0.40547
     69   2.41668  1.51637  2.08761  0.56688     69 U - - <
          1.38629  1.38629  1.38629  1.38629
          0.05515  3.61828  3.61828  1.46634  0.26236  1.09861  0.40547
     70   2.09173  2.86924  0.31082  2.44258     70 G - - _
          1.38629  1.38629  1.38629  1.38629
          0.05515  3.61828  3.61828  1.46634  0.26236  1.09861  0.40547
     71   2.08974  2.14742  2.57763  0.38047     71 U - - _
          1.38629  1.38629  1.38629  1.38629
          0.05515  3.61828  3.61828  1.46634  0.26236  1.09861  0.40547
     72   2.09173  2.86924  0.31082  2.44258     72 G - - _
          1.38629  1.38629  1.38629  1.38629
          0.05515  3.61828  3.61828  1.46634  0.26236  1.09861  0.40547
     73   2.08974  2.14742  2.57763  0.38047     73 U - - _
          1.38629  1.38629  1.38629  1.38629
          0.05515  3.61828  3.61828  1.46634  0.26236  1.09861  0.40547
     74   2.08974  2.14742  2.57763  0.38047     74 U - - _
          1.38629  1.38629  1.38629  1.38629
          0.05515  3.61828  3.61828  1.46634  0.26236  1.09861  0.40547
     75   2.09173  2.86924  0.31082  2.44258     75 G - - _
          1.38629  1.38629  1.38629  1.38629
          0.05515  3.61828  3.61828  1.46634  0.26236  1.09861  0.40547
     76   2.09173  2.86924  0.31082  2.44258     76 G - - _
          1.38629  1.38629  1.38629  1.38629
          0.05515  3.61828  3.61828  1.46634  0.26236  1.09861  0.40547
     77   0.64809  2.25977  1.35253  2.17157     77 A - - >
          1.38629  1.38629  1.38629  1.38629
          0.05515  3.61828  3.61828  1.46634  0.26236  1.09861  0.40547
     78   2.80312  0.34378  2.45391  1.93558     78 C - - >
          1.38629  1.38629  1.38629  1.38629
          0.05515  3.61828  3.61828  1.46634  0.26236  1.09861  0.40547
     79   1.98215  2.49984  0.37183  2.40068     79 G - - >
          1.38629  1.38629  1.38629  1.38629
          0.05515  3.61828  3.61828  1.46634  0.26236  1.09861  0.40547
     80   0.64804  2.25988  1.35251  2.17174     80 A - - >
          1.38629  1.38629  1.38629  1.38629
          0.05515  3.61828  3.61828  1.46634  0.26236  1.09861  0.40547
     81   1.98202  2.49971  0.37189  2.40050     81 G - - >
          1.38629  1.38629  1.38629  1.38629
          0.05515  3.61828  3.61828  1.46634  0.26236  1.09861  0.40547
     82   1.79351  2.30574  0.47642  2.18093     82 G - - >
          1.38629  1.38629  1.38629  1.38629
          0.05515  3.61828  3.61828  1.46634  0.26236  1.09861  0.40547
     83   0.64850  2.25889  1.35269  2.17015     83 A - - >
          1.38629  1.38629  1.38629  1.38629
          0.05515  3.61828  3.61828  1.46634  0.26236  1.09861  0.40547
     84   0.64911  2.25756  1.35294  2.16803     84 A - - >
          1.38629  1.38629  1.38629  1.38629
          0.05515  3.61828  3.61828  1.46634  0.26236  1.09861  0.40547
     85   1.98170  2.49939  0.37206  2.40003     85 G - - )
          1.38629  1.38629  1.38629  1.38629
          0.05515  3.61828  3.61828  1.46634  0.26236  1.09861  0.40547
     86   0.29383  2.66646  2.44773  2.31657     86 A - - -
          1.38629  1.38629  1.38629  1.38629
          0.05515  3.61828  3.61828  1.46634  0.26236  1.09861  0.40547
     87   2.80306  0.34379  2.45389  1.93557     87 C - - )
          1.38629  1.38629  1.38629  1.38629
          0.05515  3.61828  3.61828  1.46634  0.26236  1.09861  0.40547
     88   1.98222  2.49991  0.37179  2.40078     88 G - - )
          1.38629  1.38629  1.38629  1.38629
          0.05515  3.61828  3.61828  1.46634  0.26236  1.09861  0.40547
     89   0.64797  2.26004  1.35248  2.17200     89 A - - )
          1.38629  1.38629  1.38629  1.38629
          0.05515  3.61828  3.61828  1.46634  0.26236  1.09861  0.40547
     90   2.34756  1.63053  1.97649  0.56209     90 U - - )
          1.38629  1.38629  1.38629  1.38629
          0.05515  3.61828  3.61828  1.46634  0.26236  1.09861  0.40547
     91   0.64783  2.26034  1.35243  2.17248     91 A - - )
          1.38629  1.38629  1.38629  1.38629
          0.05515  3.61828  3.61828  1.46634  0.26236  1.09861  0.40547
     92   1.39907  2.16637  0.67194  2.05680     92 G - - )
          1.38629  1.38629  1.38629  1.38629
          0.05515  3.61828  3.61828  1.46634  0.26236  1.09861  0.40547
     93   2.80768  0.34302  2.45554  1.93648     93 C - - )
          1.38629  1.38629  1.38629  1.38629
          0.05515  3.61828  3.61828  1.46634  0.26236  1.09861  0.40547
     94   2.80860  0.34286  2.45587  1.93666     94 C - - )
          1.38629  1.38629  1.38629  1.38629
          0.05515  3.61828  3.61828  1.46634  0.26236  1.09861  0.40547
     95   1.79518  2.30737  0.47527  2.18335     95 G - - )
          1.38629  1.38629  1.38629  1.38629
          0.05515  3.61828  3.61828  1.46634  0.26236  1.09861  0.40547
     96   0.64755  2.26096  1.35231  2.17349     96 A - - )
          1.38629  1.38629  1.38629  1.38629
          0.05515  3.61828  3.61828  1.46634  0.26236  1.09861  0.40547
     97   0.29383  2.66646  2.44773  2.31657     97 A - - :
          1.38629  1.38629  1.38629  1.38629
          0.05515  3.61828  3.61828  1.46634  0.26236  1.09861  0.40547
     98   0.29383  2.66646  2.44773  2.31657     98 A - - :
          1.38629  1.38629  1.38629  1.38629
          0.05515  3.61828  3.61828  1.46634  0.26236  1.09861  0.40547
     99   2.09173  2.86924  0.31082  2.44258     99 G - - :
          1.38629  1.38629  1.38629  1.38629
          0.05515  3.61828  3.61828  1.46634  0.26236  1.09861  0.40547
    100   2.08974  2.14742  2.57763  0.38047    100 U - - :
          1.38629  1.38629  1.38629  1.38629
          0.05515  3.61828  3.61828  1.46634  0.26236  1.09861  0.40547
    101   0.29383  2.66646  2.44773  2.31657    101 A - - :
          1.38629  1.38629  1.38629  1.38629
          0.05515  3.61828  3.61828  1.46634  0.26236  1.09861  0.40547
    102   0.29383  2.66646  2.44773  2.31657    102 A - - :
          1.38629  1.38629  1.38629  1.38629
          0.02796  3.59109        *  1.46634  0.26236  0.00000        *
//
