INFERNAL1/a [1.1.2 | July 2016]
NAME     t_pro_fst_rna1_round5_0001
STATES   283
NODES    85
CLEN     93
W        108
ALPH     RNA
RF       no
CONS     yes
MAP      yes
DATE     Tue Dec 17 06:30:57 2019
COM      [1] cmbuild /home/co78wid/projects/master/results/ta_systems/fst_rna1/2_structure_analysis/infernal_search/t_pro_fst_rna1_cmbuild.txt /home/co78wid/projects/master/results/ta_systems/fst_rna1/1_sequence_analysis/fold/t_pro_fst_rna1_round5.stk
COM      [2] cmcalibrate --cpu 20 /home/co78wid/projects/master/results/ta_systems/fst_rna1/2_structure_analysis/infernal_search/t_pro_fst_rna1_cmbuild.txt
PBEGIN   0.05
PEND     0.05
WBETA    1e-07
QDBBETA1 1e-07
QDBBETA2 1e-15
N2OMEGA  1.52588e-05
N3OMEGA  1.52588e-05
ELSELF   -0.08926734
NSEQ     24
EFFN     3.178711
CKSUM    894017612
NULL     0.000  0.000  0.000  0.000 
EFP7GF   -8.2669 0.71850
ECMLC    0.48202    -7.69764     4.48769     1600000      426606  0.002813
ECMGC    0.37229   -13.81094    -0.82017     1600000       50402  0.007936
ECMLI    0.49315    -3.98527     7.02899     1600000      274232  0.004376
ECMGI    0.41003    -7.91028     3.46295     1600000       42398  0.009434
CM
                                             [ ROOT    0 ]      -      - - - - -
     S     0    -1 0     1     4     1     1   108   128  -7.386  -7.593  -0.039  -6.007                 
    IL     1     1 2     1     4     8    46   112   132  -1.686  -2.369  -1.117  -4.855                  0.000  0.000  0.000  0.000 
    IR     2     2 3     2     3     7    45   111   131  -1.442  -0.798  -4.142                          0.000  0.000  0.000  0.000 
                                             [ MATL    1 ]      1      - A - - -
    ML     3     2 3     5     3     7    45   108   128  -8.375  -0.015  -7.029                          1.315 -1.890 -0.221 -1.380 
     D     4     2 3     5     3     2    40   107   127  -6.174  -1.687  -0.566                         
    IL     5     5 3     5     3     6    45   110   130  -1.442  -0.798  -4.142                          0.000  0.000  0.000  0.000 
                                             [ MATL    2 ]      2      - U - - -
    ML     6     5 3     8     3     7    44   107   127  -8.375  -0.015  -7.029                         -2.268 -2.133 -3.031  1.783 
     D     7     5 3     8     3     2    40   106   126  -6.174  -1.687  -0.566                         
    IL     8     8 3     8     3     6    44   109   129  -1.442  -0.798  -4.142                          0.000  0.000  0.000  0.000 
                                             [ MATL    3 ]      3      - G - - -
    ML     9     8 3    11     3     6    43   106   126  -8.375  -0.015  -7.029                         -1.476 -2.048  1.653 -1.981 
     D    10     8 3    11     3     1    39   105   125  -6.174  -1.687  -0.566                         
    IL    11    11 3    11     3     5    43   108   128  -1.442  -0.798  -4.142                          0.000  0.000  0.000  0.000 
                                             [ MATL    4 ]      4      - u - - -
    ML    12    11 3    14     3     5    42   105   125  -8.375  -0.015  -7.029                          0.121 -0.952 -0.341  0.684 
     D    13    11 3    14     3     1    38   104   124  -6.174  -1.687  -0.566                         
    IL    14    14 3    14     3     4    42   107   127  -1.442  -0.798  -4.142                          0.000  0.000  0.000  0.000 
                                             [ MATL    5 ]      5      - u - - -
    ML    15    14 3    17     3     4    41   104   124  -8.375  -0.015  -7.029                          0.536 -0.968 -0.822  0.559 
     D    16    14 3    17     3     0    37   103   123  -6.174  -1.687  -0.566                         
    IL    17    17 3    17     3     4    41   106   126  -1.442  -0.798  -4.142                          0.000  0.000  0.000  0.000 
                                             [ MATL    6 ]      6      - c - - -
    ML    18    17 3    20     3     3    40   103   123  -8.375  -0.015  -7.029                          0.116  0.502 -1.335  0.143 
     D    19    17 3    20     3     0    37   102   121  -6.174  -1.687  -0.566                         
    IL    20    20 3    20     3     3    40   105   125  -1.442  -0.798  -4.142                          0.000  0.000  0.000  0.000 
                                             [ MATL    7 ]      7      - A - - -
    ML    21    20 3    23     3     2    39   102   122  -8.375  -0.232  -2.779                          1.098 -1.433 -0.215 -0.671 
     D    22    20 3    23     3     0    36   101   120  -6.174  -1.687  -0.566                         
    IL    23    23 3    23     3     3    40   104   124  -1.442  -0.798  -4.142                          0.000  0.000  0.000  0.000 
                                             [ MATL    8 ]      8      - g - - -
    ML    24    23 3    26     3     3    40   101   121  -8.161  -0.018  -6.815                          0.512 -1.349  0.618 -0.629 
     D    25    23 3    26     3     0    35    99   119  -7.605  -3.118  -0.185                         
    IL    26    26 3    26     3     2    39   103   123  -1.442  -0.798  -4.142                          0.000  0.000  0.000  0.000 
                                             [ MATL    9 ]      9      - U - - -
    ML    27    26 3    29     3     2    39   100   120  -8.161  -0.300  -2.441                         -0.983 -0.148 -1.744  1.197 
     D    28    26 3    29     3     0    35    98   118  -7.605  -3.118  -0.185                         
    IL    29    29 3    29     3     3    40   102   122  -1.442  -0.798  -4.142                          0.000  0.000  0.000  0.000 
                                             [ MATL   10 ]     10      - A - - -
    ML    30    29 3    32     3     4    39    99   119  -7.883  -0.022  -6.537                          1.681 -2.208 -1.856 -1.735 
     D    31    29 3    32     3     0    35    97   116  -8.361  -3.874  -0.107                         
    IL    32    32 3    32     3     3    39   101   121  -1.442  -0.798  -4.142                          0.000  0.000  0.000  0.000 
                                             [ MATL   11 ]     11      - c - - -
    ML    33    32 3    35     3     4    39    98   118  -7.883  -0.022  -6.537                         -0.423  0.904 -1.390  0.003 
     D    34    32 3    35     3     0    35    96   116  -8.361  -3.874  -0.107                         
    IL    35    35 3    35     3     3    39   100   120  -1.442  -0.798  -4.142                          0.000  0.000  0.000  0.000 
                                             [ MATL   12 ]     12      - a - - -
    ML    36    35 3    38     3     3    38    97   117  -7.883  -0.022  -6.537                          0.571 -0.340 -0.547  0.056 
     D    37    35 3    38     3     0    34    96   115  -8.361  -1.071  -0.941                         
    IL    38    38 3    38     3     2    38    99   119  -1.442  -0.798  -4.142                          0.000  0.000  0.000  0.000 
                                             [ MATL   13 ]     13      - c - - -
    ML    39    38 3    41     3     2    37    96   115  -8.161  -0.018  -6.815                         -0.202  0.524 -1.314  0.368 
     D    40    38 3    41     3     0    33    95   114  -7.605  -0.426  -1.997                         
    IL    41    41 3    41     3     1    36    98   118  -1.442  -0.798  -4.142                          0.000  0.000  0.000  0.000 
                                             [ MATL   14 ]     14      - U - - -
    ML    42    41 3    44     3     2    36    95   114  -8.375  -0.015  -7.029                         -2.268 -2.133 -3.031  1.783 
     D    43    41 3    44     3     0    31    94   113  -6.174  -1.687  -0.566                         
    IL    44    44 3    44     3     1    35    97   117  -1.442  -0.798  -4.142                          0.000  0.000  0.000  0.000 
                                             [ MATL   15 ]     15      - A - - -
    ML    45    44 3    47     3     2    35    94   113  -8.375  -0.015  -7.029                          1.849 -3.201 -2.753 -2.828 
     D    46    44 3    47     3     0    30    93   112  -6.174  -1.687  -0.566                         
    IL    47    47 3    47     3     1    34    96   116  -1.442  -0.798  -4.142                          0.000  0.000  0.000  0.000 
                                             [ MATL   16 ]     16      - U - - -
    ML    48    47 3    50     3     2    34    93   112  -8.375  -0.015  -7.029                         -0.136 -1.169 -1.577  1.208 
     D    49    47 3    50     3     0    29    92   111  -6.174  -1.687  -0.566                         
    IL    50    50 3    50     3     1    34    95   115  -1.442  -0.798  -4.142                          0.000  0.000  0.000  0.000 
                                             [ MATL   17 ]     17      - U - - -
    ML    51    50 3    53     3     1    33    92   111  -8.375  -0.015  -7.029                         -2.268 -2.133 -3.031  1.783 
     D    52    50 3    53     3     0    28    91   110  -6.174  -1.687  -0.566                         
    IL    53    53 3    53     3     1    33    94   114  -1.442  -0.798  -4.142                          0.000  0.000  0.000  0.000 
                                             [ MATL   18 ]     18      - U - - -
    ML    54    53 3    56     3     1    32    91   110  -8.375  -0.015  -7.029                         -0.809 -1.184 -0.488  1.187 
     D    55    53 3    56     3     0    27    89   109  -6.174  -1.687  -0.566                         
    IL    56    56 3    56     3     1    32    93   113  -1.442  -0.798  -4.142                          0.000  0.000  0.000  0.000 
                                             [ MATL   19 ]     19      - g - - -
    ML    57    56 3    59     3     1    31    90   109  -8.375  -0.015  -7.029                         -0.616 -1.233  0.608  0.484 
     D    58    56 3    59     3     0    27    88   108  -6.174  -1.687  -0.566                         
    IL    59    59 3    59     3     1    31    92   111  -1.442  -0.798  -4.142                          0.000  0.000  0.000  0.000 
                                             [ MATL   20 ]     20      - u - - -
    ML    60    59 3    62     3     1    31    89   108  -8.375  -0.015  -7.029                         -1.065  0.502 -1.876  0.874 
     D    61    59 3    62     3     0    26    87   107  -6.174  -1.687  -0.566                         
    IL    62    62 3    62     3     1    30    91   110  -1.442  -0.798  -4.142                          0.000  0.000  0.000  0.000 
                                             [ MATL   21 ]     21      - a - - -
    ML    63    62 3    65     3     1    30    88   107  -8.375  -0.015  -7.029                          0.726 -1.079 -0.210  0.012 
     D    64    62 3    65     3     0    25    86   106  -6.174  -1.687  -0.566                         
    IL    65    65 3    65     3     1    29    90   109  -1.442  -0.798  -4.142                          0.000  0.000  0.000  0.000 
                                             [ MATL   22 ]     22      - u - - -
    ML    66    65 3    68     3     1    29    87   106  -8.375  -0.015  -7.029                          0.290 -0.960 -0.817  0.762 
     D    67    65 3    68     3     0    24    85   105  -6.174  -1.687  -0.566                         
    IL    68    68 3    68     3     1    28    89   108  -1.442  -0.798  -4.142                          0.000  0.000  0.000  0.000 
                                             [ MATL   23 ]     23      - C - - -
    ML    69    68 3    71     3     1    28    85   105  -8.375  -0.015  -7.029                         -1.248  1.119 -2.108  0.233 
     D    70    68 3    71     3     0    23    84   104  -6.174  -1.687  -0.566                         
    IL    71    71 3    71     3     1    28    88   107  -1.442  -0.798  -4.142                          0.000  0.000  0.000  0.000 
                                             [ MATL   24 ]     24      - g - - -
    ML    72    71 3    74     3     1    27    84   103  -8.375  -0.015  -7.029                          0.007 -1.128  0.534  0.124 
     D    73    71 3    74     3     0    23    83   102  -6.174  -1.687  -0.566                         
    IL    74    74 3    74     3     1    27    87   106  -1.442  -0.798  -4.142                          0.000  0.000  0.000  0.000 
                                             [ MATL   25 ]     25      - a - - -
    ML    75    74 3    77     3     1    26    83   102  -8.375  -0.015  -7.029                          0.761 -0.785 -0.231 -0.196 
     D    76    74 3    77     3     0    22    82   101  -6.174  -1.687  -0.566                         
    IL    77    77 3    77     3     1    26    86   105  -1.442  -0.798  -4.142                          0.000  0.000  0.000  0.000 
                                             [ MATL   26 ]     26      - U - - -
    ML    78    77 3    80     3     1    25    82   101  -8.375  -0.015  -7.029                         -2.268 -2.133 -3.031  1.783 
     D    79    77 3    80     3     0    21    81   100  -6.174  -1.687  -0.566                         
    IL    80    80 3    80     3     1    25    85   104  -1.442  -0.798  -4.142                          0.000  0.000  0.000  0.000 
                                             [ MATL   27 ]     27      - U - - -
    ML    81    80 3    83     3     1    24    81   100  -8.742  -0.072  -4.423                         -0.538 -0.685 -1.635  1.243 
     D    82    80 3    83     3     0    21    80    99  -5.620  -0.734  -1.403                         
    IL    83    83 3    83     3     1    24    82   101  -1.925  -0.554  -4.164                          0.000  0.000  0.000  0.000 
                                             [ MATR   28 ]      -     93 - u - -
    MR    84    83 3    86     3     1    24    80    99  -8.684  -0.015  -7.002                          0.228 -0.252 -0.290  0.228 
     D    85    83 3    86     3     0    19    78    97  -6.902  -2.080  -0.405                         
    IR    86    86 3    86     3     1    23    81   100  -1.925  -0.554  -4.164                          0.000  0.000  0.000  0.000 
                                             [ MATR   29 ]      -     92 - A - -
    MR    87    86 3    89     3     1    23    79    98  -8.684  -0.015  -7.002                          1.835 -3.080 -2.643 -2.695 
     D    88    86 3    89     3     0    18    77    96  -6.902  -2.080  -0.405                         
    IR    89    89 3    89     3     1    22    80    99  -1.925  -0.554  -4.164                          0.000  0.000  0.000  0.000 
                                             [ MATR   30 ]      -     91 - A - -
    MR    90    89 3    92     3     1    22    78    97  -8.684  -0.015  -7.002                          1.265 -1.802 -0.156 -1.279 
     D    91    89 3    92     3     0    17    77    96  -6.902  -0.901  -1.132                         
    IR    92    92 3    92     3     1    21    79    98  -1.925  -0.554  -4.164                          0.000  0.000  0.000  0.000 
                                             [ MATR   31 ]      -     90 - c - -
    MR    93    92 3    95     3     1    21    77    96  -8.742  -0.014  -7.060                         -0.256  0.502 -1.068  0.345 
     D    94    92 3    95     3     0    16    76    94  -6.390  -1.568  -0.620                         
    IR    95    95 3    95     3     1    20    78    97  -1.925  -0.554  -4.164                          0.000  0.000  0.000  0.000 
                                             [ MATR   32 ]      -     89 - A - -
    MR    96    95 3    98     3     1    20    76    95  -8.742  -0.014  -7.060                          1.849 -3.201 -2.753 -2.828 
     D    97    95 3    98     3     0    15    75    93  -6.390  -1.568  -0.620                         
    IR    98    98 3    98     3     1    20    77    96  -1.925  -0.554  -4.164                          0.000  0.000  0.000  0.000 
                                             [ MATR   33 ]      -     88 - G - -
    MR    99    98 3   101     3     1    19    75    94  -8.742  -0.014  -7.060                         -1.554 -3.153  1.757 -2.579 
     D   100    98 3   101     3     0    14    74    92  -6.390  -1.568  -0.620                         
    IR   101   101 3   101     3     1    19    76    95  -1.925  -0.554  -4.164                          0.000  0.000  0.000  0.000 
                                             [ MATR   34 ]      -     87 - u - -
    MR   102   101 3   104     3     1    19    74    93  -8.742  -0.014  -7.060                          0.521 -1.057 -1.291  0.745 
     D   103   101 3   104     3     0    13    73    91  -6.390  -1.568  -0.620                         
    IR   104   104 3   104     3     1    18    75    94  -1.925  -0.554  -4.164                          0.000  0.000  0.000  0.000 
                                             [ MATR   35 ]      -     86 - G - -
    MR   105   104 3   107     3     1    18    73    92  -8.742  -0.014  -7.060                         -0.044 -2.132  1.302 -1.571 
     D   106   104 3   107     3     0    12    72    90  -6.390  -1.568  -0.620                         
    IR   107   107 3   107     3     1    17    74    93  -1.925  -0.554  -4.164                          0.000  0.000  0.000  0.000 
                                             [ MATR   36 ]      -     85 - C - -
    MR   108   107 3   110     3     1    17    72    91  -8.742  -0.014  -7.060                         -0.961  1.130 -0.569 -0.683 
     D   109   107 3   110     3     0    11    71    89  -6.390  -1.568  -0.620                         
    IR   110   110 3   110     3     1    16    73    92  -1.925  -0.554  -4.164                          0.000  0.000  0.000  0.000 
                                             [ MATR   37 ]      -     84 - u - -
    MR   111   110 3   113     3     1    16    71    90  -8.742  -0.014  -7.060                         -0.339 -1.029 -0.229  0.900 
     D   112   110 3   113     3     0    10    70    88  -6.390  -1.568  -0.620                         
    IR   113   113 3   113     3     1    15    72    91  -1.925  -0.554  -4.164                          0.000  0.000  0.000  0.000 
                                             [ MATR   38 ]      -     83 - A - -
    MR   114   113 3   116     3     1    15    70    89  -8.742  -0.014  -7.060                          1.849 -3.201 -2.753 -2.828 
     D   115   113 3   116     3     0     9    69    87  -6.390  -1.568  -0.620                         
    IR   116   116 3   116     3     1    14    71    90  -1.925  -0.554  -4.164                          0.000  0.000  0.000  0.000 
                                             [ MATR   39 ]      -     82 - a - -
    MR   117   116 3   119     3     1    14    69    88  -8.742  -0.014  -7.060                          0.777 -0.448 -0.219 -0.526 
     D   118   116 3   119     3     0     8    68    86  -6.390  -1.568  -0.620                         
    IR   119   119 3   119     3     1    13    70    89  -1.925  -0.554  -4.164                          0.000  0.000  0.000  0.000 
                                             [ MATR   40 ]      -     81 - U - -
    MR   120   119 3   122     3     1    13    68    87  -8.742  -0.014  -7.060                         -1.222 -0.201 -1.992  1.293 
     D   121   119 3   122     3     0     7    67    85  -6.390  -1.568  -0.620                         
    IR   122   122 3   122     3     1    13    69    88  -1.925  -0.554  -4.164                          0.000  0.000  0.000  0.000 
                                             [ MATR   41 ]      -     80 - A - -
    MR   123   122 3   125     3     1    12    67    86  -8.742  -0.014  -7.060                          1.849 -3.201 -2.753 -2.828 
     D   124   122 3   125     3     0     6    66    84  -6.390  -1.568  -0.620                         
    IR   125   125 3   125     3     1    12    68    87  -1.925  -0.554  -4.164                          0.000  0.000  0.000  0.000 
                                             [ MATR   42 ]      -     79 - a - -
    MR   126   125 3   128     3     1    12    66    85  -8.742  -0.014  -7.060                          0.887 -1.789  0.520 -1.226 
     D   127   125 3   128     3     0     5    65    83  -6.390  -1.568  -0.620                         
    IR   128   128 3   128     3     1    11    67    86  -1.925  -0.554  -4.164                          0.000  0.000  0.000  0.000 
                                             [ MATR   43 ]      -     78 - g - -
    MR   129   128 3   131     3     1    11    65    84  -8.742  -0.014  -7.060                          0.461 -1.891  0.967 -1.322 
     D   130   128 3   131     3     0     4    64    82  -6.390  -1.568  -0.620                         
    IR   131   131 3   131     3     1    10    66    85  -1.925  -0.554  -4.164                          0.000  0.000  0.000  0.000 
                                             [ MATR   44 ]      -     77 - U - -
    MR   132   131 3   134     3     1    10    64    83  -8.742  -0.014  -7.060                         -2.268 -2.133 -3.031  1.783 
     D   133   131 3   134     3     0     3    62    81  -6.390  -1.568  -0.620                         
    IR   134   134 3   134     3     1     9    65    84  -1.925  -0.554  -4.164                          0.000  0.000  0.000  0.000 
                                             [ MATR   45 ]      -     76 - c - -
    MR   135   134 3   137     3     1     9    63    82  -8.742  -0.014  -7.060                         -0.649  0.739 -1.645  0.458 
     D   136   134 3   137     3     0     3    61    80  -6.390  -1.568  -0.620                         
    IR   137   137 3   137     3     1     8    64    83  -1.925  -0.554  -4.164                          0.000  0.000  0.000  0.000 
                                             [ MATR   46 ]      -     75 - G - -
    MR   138   137 3   140     3     1     8    62    81  -8.742  -0.014  -7.060                         -2.423 -3.755  1.858 -3.135 
     D   139   137 3   140     3     0     2    60    79  -6.390  -1.568  -0.620                         
    IR   140   140 3   140     3     1     7    63    82  -1.925  -0.554  -4.164                          0.000  0.000  0.000  0.000 
                                             [ MATR   47 ]      -     74 - G - -
    MR   141   140 3   143     3     1     8    61    80  -8.742  -0.014  -7.060                         -0.929 -1.721  1.250 -0.336 
     D   142   140 3   143     3     0     1    59    78  -6.390  -1.568  -0.620                         
    IR   143   143 3   143     3     1     6    62    81  -1.925  -0.554  -4.164                          0.000  0.000  0.000  0.000 
                                             [ MATR   48 ]      -     73 - U - -
    MR   144   143 3   146     3     1     7    60    79  -8.742  -0.014  -7.060                         -0.809 -1.184 -0.488  1.187 
     D   145   143 3   146     3     0     1    58    77  -6.390  -1.568  -0.620                         
    IR   146   146 3   146     3     1     5    61    80  -1.925  -0.554  -4.164                          0.000  0.000  0.000  0.000 
                                             [ MATR   49 ]      -     72 - U - -
    MR   147   146 3   149     3     1     6    59    78  -8.742  -0.014  -7.060                         -1.254 -0.286 -2.020  1.330 
     D   148   146 3   149     3     0     0    57    76  -6.390  -1.568  -0.620                         
    IR   149   149 3   149     3     1     4    60    79  -1.925  -0.554  -4.164                          0.000  0.000  0.000  0.000 
                                             [ MATR   50 ]      -     71 - A - -
    MR   150   149 3   152     3     1     5    58    77  -8.742  -0.014  -7.060                          1.315 -1.890 -0.221 -1.380 
     D   151   149 3   152     3     0     0    56    75  -6.390  -1.568  -0.620                         
    IR   152   152 3   152     3     1     4    59    78  -1.925  -0.554  -4.164                          0.000  0.000  0.000  0.000 
                                             [ MATR   51 ]      -     70 - C - -
    MR   153   152 3   155     3     1     5    57    76  -8.742  -0.014  -7.060                         -1.260  1.135 -2.121  0.209 
     D   154   152 3   155     3     0     0    55    74  -6.390  -1.568  -0.620                         
    IR   155   155 3   155     3     1     3    58    77  -1.925  -0.554  -4.164                          0.000  0.000  0.000  0.000 
                                             [ MATR   52 ]      -     69 - u - -
    MR   156   155 3   158     3     1     4    56    75  -8.742  -0.014  -7.060                          0.213 -0.978 -0.949  0.861 
     D   157   155 3   158     3     0     0    54    73  -6.390  -1.568  -0.620                         
    IR   158   158 3   158     3     1     2    57    76  -1.925  -0.554  -4.164                          0.000  0.000  0.000  0.000 
                                             [ MATR   53 ]      -     68 - C - -
    MR   159   158 3   161     3     1     4    55    74  -8.742  -0.014  -7.060                         -0.229  1.168 -1.859 -0.679 
     D   160   158 3   161     3     0     0    53    72  -6.390  -1.568  -0.620                         
    IR   161   161 3   161     3     1     2    56    75  -1.925  -0.554  -4.164                          0.000  0.000  0.000  0.000 
                                             [ MATR   54 ]      -     67 - U - -
    MR   162   161 3   164     3     1     3    54    73  -8.742  -0.014  -7.060                         -0.849 -1.201 -0.584  1.228 
     D   163   161 3   164     3     0     0    52    71  -6.390  -1.568  -0.620                         
    IR   164   164 3   164     3     1     1    55    74  -1.925  -0.554  -4.164                          0.000  0.000  0.000  0.000 
                                             [ MATR   55 ]      -     66 - U - -
    MR   165   164 3   167     3     1     3    53    72  -8.742  -0.014  -7.060                         -1.254 -0.286 -2.020  1.330 
     D   166   164 3   167     3     0     0    51    70  -6.390  -1.568  -0.620                         
    IR   167   167 3   167     3     1     1    54    73  -1.925  -0.554  -4.164                          0.000  0.000  0.000  0.000 
                                             [ MATR   56 ]      -     65 - U - -
    MR   168   167 3   170     3     1     2    52    71  -8.742  -0.014  -7.060                         -2.268 -2.133 -3.031  1.783 
     D   169   167 3   170     3     0     0    50    69  -6.390  -1.568  -0.620                         
    IR   170   170 3   170     3     1     1    53    72  -1.925  -0.554  -4.164                          0.000  0.000  0.000  0.000 
                                             [ MATR   57 ]      -     64 - U - -
    MR   171   170 3   173     3     1     2    51    70  -8.742  -0.014  -7.060                         -0.136 -1.169 -1.577  1.208 
     D   172   170 3   173     3     0     0    49    68  -6.390  -1.568  -0.620                         
    IR   173   173 3   173     3     1     1    52    71  -1.925  -0.554  -4.164                          0.000  0.000  0.000  0.000 
                                             [ MATR   58 ]      -     63 - A - -
    MR   174   173 3   176     3     1     2    50    69  -8.742  -0.014  -7.060                          1.021 -1.791  0.329 -1.236 
     D   175   173 3   176     3     0     0    48    67  -6.390  -1.568  -0.620                         
    IR   176   176 3   176     3     1     1    51    70  -1.925  -0.554  -4.164                          0.000  0.000  0.000  0.000 
                                             [ MATR   59 ]      -     62 - U - -
    MR   177   176 3   179     3     1     1    49    68  -8.742  -0.014  -7.060                         -2.268 -2.133 -3.031  1.783 
     D   178   176 3   179     3     0     0    47    66  -6.390  -1.568  -0.620                         
    IR   179   179 3   179     3     1     1    50    69  -1.925  -0.554  -4.164                          0.000  0.000  0.000  0.000 
                                             [ MATR   60 ]      -     61 - u - -
    MR   180   179 3   182     3     1     1    48    67  -8.742  -0.014  -7.060                         -0.171 -0.200 -1.367  0.890 
     D   181   179 3   182     3     0     0    46    65  -6.390  -1.568  -0.620                         
    IR   182   182 3   182     3     1     1    49    68  -1.925  -0.554  -4.164                          0.000  0.000  0.000  0.000 
                                             [ MATR   61 ]      -     60 - A - -
    MR   183   182 3   185     3     1     1    47    66  -8.742  -0.014  -7.060                          1.370 -1.930 -0.354 -1.432 
     D   184   182 3   185     3     0     0    45    64  -6.390  -1.568  -0.620                         
    IR   185   185 3   185     3     1     1    48    67  -1.925  -0.554  -4.164                          0.000  0.000  0.000  0.000 
                                             [ MATR   62 ]      -     59 - C - -
    MR   186   185 3   188     3     1     1    46    65  -8.742  -0.014  -7.060                         -0.130  1.111 -1.797 -0.646 
     D   187   185 3   188     3     0     0    44    63  -6.390  -1.568  -0.620                         
    IR   188   188 3   188     3     1     1    47    66  -1.925  -0.554  -4.164                          0.000  0.000  0.000  0.000 
                                             [ MATR   63 ]      -     58 - a - -
    MR   189   188 3   191     3     1     1    45    64  -8.742  -0.014  -7.060                          0.887 -1.789  0.520 -1.226 
     D   190   188 3   191     3     0     0    43    62  -6.390  -1.568  -0.620                         
    IR   191   191 3   191     3     1     1    46    65  -1.925  -0.554  -4.164                          0.000  0.000  0.000  0.000 
                                             [ MATR   64 ]      -     57 - c - -
    MR   192   191 3   194     3     1     1    44    63  -8.742  -0.014  -7.060                         -0.535  0.515 -0.414  0.177 
     D   193   191 3   194     3     0     0    42    61  -6.390  -1.568  -0.620                         
    IR   194   194 3   194     3     1     1    45    64  -1.925  -0.554  -4.164                          0.000  0.000  0.000  0.000 
                                             [ MATR   65 ]      -     56 - U - -
    MR   195   194 3   197     3     1     1    43    62  -8.742  -0.014  -7.060                         -2.268 -2.133 -3.031  1.783 
     D   196   194 3   197     3     0     0    41    60  -6.390  -1.568  -0.620                         
    IR   197   197 3   197     3     1     1    44    63  -1.925  -0.554  -4.164                          0.000  0.000  0.000  0.000 
                                             [ MATR   66 ]      -     55 - c - -
    MR   198   197 3   200     3     1     1    42    61  -8.742  -0.014  -7.060                         -0.114  0.842 -0.898 -0.421 
     D   199   197 3   200     3     0     0    40    59  -6.390  -1.568  -0.620                         
    IR   200   200 3   200     3     1     1    43    62  -1.925  -0.554  -4.164                          0.000  0.000  0.000  0.000 
                                             [ MATR   67 ]      -     54 - a - -
    MR   201   200 3   203     5     1     1    41    60  -7.458  -0.030  -7.273  -7.486  -8.377          0.596 -1.006 -0.279  0.222 
     D   202   200 3   203     5     0     0    40    59  -5.352  -0.707  -2.978  -4.409  -2.404         
    IR   203   203 3   203     5     1     1    41    60  -2.408  -0.496  -5.920  -4.087  -5.193          0.000  0.000  0.000  0.000 
                                             [ MATP   68 ]     28     53 a u - -
    MP   204   203 3   208     6     2     2    40    59  -9.291  -9.230  -0.019  -8.006  -8.286  -8.681 -3.798 -2.723 -3.905  2.990 -4.757 -5.391 -0.458 -4.097 -3.744  1.436 -4.310  1.613 -0.665 -4.420 -2.343 -2.705 
    ML   205   203 3   208     6     1     1    39    58  -6.250  -6.596  -1.310  -1.005  -6.446  -3.975  0.368 -0.385 -0.191  0.094 
    MR   206   203 3   208     6     1     1    38    57  -6.988  -5.717  -1.625  -5.695  -0.829  -3.908  0.368 -0.385 -0.191  0.094 
     D   207   203 3   208     6     0     0    36    55  -9.049  -7.747  -3.544  -4.226  -4.244  -0.319 
    IL   208   208 5   208     6     1     1    40    59  -2.579  -2.842  -0.760  -4.497  -5.274  -4.934  0.000  0.000  0.000  0.000 
    IR   209   209 6   209     5     1     1    39    58  -2.408  -0.496  -5.920  -4.087  -5.193          0.000  0.000  0.000  0.000 
                                             [ MATP   69 ]     29     52 u a - -
    MP   210   209 6   214     6     2     2    38    57  -9.291  -9.230  -0.019  -8.006  -8.286  -8.681 -4.033 -4.046 -3.878 -0.360 -2.775 -4.408  1.533 -3.510 -3.902 -0.201 -4.271 -2.115  2.602 -4.168  2.126 -2.791 
    ML   211   209 6   214     6     1     1    37    56  -6.250  -6.596  -1.310  -1.005  -6.446  -3.975  0.368 -0.385 -0.191  0.094 
    MR   212   209 6   214     6     1     1    37    56  -6.988  -5.717  -1.625  -5.695  -0.829  -3.908  0.368 -0.385 -0.191  0.094 
     D   213   209 6   214     6     0     0    35    54  -9.049  -7.747  -3.544  -4.226  -4.244  -0.319 
    IL   214   214 5   214     6     1     1    38    57  -2.579  -2.842  -0.760  -4.497  -5.274  -4.934  0.000  0.000  0.000  0.000 
    IR   215   215 6   215     5     1     1    37    56  -2.408  -0.496  -5.920  -4.087  -5.193          0.000  0.000  0.000  0.000 
                                             [ MATP   70 ]     30     51 c g - -
    MP   216   215 6   220     6     2     2    36    55  -9.291  -9.230  -0.019  -8.006  -8.286  -8.681 -3.058 -2.965 -3.134  1.916 -2.580 -3.917  2.089 -3.108 -3.152  0.942 -3.659 -1.015  1.731 -3.288 -0.005 -2.108 
    ML   217   215 6   220     6     1     1    36    55  -6.250  -6.596  -1.310  -1.005  -6.446  -3.975  0.368 -0.385 -0.191  0.094 
    MR   218   215 6   220     6     1     1    35    54  -6.988  -5.717  -1.625  -5.695  -0.829  -3.908  0.368 -0.385 -0.191  0.094 
     D   219   215 6   220     6     0     0    34    53  -9.049  -7.747  -3.544  -4.226  -4.244  -0.319 
    IL   220   220 5   220     6     1     1    36    55  -2.579  -2.842  -0.760  -4.497  -5.274  -4.934  0.000  0.000  0.000  0.000 
    IR   221   221 6   221     5     1     1    36    54  -2.408  -0.496  -5.920  -4.087  -5.193          0.000  0.000  0.000  0.000 
                                             [ MATP   71 ]     31     50 G U - -
    MP   222   221 6   226     4     2     2    34    53  -7.386  -7.593  -0.039  -6.007                 -3.842 -2.469 -4.127  0.834 -5.099 -5.261 -0.632 -4.124 -3.659  1.133 -4.089  3.265 -0.938 -4.671 -2.576 -1.067 
    ML   223   221 6   226     4     1     1    35    54  -3.758  -3.940  -0.507  -2.670                  0.368 -0.385 -0.191  0.094 
    MR   224   221 6   226     4     1     1    34    53  -4.809  -3.838  -1.706  -0.766                  0.368 -0.385 -0.191  0.094 
     D   225   221 6   226     4     0     0    33    52  -4.568  -4.250  -2.265  -0.520                 
    IL   226   226 5   226     4     1     1    36    55  -1.686  -2.369  -1.117  -4.855                  0.000  0.000  0.000  0.000 
    IR   227   227 6   227     3     1     1    35    54  -1.442  -0.798  -4.142                          0.000  0.000  0.000  0.000 
                                             [ MATL   72 ]     32      - C - - -
    ML   228   227 6   230     3     1     1    31    50  -8.742  -0.014  -7.060                         -1.770  1.678 -2.867 -1.438 
     D   229   227 6   230     3     0     0    30    49  -5.620  -0.734  -1.403                         
    IL   230   230 3   230     3     1     1    32    51  -1.925  -0.554  -4.164                          0.000  0.000  0.000  0.000 
                                             [ MATR   73 ]      -     49 - g - -
    MR   231   230 3   233     5     1     1    30    49  -7.458  -0.030  -7.273  -7.486  -8.377          0.150 -1.143  0.515  0.012 
     D   232   230 3   233     5     0     0    29    48  -5.352  -0.707  -2.978  -4.409  -2.404         
    IR   233   233 3   233     5     1     1    31    49  -2.408  -0.496  -5.920  -4.087  -5.193          0.000  0.000  0.000  0.000 
                                             [ MATP   74 ]     33     48 u a - -
    MP   234   233 3   238     6     2     2    29    48  -9.291  -9.230  -0.019  -8.006  -8.286  -8.681 -0.146 -1.854 -1.929  1.173 -1.886 -2.753  1.420 -2.247 -1.526  1.125 -2.534  0.367  1.639 -2.060  0.270 -1.165 
    ML   235   233 3   238     6     1     1    28    47  -6.250  -6.596  -1.310  -1.005  -6.446  -3.975  0.368 -0.385 -0.191  0.094 
    MR   236   233 3   238     6     1     1    28    46  -6.988  -5.717  -1.625  -5.695  -0.829  -3.908  0.368 -0.385 -0.191  0.094 
     D   237   233 3   238     6     0     0    25    44  -9.049  -7.747  -3.544  -4.226  -4.244  -0.319 
    IL   238   238 5   238     6     1     1    29    48  -2.579  -2.842  -0.760  -4.497  -5.274  -4.934  0.000  0.000  0.000  0.000 
    IR   239   239 6   239     5     1     1    29    47  -2.408  -0.496  -5.920  -4.087  -5.193          0.000  0.000  0.000  0.000 
                                             [ MATP   75 ]     34     47 C G - -
    MP   240   239 6   244     6     2     2    27    46  -9.291  -9.230  -0.019  -8.006  -8.286  -8.681 -5.465 -5.447 -4.991 -1.623 -3.540 -5.281  3.757 -4.442 -5.087 -1.481 -5.233 -3.424 -0.138 -5.470 -1.284 -3.902 
    ML   241   239 6   244     6     1     1    26    45  -6.250  -6.596  -1.310  -1.005  -6.446  -3.975  0.368 -0.385 -0.191  0.094 
    MR   242   239 6   244     6     1     1    26    44  -6.988  -5.717  -1.625  -5.695  -0.829  -3.908  0.368 -0.385 -0.191  0.094 
     D   243   239 6   244     6     0     0    23    42  -9.049  -7.747  -3.544  -4.226  -4.244  -0.319 
    IL   244   244 5   244     6     1     1    27    46  -2.579  -2.842  -0.760  -4.497  -5.274  -4.934  0.000  0.000  0.000  0.000 
    IR   245   245 6   245     5     1     1    27    45  -2.408  -0.496  -5.920  -4.087  -5.193          0.000  0.000  0.000  0.000 
                                             [ MATP   76 ]     35     46 C G - -
    MP   246   245 6   250     6     2     2    25    44  -9.291  -9.230  -0.019  -8.006  -8.286  -8.681 -5.465 -5.447 -4.991 -1.623 -3.540 -5.281  3.757 -4.442 -5.087 -1.481 -5.233 -3.424 -0.138 -5.470 -1.284 -3.902 
    ML   247   245 6   250     6     1     1    24    43  -6.250  -6.596  -1.310  -1.005  -6.446  -3.975  0.368 -0.385 -0.191  0.094 
    MR   248   245 6   250     6     1     1    24    43  -6.988  -5.717  -1.625  -5.695  -0.829  -3.908  0.368 -0.385 -0.191  0.094 
     D   249   245 6   250     6     0     0    22    40  -9.049  -7.747  -3.544  -4.226  -4.244  -0.319 
    IL   250   250 5   250     6     1     1    25    44  -2.579  -2.842  -0.760  -4.497  -5.274  -4.934  0.000  0.000  0.000  0.000 
    IR   251   251 6   251     5     1     1    25    43  -2.408  -0.496  -5.920  -4.087  -5.193          0.000  0.000  0.000  0.000 
                                             [ MATP   77 ]     36     45 u a - -
    MP   252   251 6   256     6     2     2    23    42  -9.291  -9.230  -0.019  -8.006  -8.286  -8.681 -1.192 -2.155 -2.181  0.929 -2.020 -3.022  1.854 -2.430 -0.396  0.898 -2.791 -0.661  2.044 -2.325 -0.102 -1.373 
    ML   253   251 6   256     6     1     1    22    41  -6.250  -6.596  -1.310  -1.005  -6.446  -3.975  0.368 -0.385 -0.191  0.094 
    MR   254   251 6   256     6     1     1    22    41  -6.988  -5.717  -1.625  -5.695  -0.829  -3.908  0.368 -0.385 -0.191  0.094 
     D   255   251 6   256     6     0     0    20    39  -9.049  -7.747  -3.544  -4.226  -4.244  -0.319 
    IL   256   256 5   256     6     1     1    23    42  -2.579  -2.842  -0.760  -4.497  -5.274  -4.934  0.000  0.000  0.000  0.000 
    IR   257   257 6   257     5     1     1    23    41  -2.408  -0.496  -5.920  -4.087  -5.193          0.000  0.000  0.000  0.000 
                                             [ MATP   78 ]     37     44 A U - -
    MP   258   257 6   262     6     2     2    21    40  -9.291  -9.230  -0.019  -8.006  -8.286  -8.681 -4.580 -3.436 -4.509  3.672 -5.286 -6.452 -0.932 -4.496 -4.405  0.221 -4.989 -0.807 -1.343 -5.483 -2.868 -3.322 
    ML   259   257 6   262     6     1     1    21    40  -6.250  -6.596  -1.310  -1.005  -6.446  -3.975  0.368 -0.385 -0.191  0.094 
    MR   260   257 6   262     6     1     1    21    40  -6.988  -5.717  -1.625  -5.695  -0.829  -3.908  0.368 -0.385 -0.191  0.094 
     D   261   257 6   262     6     0     0    19    38  -9.049  -7.747  -3.544  -4.226  -4.244  -0.319 
    IL   262   262 5   262     6     1     1    21    40  -2.579  -2.842  -0.760  -4.497  -5.274  -4.934  0.000  0.000  0.000  0.000 
    IR   263   263 6   263     5     1     1    21    40  -2.408  -0.496  -5.920  -4.087  -5.193          0.000  0.000  0.000  0.000 
                                             [ MATP   79 ]     38     43 U G - -
    MP   264   263 6   268     4     2     2    19    38  -7.386  -7.593  -0.039  -6.007                 -4.908 -4.860 -4.428 -1.128 -2.974 -4.730  1.323 -3.809 -4.478 -1.068 -4.691 -2.844  0.377 -4.913  3.400 -3.314 
    ML   265   263 6   268     4     1     1    21    39  -3.758  -3.940  -0.507  -2.670                  0.368 -0.385 -0.191  0.094 
    MR   266   263 6   268     4     1     1    20    39  -4.809  -3.838  -1.706  -0.766                  0.368 -0.385 -0.191  0.094 
     D   267   263 6   268     4     0     0    19    38  -4.568  -4.250  -2.265  -0.520                 
    IL   268   268 5   268     4     1     1    22    41  -1.686  -2.369  -1.117  -4.855                  0.000  0.000  0.000  0.000 
    IR   269   269 6   269     3     1     1    21    39  -1.442  -0.798  -4.142                          0.000  0.000  0.000  0.000 
                                             [ MATL   80 ]     39      - C - - -
    ML   270   269 6   272     3     1     1    16    34  -8.375  -0.015  -7.029                         -0.559  1.042 -1.749 -0.053 
     D   271   269 6   272     3     0     0    16    34  -6.174  -1.687  -0.566                         
    IL   272   272 3   272     3     1     1    20    38  -1.442  -0.798  -4.142                          0.000  0.000  0.000  0.000 
                                             [ MATL   81 ]     40      - a - - -
    ML   273   272 3   275     3     1     1    14    33  -8.375  -0.015  -7.029                          0.708 -1.059 -0.251  0.066 
     D   274   272 3   275     3     0     0    15    33  -6.174  -1.687  -0.566                         
    IL   275   275 3   275     3     1     1    19    37  -1.442  -0.798  -4.142                          0.000  0.000  0.000  0.000 
                                             [ MATL   82 ]     41      - U - - -
    ML   276   275 3   278     3     1     1    13    31  -8.375  -0.015  -7.029                         -2.268 -2.133 -3.031  1.783 
     D   277   275 3   278     3     0     0    13    32  -6.174  -1.687  -0.566                         
    IL   278   278 3   278     3     1     1    18    36  -1.442  -0.798  -4.142                          0.000  0.000  0.000  0.000 
                                             [ MATL   83 ]     42      - a - - -
    ML   279   278 3   281     2     1     1     1     1       *   0.000                                  0.688 -0.757 -1.186  0.441 
     D   280   278 3   281     2     0     0     0     0       *   0.000                                 
    IL   281   281 3   281     2     1     1    13    28  -1.823  -0.479                                  0.000  0.000  0.000  0.000 
                                             [ END    84 ]      -      - - - - -
     E   282   281 3    -1     0     0     0     0     0                                                 
//
HMMER3/f [3.1b3 | July 2016]
NAME  t_pro_fst_rna1_round5_0001
LENG  93
MAXL  179
ALPH  RNA
RF    no
MM    no
CONS  yes
CS    yes
MAP   yes
DATE  Tue Dec 17 06:30:57 2019
COM   [1] cmbuild /home/co78wid/projects/master/results/ta_systems/fst_rna1/2_structure_analysis/infernal_search/t_pro_fst_rna1_cmbuild.txt /home/co78wid/projects/master/results/ta_systems/fst_rna1/1_sequence_analysis/fold/t_pro_fst_rna1_round5.stk
NSEQ  24
EFFN  3.764648
CKSUM 894017612
STATS LOCAL MSV       -8.9482  0.71850
STATS LOCAL VITERBI   -9.8030  0.71850
STATS LOCAL FORWARD   -3.5541  0.71850
HMM          A        C        G        U   
            m->m     m->i     m->d     i->m     i->i     d->m     d->d
  COMPO   1.31755  1.68167  1.54194  1.10208
          1.38629  1.38629  1.38629  1.38629
          0.03037  4.20250  4.20250  1.46634  0.26236  0.00000        *
      1   0.44350  2.82846  1.53209  2.48862      1 A - - :
          1.38629  1.38629  1.38629  1.38629
          0.03037  4.20250  4.20250  1.46634  0.26236  1.09861  0.40547
      2   3.16620  3.03946  3.70055  0.12187      2 U - - :
          1.38629  1.38629  1.38629  1.38629
          0.03037  4.20250  4.20250  1.46634  0.26236  1.09861  0.40547
      3   2.55648  2.88032  0.20755  2.92367      3 G - - :
          1.38629  1.38629  1.38629  1.38629
          0.03037  4.20250  4.20250  1.46634  0.26236  1.09861  0.40547
      4   1.30632  2.09574  1.61907  0.89619      4 u - - :
          1.38629  1.38629  1.38629  1.38629
          0.03037  4.20250  4.20250  1.46634  0.26236  1.09861  0.40547
      5   1.00024  2.10955  1.98063  0.98636      5 u - - :
          1.38629  1.38629  1.38629  1.38629
          0.03037  4.20250  4.20250  1.46634  0.26236  1.09861  0.40547
      6   1.31320  1.00330  2.37970  1.30269      6 c - - :
          1.38629  1.38629  1.38629  1.38629
          0.03037  4.20250  4.20250  1.46634  0.26236  1.09861  0.40547
      7   0.59738  2.45857  1.53285  1.90871      7 A - - :
          1.38629  1.38629  1.38629  1.38629
          0.19453  4.20250  1.82127  1.46634  0.26236  1.09861  0.40547
      8   1.02537  2.39149  0.92337  1.87953      8 g - - :
          1.38629  1.38629  1.38629  1.38629
          0.03570  4.04367  4.04367  1.46634  0.26236  2.55087  0.08123
      9   2.16969  1.48981  2.70251  0.52200      9 U - - :
          1.38629  1.38629  1.38629  1.38629
          0.25300  4.04367  1.57990  1.46634  0.26236  2.55087  0.08123
     10   0.18285  3.08756  2.82668  2.77604     10 A - - :
          1.38629  1.38629  1.38629  1.38629
          0.04417  3.83485  3.83485  1.46634  0.26236  3.15986  0.04336
     11   1.73223  0.70954  2.43035  1.41374     11 c - - :
          1.38629  1.38629  1.38629  1.38629
          0.04417  3.83485  3.83485  1.46634  0.26236  3.15986  0.04336
     12   0.97657  1.62161  1.77649  1.36029     12 a - - :
          1.38629  1.38629  1.38629  1.38629
          0.04417  3.83485  3.83485  1.46634  0.26236  0.69609  0.69022
     13   1.55379  0.98542  2.36321  1.13584     13 c - - :
          1.38629  1.38629  1.38629  1.38629
          0.03570  4.04367  4.04367  1.46634  0.26236  0.16964  1.85772
     14   3.16620  3.03946  3.70055  0.12187     14 U - - :
          1.38629  1.38629  1.38629  1.38629
          0.03037  4.20250  4.20250  1.46634  0.26236  1.09861  0.40547
     15   0.08365  3.81884  3.49090  3.58194     15 A - - :
          1.38629  1.38629  1.38629  1.38629
          0.03037  4.20250  4.20250  1.46634  0.26236  1.09861  0.40547
     16   1.50071  2.28677  2.57586  0.51192     16 U - - :
          1.38629  1.38629  1.38629  1.38629
          0.03037  4.20250  4.20250  1.46634  0.26236  1.09861  0.40547
     17   3.16620  3.03946  3.70055  0.12187     17 U - - :
          1.38629  1.38629  1.38629  1.38629
          0.03037  4.20250  4.20250  1.46634  0.26236  1.09861  0.40547
     18   2.04456  2.29771  1.73097  0.52263     18 U - - :
          1.38629  1.38629  1.38629  1.38629
          0.03037  4.20250  4.20250  1.46634  0.26236  1.09861  0.40547
     19   1.88901  2.32155  0.92460  1.03855     19 g - - :
          1.38629  1.38629  1.38629  1.38629
          0.03037  4.20250  4.20250  1.46634  0.26236  1.09861  0.40547
     20   2.23360  1.00645  2.80634  0.76160     20 u - - :
          1.38629  1.38629  1.38629  1.38629
          0.03037  4.20250  4.20250  1.46634  0.26236  1.09861  0.40547
     21   0.86627  2.18529  1.52885  1.38528     21 a - - :
          1.38629  1.38629  1.38629  1.38629
          0.03037  4.20250  4.20250  1.46634  0.26236  1.09861  0.40547
     22   1.17944  2.10559  1.97444  0.83948     22 u - - :
          1.38629  1.38629  1.38629  1.38629
          0.03037  4.20250  4.20250  1.46634  0.26236  1.09861  0.40547
     23   2.37424  0.56872  2.98544  1.23737     23 C - - :
          1.38629  1.38629  1.38629  1.38629
          0.03037  4.20250  4.20250  1.46634  0.26236  1.09861  0.40547
     24   1.39919  2.22647  0.98263  1.30576     24 g - - :
          1.38629  1.38629  1.38629  1.38629
          0.03037  4.20250  4.20250  1.46634  0.26236  1.09861  0.40547
     25   0.84154  1.95237  1.54436  1.54380     25 a - - :
          1.38629  1.38629  1.38629  1.38629
          0.03037  4.20250  4.20250  1.46634  0.26236  1.09861  0.40547
     26   3.16620  3.03946  3.70055  0.12187     26 U - - :
          1.38629  1.38629  1.38629  1.38629
          0.03037  4.20250  4.20250  1.46634  0.26236  1.09861  0.40547
     27   1.80670  1.89905  2.61126  0.48996     27 U - - :
          1.38629  1.38629  1.38629  1.38629
          0.03037  4.20250  4.20250  1.46634  0.26236  1.09861  0.40547
     28   0.60815  3.15327  1.02276  2.93129     28 A - - <
          1.38629  1.38629  1.38629  1.38629
          0.03037  4.20250  4.20250  1.46634  0.26236  1.09861  0.40547
     29   2.95351  1.72245  2.75517  0.34868     29 U - - <
          1.38629  1.38629  1.38629  1.38629
          0.03037  4.20250  4.20250  1.46634  0.26236  1.09861  0.40547
     30   1.30939  1.24547  1.89252  1.23266     30 u - - <
          1.38629  1.38629  1.38629  1.38629
          0.03037  4.20250  4.20250  1.46634  0.26236  1.09861  0.40547
     31   2.13522  3.27319  0.25344  2.69160     31 G - - <
          1.38629  1.38629  1.38629  1.38629
          0.03037  4.20250  4.20250  1.46634  0.26236  1.09861  0.40547
     32   2.76776  0.18474  3.57038  2.55454     32 C - - -
          1.38629  1.38629  1.38629  1.38629
          0.03037  4.20250  4.20250  1.46634  0.26236  1.09861  0.40547
     33   1.45020  1.60282  1.39280  1.15274     33 u - - <
          1.38629  1.38629  1.38629  1.38629
          0.03037  4.20250  4.20250  1.46634  0.26236  1.09861  0.40547
     34   3.81830  0.12969  3.65826  2.60522     34 C - - <
          1.38629  1.38629  1.38629  1.38629
          0.03037  4.20250  4.20250  1.46634  0.26236  1.09861  0.40547
     35   3.81550  0.12985  3.65672  2.60468     35 C - - <
          1.38629  1.38629  1.38629  1.38629
          0.03037  4.20250  4.20250  1.46634  0.26236  1.09861  0.40547
     36   1.76794  1.34740  1.56208  1.02248     36 u - - <
          1.38629  1.38629  1.38629  1.38629
          0.03037  4.20250  4.20250  1.46634  0.26236  1.09861  0.40547
     37   0.16931  3.51709  2.37430  3.41156     37 A - - <
          1.38629  1.38629  1.38629  1.38629
          0.03037  4.20250  4.20250  1.46634  0.26236  1.09861  0.40547
     38   3.42595  1.88093  3.28196  0.25170     38 U - - <
          1.38629  1.38629  1.38629  1.38629
          0.03037  4.20250  4.20250  1.46634  0.26236  1.09861  0.40547
     39   1.82613  0.62055  2.70398  1.45083     39 C - - _
          1.38629  1.38629  1.38629  1.38629
          0.03037  4.20250  4.20250  1.46634  0.26236  1.09861  0.40547
     40   0.87902  2.17056  1.55919  1.34558     40 a - - _
          1.38629  1.38629  1.38629  1.38629
          0.03037  4.20250  4.20250  1.46634  0.26236  1.09861  0.40547
     41   3.16620  3.03946  3.70055  0.12187     41 U - - _
          1.38629  1.38629  1.38629  1.38629
          0.03037  4.20250  4.20250  1.46634  0.26236  1.09861  0.40547
     42   0.88801  1.94495  2.26174  1.07481     42 a - - _
          1.38629  1.38629  1.38629  1.38629
          0.03037  4.20250  4.20250  1.46634  0.26236  1.09861  0.40547
     43   2.47284  3.46676  0.17191  3.16094     43 G - - >
          1.38629  1.38629  1.38629  1.38629
          0.03037  4.20250  4.20250  1.46634  0.26236  1.09861  0.40547
     44   3.62808  2.73457  3.32339  0.13642     44 U - - >
          1.38629  1.38629  1.38629  1.38629
          0.03037  4.20250  4.20250  1.46634  0.26236  1.09861  0.40547
     45   1.00897  1.93816  1.18888  1.67732     45 a - - >
          1.38629  1.38629  1.38629  1.38629
          0.03037  4.20250  4.20250  1.46634  0.26236  1.09861  0.40547
     46   2.88905  3.82515  0.11103  3.58846     46 G - - >
          1.38629  1.38629  1.38629  1.38629
          0.03037  4.20250  4.20250  1.46634  0.26236  1.09861  0.40547
     47   2.89210  3.83009  0.11055  3.59396     47 G - - >
          1.38629  1.38629  1.38629  1.38629
          0.03037  4.20250  4.20250  1.46634  0.26236  1.09861  0.40547
     48   1.21025  1.75621  1.32566  1.33351     48 a - - >
          1.38629  1.38629  1.38629  1.38629
          0.03037  4.20250  4.20250  1.46634  0.26236  1.09861  0.40547
     49   1.29238  2.23598  0.99684  1.38849     49 g - - -
          1.38629  1.38629  1.38629  1.38629
          0.03037  4.20250  4.20250  1.46634  0.26236  1.09861  0.40547
     50   3.29588  2.01130  3.06866  0.24505     50 U - - >
          1.38629  1.38629  1.38629  1.38629
          0.03037  4.20250  4.20250  1.46634  0.26236  1.09861  0.40547
     51   1.45013  2.05693  1.07835  1.21248     51 g - - >
          1.38629  1.38629  1.38629  1.38629
          0.03037  4.20250  4.20250  1.46634  0.26236  1.09861  0.40547
     52   0.87971  2.92224  0.76454  2.72213     52 g - - >
          1.38629  1.38629  1.38629  1.38629
          0.03037  4.20250  4.20250  1.46634  0.26236  1.09861  0.40547
     53   3.15350  1.81771  2.94956  0.29768     53 U - - >
          1.38629  1.38629  1.38629  1.38629
          0.03037  4.20250  4.20250  1.46634  0.26236  1.09861  0.40547
     54   0.95963  2.13130  1.57870  1.23087     54 a - - :
          1.38629  1.38629  1.38629  1.38629
          0.03037  4.20250  4.20250  1.46634  0.26236  1.09861  0.40547
     55   1.49043  0.75818  2.03807  1.73769     55 c - - :
          1.38629  1.38629  1.38629  1.38629
          0.03037  4.20250  4.20250  1.46634  0.26236  1.09861  0.40547
     56   3.16620  3.03946  3.70055  0.12187     56 U - - :
          1.38629  1.38629  1.38629  1.38629
          0.03037  4.20250  4.20250  1.46634  0.26236  1.09861  0.40547
     57   1.81894  0.99194  1.67040  1.27736     57 c - - :
          1.38629  1.38629  1.38629  1.38629
          0.03037  4.20250  4.20250  1.46634  0.26236  1.09861  0.40547
     58   0.74623  2.75450  0.99699  2.37281     58 a - - :
          1.38629  1.38629  1.38629  1.38629
          0.03037  4.20250  4.20250  1.46634  0.26236  1.09861  0.40547
     59   1.50342  0.56442  2.76088  1.92618     59 C - - :
          1.38629  1.38629  1.38629  1.38629
          0.03037  4.20250  4.20250  1.46634  0.26236  1.09861  0.40547
     60   0.40560  2.85699  1.62921  2.52704     60 A - - :
          1.38629  1.38629  1.38629  1.38629
          0.03037  4.20250  4.20250  1.46634  0.26236  1.09861  0.40547
     61   1.52252  1.52273  2.39534  0.74955     61 u - - :
          1.38629  1.38629  1.38629  1.38629
          0.03037  4.20250  4.20250  1.46634  0.26236  1.09861  0.40547
     62   3.16620  3.03946  3.70055  0.12187     62 U - - :
          1.38629  1.38629  1.38629  1.38629
          0.03037  4.20250  4.20250  1.46634  0.26236  1.09861  0.40547
     63   0.64948  2.75675  1.13368  2.38230     63 A - - :
          1.38629  1.38629  1.38629  1.38629
          0.03037  4.20250  4.20250  1.46634  0.26236  1.09861  0.40547
     64   1.50071  2.28677  2.57586  0.51192     64 U - - :
          1.38629  1.38629  1.38629  1.38629
          0.03037  4.20250  4.20250  1.46634  0.26236  1.09861  0.40547
     65   3.16620  3.03946  3.70055  0.12187     65 U - - :
          1.38629  1.38629  1.38629  1.38629
          0.03037  4.20250  4.20250  1.46634  0.26236  1.09861  0.40547
     66   2.38235  1.59325  2.91763  0.43026     66 U - - :
          1.38629  1.38629  1.38629  1.38629
          0.03037  4.20250  4.20250  1.46634  0.26236  1.09861  0.40547
     67   2.07625  2.31241  1.80228  0.49322     67 U - - :
          1.38629  1.38629  1.38629  1.38629
          0.03037  4.20250  4.20250  1.46634  0.26236  1.09861  0.40547
     68   1.57914  0.52450  2.81012  1.95335     68 C - - :
          1.38629  1.38629  1.38629  1.38629
          0.03037  4.20250  4.20250  1.46634  0.26236  1.09861  0.40547
     69   1.23657  2.12276  2.07500  0.76709     69 u - - :
          1.38629  1.38629  1.38629  1.38629
          0.03037  4.20250  4.20250  1.46634  0.26236  1.09861  0.40547
     70   2.38398  0.55726  2.99593  1.25510     70 C - - :
          1.38629  1.38629  1.38629  1.38629
          0.03037  4.20250  4.20250  1.46634  0.26236  1.09861  0.40547
     71   0.44350  2.82846  1.53209  2.48862     71 A - - :
          1.38629  1.38629  1.38629  1.38629
          0.03037  4.20250  4.20250  1.46634  0.26236  1.09861  0.40547
     72   2.38235  1.59325  2.91763  0.43026     72 U - - :
          1.38629  1.38629  1.38629  1.38629
          0.03037  4.20250  4.20250  1.46634  0.26236  1.09861  0.40547
     73   2.04456  2.29771  1.73097  0.52263     73 U - - :
          1.38629  1.38629  1.38629  1.38629
          0.03037  4.20250  4.20250  1.46634  0.26236  1.09861  0.40547
     74   2.14058  2.69957  0.47279  1.65070     74 G - - :
          1.38629  1.38629  1.38629  1.38629
          0.03037  4.20250  4.20250  1.46634  0.26236  1.09861  0.40547
     75   3.27051  4.21435  0.07867  3.77710     75 G - - :
          1.38629  1.38629  1.38629  1.38629
          0.03037  4.20250  4.20250  1.46634  0.26236  1.09861  0.40547
     76   1.89788  0.83380  2.62138  1.06998     76 c - - :
          1.38629  1.38629  1.38629  1.38629
          0.03037  4.20250  4.20250  1.46634  0.26236  1.09861  0.40547
     77   3.16620  3.03946  3.70055  0.12187     77 U - - :
          1.38629  1.38629  1.38629  1.38629
          0.03037  4.20250  4.20250  1.46634  0.26236  1.09861  0.40547
     78   1.05884  2.82290  0.68056  2.43756     78 G - - :
          1.38629  1.38629  1.38629  1.38629
          0.03037  4.20250  4.20250  1.46634  0.26236  1.09861  0.40547
     79   0.74623  2.75450  0.99699  2.37281     79 a - - :
          1.38629  1.38629  1.38629  1.38629
          0.03037  4.20250  4.20250  1.46634  0.26236  1.09861  0.40547
     80   0.08365  3.81884  3.49090  3.58194     80 A - - :
          1.38629  1.38629  1.38629  1.38629
          0.03037  4.20250  4.20250  1.46634  0.26236  1.09861  0.40547
     81   2.35811  1.52894  2.89633  0.45664     81 U - - :
          1.38629  1.38629  1.38629  1.38629
          0.03037  4.20250  4.20250  1.46634  0.26236  1.09861  0.40547
     82   0.82745  1.69459  1.53488  1.80984     82 a - - :
          1.38629  1.38629  1.38629  1.38629
          0.03037  4.20250  4.20250  1.46634  0.26236  1.09861  0.40547
     83   0.08365  3.81884  3.49090  3.58194     83 A - - :
          1.38629  1.38629  1.38629  1.38629
          0.03037  4.20250  4.20250  1.46634  0.26236  1.09861  0.40547
     84   1.65921  2.16140  1.53551  0.73564     84 u - - :
          1.38629  1.38629  1.38629  1.38629
          0.03037  4.20250  4.20250  1.46634  0.26236  1.09861  0.40547
     85   2.18625  0.54122  1.79573  1.96881     85 C - - :
          1.38629  1.38629  1.38629  1.38629
          0.03037  4.20250  4.20250  1.46634  0.26236  1.09861  0.40547
     86   1.43554  2.99486  0.44799  2.61650     86 G - - :
          1.38629  1.38629  1.38629  1.38629
          0.03037  4.20250  4.20250  1.46634  0.26236  1.09861  0.40547
     87   1.00994  2.18740  2.34836  0.84857     87 u - - :
          1.38629  1.38629  1.38629  1.38629
          0.03037  4.20250  4.20250  1.46634  0.26236  1.09861  0.40547
     88   2.57903  3.75118  0.14403  3.35811     88 G - - :
          1.38629  1.38629  1.38629  1.38629
          0.03037  4.20250  4.20250  1.46634  0.26236  1.09861  0.40547
     89   0.08365  3.81884  3.49090  3.58194     89 A - - :
          1.38629  1.38629  1.38629  1.38629
          0.03037  4.20250  4.20250  1.46634  0.26236  1.09861  0.40547
     90   1.59321  1.00487  2.16405  1.15273     90 c - - :
          1.38629  1.38629  1.38629  1.38629
          0.07662  4.20250  2.83367  1.46634  0.26236  1.09861  0.40547
     91   0.47770  2.75993  1.48455  2.40917     91 A - - :
          1.38629  1.38629  1.38629  1.38629
          0.03179  4.15768  4.15768  1.46634  0.26236  1.78015  0.18466
     92   0.09155  3.73277  3.41174  3.48758     92 A - - :
          1.38629  1.38629  1.38629  1.38629
          0.03179  4.15768  4.15768  1.46634  0.26236  1.78015  0.18466
     93   1.22938  1.55722  1.58339  1.23262     93 a - - :
          1.38629  1.38629  1.38629  1.38629
          0.41970  1.07073        *  2.18242  0.11965  0.00000        *
//
