INFERNAL1/a [1.1.2 | July 2016]
NAME     at_nt_hok_sok_ena_round5_0001
STATES   187
NODES    57
CLEN     61
W        75
ALPH     RNA
RF       no
CONS     yes
MAP      yes
DATE     Wed Dec 18 23:27:09 2019
COM      [1] cmbuild /home/co78wid/projects/master/results/ta_systems/hok_sok_ena/2_structure_analysis/infernal_search/at_nt_hok_sok_ena_cmbuild.txt /home/co78wid/projects/master/results/ta_systems/hok_sok_ena/1_sequence_analysis/fold/at_nt_hok_sok_ena_round5.stk
COM      [2] cmcalibrate --cpu 20 /home/co78wid/projects/master/results/ta_systems/hok_sok_ena/2_structure_analysis/infernal_search/at_nt_hok_sok_ena_cmbuild.txt
PBEGIN   0.05
PEND     0.05
WBETA    1e-07
QDBBETA1 1e-07
QDBBETA2 1e-15
N2OMEGA  1.52588e-05
N3OMEGA  1.52588e-05
ELSELF   -0.08926734
NSEQ     129
EFFN     4.869781
CKSUM    447419211
NULL     0.000  0.000  0.000  0.000 
EFP7GF   -12.2937 0.71900
ECMLC    0.59907    -7.88658     2.67293     1600000      670646  0.001789
ECMGC    0.41516   -20.26515    -6.11468     1600000      142361  0.002810
ECMLI    0.58794    -6.39707     3.89397     1600000      509194  0.002357
ECMGI    0.44741   -15.60006    -3.40312     1600000       93760  0.004266
CM
                                             [ ROOT    0 ]      -      - - - - -
     S     0    -1 0     1     4     1     1    75    94  -7.824  -8.031  -0.218  -2.923                 
    IL     1     1 2     1     4     1    20    80    99  -1.686  -2.369  -1.117  -4.855                  0.000  0.000  0.000  0.000 
    IR     2     2 3     2     3     1    19    79    98  -1.442  -0.798  -4.142                          0.000  0.000  0.000  0.000 
                                             [ MATL    1 ]      1      - G - - -
    ML     3     2 3     5     3     1    19    75    94  -8.615  -0.013  -7.269                         -2.862 -4.238  1.898 -3.599 
     D     4     2 3     5     3     0    15    74    93  -7.708  -2.998  -0.201                         
    IL     5     5 3     5     3     1    19    78    97  -1.442  -0.798  -4.142                          0.000  0.000  0.000  0.000 
                                             [ MATL    2 ]      2      - G - - -
    ML     6     5 3     8     3     1    18    74    93  -8.621  -0.013  -7.275                         -2.871 -4.248  1.899 -3.608 
     D     7     5 3     8     3     0    15    73    92  -7.682  -0.932  -1.086                         
    IL     8     8 3     8     3     1    18    77    96  -1.442  -0.798  -4.142                          0.000  0.000  0.000  0.000 
                                             [ MATL    3 ]      3      - G - - -
    ML     9     8 3    11     3     1    17    73    92  -8.733  -0.012  -7.387                         -1.671 -1.686  1.655 -2.151 
     D    10     8 3    11     3     0    14    72    91  -6.909  -0.821  -1.232                         
    IL    11    11 3    11     3     1    17    76    95  -1.442  -0.798  -4.142                          0.000  0.000  0.000  0.000 
                                             [ MATL    4 ]      4      - U - - -
    ML    12    11 3    14     3     1    16    72    91  -8.789  -0.012  -7.444                         -0.781 -1.091 -1.626  1.392 
     D    13    11 3    14     3     0    13    71    90  -6.221  -1.734  -0.544                         
    IL    14    14 3    14     3     1    16    75    94  -1.442  -0.798  -4.142                          0.000  0.000  0.000  0.000 
                                             [ MATL    5 ]      5      - G - - -
    ML    15    14 3    17     3     1    15    71    90  -8.789  -0.012  -7.444                         -0.646 -2.927  1.605 -2.408 
     D    16    14 3    17     3     0    12    70    89  -6.221  -1.588  -0.613                         
    IL    17    17 3    17     3     1    15    74    93  -1.442  -0.798  -4.142                          0.000  0.000  0.000  0.000 
                                             [ MATL    6 ]      6      - C - - -
    ML    18    17 3    20     3     1    14    70    89  -9.141  -0.303  -2.416                         -1.169  1.615 -2.941 -1.467 
     D    19    17 3    20     3     0    11    69    88  -5.620  -0.734  -1.403                         
    IL    20    20 3    20     3     1    15    71    90  -1.925  -0.554  -4.164                          0.000  0.000  0.000  0.000 
                                             [ MATR    7 ]      -     63 - g - -
    MR    21    20 3    23     3     1    16    69    88  -8.852  -0.013  -7.169                         -0.770 -1.453  0.909  0.227 
     D    22    20 3    23     3     0     9    67    86  -8.243  -2.121  -0.383                         
    IR    23    23 3    23     3     1    15    70    89  -1.925  -0.554  -4.164                          0.000  0.000  0.000  0.000 
                                             [ MATR    8 ]      -     62 - a - -
    MR    24    23 3    26     3     1    15    68    87  -8.911  -0.013  -7.229                          0.981 -1.996  0.495 -1.450 
     D    25    23 3    26     3     0     9    66    85  -8.031  -2.243  -0.349                         
    IR    26    26 3    26     3     1    14    69    88  -1.925  -0.554  -4.164                          0.000  0.000  0.000  0.000 
                                             [ MATR    9 ]      -     61 - g - -
    MR    27    26 3    29     3     1    14    67    86  -8.948  -0.016  -6.851                          0.642 -2.092  0.896 -1.540 
     D    28    26 3    29     3     0     8    65    84  -7.874  -2.557  -0.276                         
    IR    29    29 3    29     3     1    14    68    87  -1.925  -0.554  -4.164                          0.000  0.000  0.000  0.000 
                                             [ MATR   10 ]      -     60 - C - -
    MR    30    29 3    32     3     1    13    66    85  -8.961  -0.025  -6.047                         -2.640  1.817 -3.601 -2.095 
     D    31    29 3    32     3     0     8    64    83  -7.816  -2.228  -0.354                         
    IR    32    32 3    32     3     1    13    67    86  -1.925  -0.554  -4.164                          0.000  0.000  0.000  0.000 
                                             [ MATR   11 ]      -     59 - C - -
    MR    33    32 3    35     3     1    13    65    84  -8.975  -0.025  -6.050                         -2.501  1.804 -3.526 -2.034 
     D    34    32 3    35     3     0     7    63    82  -7.746  -2.273  -0.343                         
    IR    35    35 3    35     3     1    12    66    85  -1.925  -0.554  -4.164                          0.000  0.000  0.000  0.000 
                                             [ MATR   12 ]      -     58 - C - -
    MR    36    35 3    38     3     1    12    64    83  -8.984  -0.012  -7.302                         -3.307  1.870 -4.087 -2.445 
     D    37    35 3    38     3     0     7    62    81  -7.700  -2.466  -0.297                         
    IR    38    38 3    38     3     1    11    65    84  -1.925  -0.554  -4.164                          0.000  0.000  0.000  0.000 
                                             [ MATR   13 ]      -     57 - C - -
    MR    39    38 3    41     3     1    11    63    82  -8.997  -0.012  -7.314                         -3.334  1.873 -4.111 -2.469 
     D    40    38 3    41     3     0     6    62    81  -7.634  -0.474  -1.864                         
    IR    41    41 3    41     3     1    10    64    83  -1.925  -0.554  -4.164                          0.000  0.000  0.000  0.000 
                                             [ MATR   14 ]      -     56 - G - -
    MR    42    41 3    44     3     1    10    62    81  -9.141  -0.011  -7.459                         -2.109 -3.201  1.806 -2.610 
     D    43    41 3    44     3     0     4    61    79  -6.390  -1.568  -0.620                         
    IR    44    44 3    44     3     1     9    63    82  -1.925  -0.554  -4.164                          0.000  0.000  0.000  0.000 
                                             [ MATR   15 ]      -     55 - A - -
    MR    45    44 3    47     3     1     9    61    80  -9.141  -0.015  -6.839                          1.504 -1.006 -1.681 -1.500 
     D    46    44 3    47     3     0     3    60    78  -6.390  -1.568  -0.620                         
    IR    47    47 3    47     3     1     8    62    81  -1.925  -0.554  -4.164                          0.000  0.000  0.000  0.000 
                                             [ MATR   16 ]      -     54 - A - -
    MR    48    47 3    50     3     1     9    60    79  -9.137  -0.015  -6.886                          1.588 -1.089 -2.156 -1.736 
     D    49    47 3    50     3     0     2    59    77  -6.452  -1.453  -0.682                         
    IR    50    50 3    50     3     1     7    61    80  -1.925  -0.554  -4.164                          0.000  0.000  0.000  0.000 
                                             [ MATR   17 ]      -     53 - A - -
    MR    51    50 3    53     3     1     8    59    78  -9.137  -0.011  -7.455                          1.890 -3.711 -2.995 -3.432 
     D    52    50 3    53     3     0     1    58    76  -6.446  -1.464  -0.676                         
    IR    53    53 3    53     3     1     6    60    79  -1.925  -0.554  -4.164                          0.000  0.000  0.000  0.000 
                                             [ MATR   18 ]      -     52 - A - -
    MR    54    53 3    56     3     1     7    58    77  -9.141  -0.011  -7.459                          1.539 -2.519 -0.539 -2.109 
     D    55    53 3    56     3     0     1    57    75  -6.390  -1.568  -0.620                         
    IR    56    56 3    56     3     1     5    59    78  -1.925  -0.554  -4.164                          0.000  0.000  0.000  0.000 
                                             [ MATR   19 ]      -     51 - G - -
    MR    57    56 3    59     3     1     7    57    76  -9.141  -0.019  -6.430                         -0.792 -2.015  1.357 -0.703 
     D    58    56 3    59     3     0     0    56    74  -6.390  -1.568  -0.620                         
    IR    59    59 3    59     3     1     5    58    77  -1.925  -0.554  -4.164                          0.000  0.000  0.000  0.000 
                                             [ MATR   20 ]      -     50 - A - -
    MR    60    59 3    62     3     1     6    56    75  -9.132  -0.011  -7.450                          1.585 -1.084 -2.149 -1.728 
     D    61    59 3    62     3     0     0    54    73  -6.508  -1.685  -0.560                         
    IR    62    62 3    62     3     1     4    57    76  -1.925  -0.554  -4.164                          0.000  0.000  0.000  0.000 
                                             [ MATR   21 ]      -     49 - G - -
    MR    63    62 3    65     3     1     6    55    74  -9.132  -0.011  -7.450                         -0.739 -2.815  1.606 -2.215 
     D    64    62 3    65     3     0     0    54    72  -6.508  -1.685  -0.560                         
    IR    65    65 3    65     3     1     3    56    75  -1.925  -0.554  -4.164                          0.000  0.000  0.000  0.000 
                                             [ MATR   22 ]      -     48 - A - -
    MR    66    65 3    68     3     1     5    54    73  -9.132  -0.011  -7.450                          1.583 -2.098 -2.148 -0.875 
     D    67    65 3    68     3     0     0    53    71  -6.508  -1.361  -0.737                         
    IR    68    68 3    68     3     1     3    55    74  -1.925  -0.554  -4.164                          0.000  0.000  0.000  0.000 
                                             [ MATR   23 ]      -     47 - U - -
    MR    69    68 3    71     3     1     4    53    72  -9.141  -0.011  -7.459                         -2.110 -1.177 -2.861  1.673 
     D    70    68 3    71     3     0     0    52    70  -6.390  -1.568  -0.620                         
    IR    71    71 3    71     3     1     2    54    73  -1.925  -0.554  -4.164                          0.000  0.000  0.000  0.000 
                                             [ MATR   24 ]      -     46 - A - -
    MR    72    71 3    74     3     1     4    52    71  -9.141  -0.011  -7.459                          1.556 -1.065 -1.956 -1.628 
     D    73    71 3    74     3     0     0    51    69  -6.390  -1.568  -0.620                         
    IR    74    74 3    74     3     1     2    53    72  -1.925  -0.554  -4.164                          0.000  0.000  0.000  0.000 
                                             [ MATR   25 ]      -     45 - G - -
    MR    75    74 3    77     3     1     3    51    70  -9.141  -0.011  -7.459                         -1.479 -2.513  1.581 -1.075 
     D    76    74 3    77     3     0     0    50    68  -6.390  -1.568  -0.620                         
    IR    77    77 3    77     3     1     1    52    71  -1.925  -0.554  -4.164                          0.000  0.000  0.000  0.000 
                                             [ MATR   26 ]      -     44 - A - -
    MR    78    77 3    80     3     1     3    50    69  -9.141  -0.011  -7.459                          1.512 -1.014 -1.721 -1.518 
     D    79    77 3    80     3     0     0    49    67  -6.390  -1.568  -0.620                         
    IR    80    80 3    80     3     1     1    51    70  -1.925  -0.554  -4.164                          0.000  0.000  0.000  0.000 
                                             [ MATR   27 ]      -     43 - C - -
    MR    81    80 3    83     3     1     2    49    68  -9.141  -0.011  -7.459                         -2.908  1.835 -3.812 -2.138 
     D    82    80 3    83     3     0     0    47    66  -6.390  -1.568  -0.620                         
    IR    83    83 3    83     3     1     1    50    69  -1.925  -0.554  -4.164                          0.000  0.000  0.000  0.000 
                                             [ MATR   28 ]      -     42 - G - -
    MR    84    83 3    86     3     1     2    48    67  -9.141  -0.011  -7.459                         -3.157 -4.561  1.918 -3.899 
     D    85    83 3    86     3     0     0    46    65  -6.390  -1.568  -0.620                         
    IR    86    86 3    86     3     1     1    49    68  -1.925  -0.554  -4.164                          0.000  0.000  0.000  0.000 
                                             [ MATR   29 ]      -     41 - G - -
    MR    87    86 3    89     3     1     2    47    66  -3.396  -0.153  -7.459                         -1.101 -2.255  1.485 -0.931 
     D    88    86 3    89     3     0     0    45    64  -6.390  -1.568  -0.620                         
    IR    89    89 3    89     3     1     1    47    66  -2.534  -0.339  -4.773                          0.000  0.000  0.000  0.000 
                                             [ MATR   30 ]      -     39 - c - -
    MR    90    89 3    92     3     1     1    46    65  -9.141  -0.011  -7.459                          0.309  0.365 -0.611 -0.290 
     D    91    89 3    92     3     0     0    44    63  -6.390  -1.568  -0.620                         
    IR    92    92 3    92     3     1     1    47    65  -1.925  -0.554  -4.164                          0.000  0.000  0.000  0.000 
                                             [ MATR   31 ]      -     38 - A - -
    MR    93    92 3    95     3     1     1    45    64  -9.141  -0.025  -5.999                          1.861 -3.054 -3.009 -3.041 
     D    94    92 3    95     3     0     0    43    62  -6.390  -1.568  -0.620                         
    IR    95    95 3    95     3     1     1    46    64  -1.925  -0.554  -4.164                          0.000  0.000  0.000  0.000 
                                             [ MATR   32 ]      -     37 - A - -
    MR    96    95 3    98     3     1     1    44    63  -9.127  -0.011  -7.444                          1.234 -1.721 -0.348 -0.840 
     D    97    95 3    98     3     0     0    42    61  -6.583  -1.251  -0.813                         
    IR    98    98 3    98     3     1     1    45    63  -1.925  -0.554  -4.164                          0.000  0.000  0.000  0.000 
                                             [ MATR   33 ]      -     36 - g - -
    MR    99    98 3   101     3     1     1    43    62  -9.141  -0.011  -7.459                         -0.159 -0.353  0.803 -0.794 
     D   100    98 3   101     3     0     0    41    60  -6.390  -1.568  -0.620                         
    IR   101   101 3   101     3     1     1    44    62  -1.925  -0.554  -4.164                          0.000  0.000  0.000  0.000 
                                             [ MATR   34 ]      -     35 - U - -
    MR   102   101 3   104     3     1     1    42    61  -1.539  -0.621  -7.459                         -1.202  0.347 -2.113  1.044 
     D   103   101 3   104     3     0     0    40    58  -6.390  -1.568  -0.620                         
    IR   104   104 3   104     3     1     1    41    60  -3.475  -0.166  -5.714                          0.000  0.000  0.000  0.000 
                                             [ MATR   35 ]      -     33 - C - -
    MR   105   104 3   107     3     1     1    40    59  -9.141  -0.020  -6.396                         -0.817  1.163 -1.716 -0.169 
     D   106   104 3   107     3     0     0    39    57  -6.390  -1.568  -0.620                         
    IR   107   107 3   107     3     1     1    41    60  -1.925  -0.554  -4.164                          0.000  0.000  0.000  0.000 
                                             [ MATR   36 ]      -     32 - g - -
    MR   108   107 3   110     3     1     1    39    58  -9.132  -0.014  -7.021                          0.478 -0.853  0.551 -0.767 
     D   109   107 3   110     3     0     0    38    56  -6.513  -1.353  -0.743                         
    IR   110   110 3   110     3     1     1    40    59  -1.925  -0.554  -4.164                          0.000  0.000  0.000  0.000 
                                             [ MATR   37 ]      -     31 - A - -
    MR   111   110 3   113     3     1     1    38    57  -9.138  -0.042  -5.203                          1.246 -0.504 -1.484 -0.821 
     D   112   110 3   113     3     0     0    37    55  -6.430  -1.492  -0.660                         
    IR   113   113 3   113     3     1     1    39    58  -1.925  -0.554  -4.164                          0.000  0.000  0.000  0.000 
                                             [ MATR   38 ]      -     30 - u - -
    MR   114   113 3   116     3     1     1    37    56  -9.110  -0.011  -7.428                         -0.148 -1.138  0.032  0.697 
     D   115   113 3   116     3     0     0    36    54  -6.777  -1.405  -0.706                         
    IR   116   116 3   116     3     1     1    38    57  -1.925  -0.554  -4.164                          0.000  0.000  0.000  0.000 
                                             [ MATR   39 ]      -     29 - U - -
    MR   117   116 3   119     3     1     1    36    55  -9.126  -0.011  -7.443                         -1.896 -0.710 -2.658  1.566 
     D   118   116 3   119     3     0     0    35    54  -6.593  -1.237  -0.823                         
    IR   119   119 3   119     3     1     1    37    56  -1.925  -0.554  -4.164                          0.000  0.000  0.000  0.000 
                                             [ MATR   40 ]      -     28 - A - -
    MR   120   119 3   122     3     1     1    35    54  -9.141  -0.011  -7.459                          1.868 -3.520 -2.671 -3.241 
     D   121   119 3   122     3     0     0    34    52  -6.390  -1.568  -0.620                         
    IR   122   122 3   122     3     1     1    36    55  -1.925  -0.554  -4.164                          0.000  0.000  0.000  0.000 
                                             [ MATR   41 ]      -     27 - C - -
    MR   123   122 3   125     3     1     1    34    53  -9.141  -0.011  -7.459                         -0.863  1.485 -2.605 -1.041 
     D   124   122 3   125     3     0     0    33    51  -6.390  -1.568  -0.620                         
    IR   125   125 3   125     3     1     1    35    54  -1.925  -0.554  -4.164                          0.000  0.000  0.000  0.000 
                                             [ MATR   42 ]      -     26 - G - -
    MR   126   125 3   128     5     1     1    33    52  -7.839  -0.023  -7.654  -7.867  -8.758         -2.679 -4.287  1.893 -3.668 
     D   127   125 3   128     5     0     0    32    51  -5.352  -0.707  -2.978  -4.409  -2.404         
    IR   128   128 3   128     5     1     1    34    52  -2.408  -0.496  -5.920  -4.087  -5.193          0.000  0.000  0.000  0.000 
                                             [ MATP   43 ]      7     25 U G - -
    MP   129   128 3   133     6     2     2    32    51  -9.507  -9.446  -0.016  -8.222  -8.502  -8.897 -5.002 -5.132 -4.627 -1.491 -3.260 -4.961  1.095  0.657 -4.694 -1.421 -4.942 -3.365  0.521 -5.026  3.263 -3.561 
    ML   130   128 3   133     6     1     1    31    50  -6.250  -6.596  -1.310  -1.005  -6.446  -3.975  0.368 -0.385 -0.191  0.094 
    MR   131   128 3   133     6     1     1    31    49  -6.988  -5.717  -1.625  -5.695  -0.829  -3.908  0.368 -0.385 -0.191  0.094 
     D   132   128 3   133     6     0     0    28    47  -9.049  -7.747  -3.544  -4.226  -4.244  -0.319 
    IL   133   133 5   133     6     1     1    32    51  -2.579  -2.842  -0.760  -4.497  -5.274  -4.934  0.000  0.000  0.000  0.000 
    IR   134   134 6   134     5     1     1    32    50  -2.408  -0.496  -5.920  -4.087  -5.193          0.000  0.000  0.000  0.000 
                                             [ MATP   44 ]      8     24 u a - -
    MP   135   134 6   139     6     2     2    30    49  -9.507  -9.446  -0.016  -8.222  -8.502  -8.897 -3.430 -3.545 -3.466 -0.196 -2.803  0.262  1.249 -3.407 -3.507 -0.143 -3.977 -1.883  2.851 -3.674  1.169 -2.533 
    ML   136   134 6   139     6     1     1    29    48  -6.250  -6.596  -1.310  -1.005  -6.446  -3.975  0.368 -0.385 -0.191  0.094 
    MR   137   134 6   139     6     1     1    29    47  -6.988  -5.717  -1.625  -5.695  -0.829  -3.908  0.368 -0.385 -0.191  0.094 
     D   138   134 6   139     6     0     0    26    45  -9.049  -7.747  -3.544  -4.226  -4.244  -0.319 
    IL   139   139 5   139     6     1     1    30    49  -2.579  -2.842  -0.760  -4.497  -5.274  -4.934  0.000  0.000  0.000  0.000 
    IR   140   140 6   140     5     1     1    30    48  -2.408  -0.496  -5.920  -4.087  -5.193          0.000  0.000  0.000  0.000 
                                             [ MATP   45 ]      9     23 G C - -
    MP   141   140 6   145     6     2     2    28    47  -9.507  -9.446  -0.016  -8.222  -8.502  -8.897 -4.678 -3.184 -4.669  0.161 -5.401 -3.527 -0.761 -5.228 -4.553  3.546 -0.332 -0.555 -1.036 -4.284 -2.739 -3.672 
    ML   142   140 6   145     6     1     1    27    46  -6.250  -6.596  -1.310  -1.005  -6.446  -3.975  0.368 -0.385 -0.191  0.094 
    MR   143   140 6   145     6     1     1    27    46  -6.988  -5.717  -1.625  -5.695  -0.829  -3.908  0.368 -0.385 -0.191  0.094 
     D   144   140 6   145     6     0     0    25    43  -9.049  -7.747  -3.544  -4.226  -4.244  -0.319 
    IL   145   145 5   145     6     1     1    28    47  -2.579  -2.842  -0.760  -4.497  -5.274  -4.934  0.000  0.000  0.000  0.000 
    IR   146   146 6   146     5     1     1    28    46  -2.408  -0.496  -5.920  -4.087  -5.193          0.000  0.000  0.000  0.000 
                                             [ MATP   46 ]     10     22 A U - -
    MP   147   146 6   151     6     2     2    26    45  -9.507  -9.446  -0.016  -8.222  -8.502  -8.897 -5.309 -4.039 -5.089  3.826 -6.808 -7.921 -2.380 -5.069 -5.093 -0.562 -5.726 -1.142 -2.587 -6.537 -4.279 -3.954 
    ML   148   146 6   151     6     1     1    25    44  -6.250  -6.596  -1.310  -1.005  -6.446  -3.975  0.368 -0.385 -0.191  0.094 
    MR   149   146 6   151     6     1     1    25    44  -6.988  -5.717  -1.625  -5.695  -0.829  -3.908  0.368 -0.385 -0.191  0.094 
     D   150   146 6   151     6     0     0    23    42  -9.049  -7.747  -3.544  -4.226  -4.244  -0.319 
    IL   151   151 5   151     6     1     1    26    45  -2.579  -2.842  -0.760  -4.497  -5.274  -4.934  0.000  0.000  0.000  0.000 
    IR   152   152 6   152     5     1     1    26    44  -2.408  -0.496  -5.920  -4.087  -5.193          0.000  0.000  0.000  0.000 
                                             [ MATP   47 ]     11     21 G C - -
    MP   153   152 6   157     6     2     2    24    43  -9.507  -9.446  -0.016  -8.222  -8.502  -8.897 -4.754 -3.239 -4.778  0.153 -5.639 -4.942 -0.959 -5.243 -0.046  3.521 -4.910 -0.064 -1.221 -4.516 -2.947 -3.707 
    ML   154   152 6   157     6     1     1    24    43  -6.250  -6.596  -1.310  -1.005  -6.446  -3.975  0.368 -0.385 -0.191  0.094 
    MR   155   152 6   157     6     1     1    24    43  -6.988  -5.717  -1.625  -5.695  -0.829  -3.908  0.368 -0.385 -0.191  0.094 
     D   156   152 6   157     6     0     0    22    41  -9.049  -7.747  -3.544  -4.226  -4.244  -0.319 
    IL   157   157 5   157     6     1     1    24    43  -2.579  -2.842  -0.760  -4.497  -5.274  -4.934  0.000  0.000  0.000  0.000 
    IR   158   158 6   158     5     1     1    24    43  -2.408  -0.496  -5.920  -4.087  -5.193          0.000  0.000  0.000  0.000 
                                             [ MATP   48 ]     12     20 g u - -
    MP   159   158 6   163     4     2     2    22    41  -7.824  -8.031  -0.029  -6.445                 -4.520 -3.152 -4.646  0.569 -6.069 -6.110 -1.412 -4.817 -4.350  2.449 -4.884  2.960 -1.587 -5.207 -3.360 -3.350 
    ML   160   158 6   163     4     1     1    24    42  -3.758  -3.940  -0.507  -2.670                  0.368 -0.385 -0.191  0.094 
    MR   161   158 6   163     4     1     1    23    42  -4.809  -3.838  -1.706  -0.766                  0.368 -0.385 -0.191  0.094 
     D   162   158 6   163     4     0     0    22    41  -4.568  -4.250  -2.265  -0.520                 
    IL   163   163 5   163     4     1     1    25    44  -1.686  -2.369  -1.117  -4.855                  0.000  0.000  0.000  0.000 
    IR   164   164 6   164     3     1     1    24    43  -1.442  -0.798  -4.142                          0.000  0.000  0.000  0.000 
                                             [ MATL   49 ]     13      - C - - -
    ML   165   164 6   167     3     1     1    19    38  -8.792  -0.012  -7.446                         -3.391  1.867 -4.149 -2.325 
     D   166   164 6   167     3     0     0    19    38  -6.174  -1.687  -0.566                         
    IL   167   167 3   167     3     1     1    23    42  -1.442  -0.798  -4.142                          0.000  0.000  0.000  0.000 
                                             [ MATL   50 ]     14      - U - - -
    ML   168   167 3   170     3     1     1    18    37  -8.792  -0.012  -7.446                         -1.953 -0.802 -2.713  1.593 
     D   169   167 3   170     3     0     0    18    37  -6.174  -1.687  -0.566                         
    IL   170   170 3   170     3     1     1    22    40  -1.442  -0.798  -4.142                          0.000  0.000  0.000  0.000 
                                             [ MATL   51 ]     15      - a - - -
    ML   171   170 3   173     3     1     1    17    35  -8.792  -0.012  -7.446                          0.649 -0.806  0.400 -0.886 
     D   172   170 3   173     3     0     0    17    35  -6.174  -1.687  -0.566                         
    IL   173   173 3   173     3     1     1    21    39  -1.442  -0.798  -4.142                          0.000  0.000  0.000  0.000 
                                             [ MATL   52 ]     16      - U - - -
    ML   174   173 3   176     3     1     1    16    34  -8.792  -0.012  -7.446                         -1.953 -0.802 -2.713  1.593 
     D   175   173 3   176     3     0     0    16    34  -6.174  -1.687  -0.566                         
    IL   176   176 3   176     3     1     1    20    38  -1.442  -0.798  -4.142                          0.000  0.000  0.000  0.000 
                                             [ MATL   53 ]     17      - C - - -
    ML   177   176 3   179     3     1     1    14    33  -8.792  -0.012  -7.446                         -2.718  1.786 -3.332 -1.733 
     D   178   176 3   179     3     0     0    15    33  -6.174  -1.687  -0.566                         
    IL   179   179 3   179     3     1     1    19    37  -1.442  -0.798  -4.142                          0.000  0.000  0.000  0.000 
                                             [ MATL   54 ]     18      - U - - -
    ML   180   179 3   182     3     1     1    12    31  -8.792  -0.012  -7.446                         -2.245 -2.155 -3.110  1.786 
     D   181   179 3   182     3     0     0    13    32  -6.174  -1.687  -0.566                         
    IL   182   182 3   182     3     1     1    18    36  -1.442  -0.798  -4.142                          0.000  0.000  0.000  0.000 
                                             [ MATL   55 ]     19      - G - - -
    ML   183   182 3   185     2     1     1     1     1       *   0.000                                 -0.778 -3.011  1.639 -2.492 
     D   184   182 3   185     2     0     0     0     0       *   0.000                                 
    IL   185   185 3   185     2     1     1    13    28  -1.823  -0.479                                  0.000  0.000  0.000  0.000 
                                             [ END    56 ]      -      - - - - -
     E   186   185 3    -1     0     0     0     0     0                                                 
//
HMMER3/f [3.1b3 | July 2016]
NAME  at_nt_hok_sok_ena_round5_0001
LENG  61
MAXL  135
ALPH  RNA
RF    no
MM    no
CONS  yes
CS    yes
MAP   yes
DATE  Wed Dec 18 23:27:09 2019
COM   [1] cmbuild /home/co78wid/projects/master/results/ta_systems/hok_sok_ena/2_structure_analysis/infernal_search/at_nt_hok_sok_ena_cmbuild.txt /home/co78wid/projects/master/results/ta_systems/hok_sok_ena/1_sequence_analysis/fold/at_nt_hok_sok_ena_round5.stk
NSEQ  129
EFFN  5.405182
CKSUM 447419211
STATS LOCAL MSV       -7.5417  0.71900
STATS LOCAL VITERBI   -8.3507  0.71900
STATS LOCAL FORWARD   -3.7607  0.71900
HMM          A        C        G        U   
            m->m     m->i     m->d     i->m     i->i     d->m     d->d
  COMPO   1.36704  1.41043  1.29240  1.48506
          1.38629  1.38629  1.38629  1.38629
          0.02517  4.38771  4.38771  1.46634  0.26236  0.00000        *
      1   3.49356  4.45862  0.06204  4.00707      1 G - - :
          1.38629  1.38629  1.38629  1.38629
          0.02517  4.38771  4.38771  1.46634  0.26236  1.09861  0.40547
      2   3.49965  4.46528  0.06165  4.01325      2 G - - :
          1.38629  1.38629  1.38629  1.38629
          0.02508  4.39149  4.39149  1.46634  0.26236  1.09861  0.40547
      3   2.63630  2.57185  0.22170  2.97932      3 G - - :
          1.38629  1.38629  1.38629  1.38629
          0.02308  4.47360  4.47360  1.46634  0.26236  1.09861  0.40547
      4   1.96154  2.18076  2.55605  0.40228      4 U - - :
          1.38629  1.38629  1.38629  1.38629
          0.02213  4.51491  4.51491  1.46634  0.26236  1.09861  0.40547
      5   1.85466  3.50574  0.26042  3.15252      5 G - - :
          1.38629  1.38629  1.38629  1.38629
          0.02213  4.51491  4.51491  1.46634  0.26236  1.09861  0.40547
      6   2.23818  0.24521  3.54315  2.50239      6 C - - :
          1.38629  1.38629  1.38629  1.38629
          0.02209  4.51702  4.51702  1.46634  0.26236  1.09861  0.40547
      7   3.65278  1.45505  3.52270  0.34084      7 U - - <
          1.38629  1.38629  1.38629  1.38629
          0.02209  4.51702  4.51702  1.46634  0.26236  1.09861  0.40547
      8   2.77803  1.45998  2.64008  0.45532      8 U - - <
          1.38629  1.38629  1.38629  1.38629
          0.02209  4.51702  4.51702  1.46634  0.26236  1.09861  0.40547
      9   2.57726  3.18024  0.17570  3.13328      9 G - - <
          1.38629  1.38629  1.38629  1.38629
          0.02209  4.51702  4.51702  1.46634  0.26236  1.09861  0.40547
     10   0.10177  4.30493  2.71930  4.05461     10 A - - <
          1.38629  1.38629  1.38629  1.38629
          0.02209  4.51702  4.51702  1.46634  0.26236  1.09861  0.40547
     11   2.58569  3.39395  0.15980  3.25018     11 G - - <
          1.38629  1.38629  1.38629  1.38629
          0.02209  4.51702  4.51702  1.46634  0.26236  1.09861  0.40547
     12   2.30388  3.68442  0.17119  3.43099     12 G - - <
          1.38629  1.38629  1.38629  1.38629
          0.02209  4.51702  4.51702  1.46634  0.26236  1.09861  0.40547
     13   3.86845  0.08182  4.37571  3.09902     13 C - - _
          1.38629  1.38629  1.38629  1.38629
          0.02209  4.51702  4.51702  1.46634  0.26236  1.09861  0.40547
     14   2.84143  1.96071  3.36850  0.26597     14 U - - _
          1.38629  1.38629  1.38629  1.38629
          0.02209  4.51702  4.51702  1.46634  0.26236  1.09861  0.40547
     15   0.92813  1.95519  1.09229  2.05790     15 a - - _
          1.38629  1.38629  1.38629  1.38629
          0.02209  4.51702  4.51702  1.46634  0.26236  1.09861  0.40547
     16   2.84143  1.96071  3.36850  0.26597     16 U - - _
          1.38629  1.38629  1.38629  1.38629
          0.02209  4.51702  4.51702  1.46634  0.26236  1.09861  0.40547
     17   3.38699  0.13442  3.78247  2.67074     17 C - - _
          1.38629  1.38629  1.38629  1.38629
          0.02209  4.51702  4.51702  1.46634  0.26236  1.09861  0.40547
     18   3.02172  2.95174  3.63114  0.13634     18 U - - _
          1.38629  1.38629  1.38629  1.38629
          0.02209  4.51702  4.51702  1.46634  0.26236  1.09861  0.40547
     19   1.94925  3.56502  0.23701  3.21050     19 G - - _
          1.38629  1.38629  1.38629  1.38629
          0.02209  4.51702  4.51702  1.46634  0.26236  1.09861  0.40547
     20   3.62950  1.06815  3.47043  0.51295     20 U - - >
          1.38629  1.38629  1.38629  1.38629
          0.02209  4.51702  4.51702  1.46634  0.26236  1.09861  0.40547
     21   2.38090  0.30346  3.21415  2.04728     21 C - - >
          1.38629  1.38629  1.38629  1.38629
          0.02209  4.51702  4.51702  1.46634  0.26236  1.09861  0.40547
     22   4.24891  3.17638  4.10011  0.07536     22 U - - >
          1.38629  1.38629  1.38629  1.38629
          0.02209  4.51702  4.51702  1.46634  0.26236  1.09861  0.40547
     23   3.37060  0.27735  2.33689  2.19629     23 C - - >
          1.38629  1.38629  1.38629  1.38629
          0.02209  4.51702  4.51702  1.46634  0.26236  1.09861  0.40547
     24   0.70813  1.97536  1.22865  2.57653     24 a - - >
          1.38629  1.38629  1.38629  1.38629
          0.02209  4.51702  4.51702  1.46634  0.26236  1.09861  0.40547
     25   2.35701  3.68411  0.28941  2.02898     25 G - - >
          1.38629  1.38629  1.38629  1.38629
          0.02209  4.51702  4.51702  1.46634  0.26236  1.09861  0.40547
     26   3.33224  4.47921  0.06677  4.04366     26 G - - :
          1.38629  1.38629  1.38629  1.38629
          0.02209  4.51702  4.51702  1.46634  0.26236  1.09861  0.40547
     27   2.01698  0.33380  3.29409  2.17469     27 C - - :
          1.38629  1.38629  1.38629  1.38629
          0.02209  4.51702  4.51702  1.46634  0.26236  1.09861  0.40547
     28   0.08252  3.93810  3.31324  3.75836     28 A - - :
          1.38629  1.38629  1.38629  1.38629
          0.03388  4.51702  3.79898  1.46634  0.26236  1.09861  0.40547
     29   2.80081  1.89396  3.33007  0.28373     29 U - - :
          1.38629  1.38629  1.38629  1.38629
          0.03473  4.50549  3.76865  1.46634  0.26236  1.39882  0.28354
     30   1.50203  2.21331  1.35262  0.89301     30 u - - :
          1.38629  1.38629  1.38629  1.38629
          0.02487  4.49338  4.31378  1.46634  0.26236  0.49286  0.94385
     31   0.50349  1.73639  2.46754  2.00519     31 A - - :
          1.38629  1.38629  1.38629  1.38629
          0.02908  4.51487  4.03305  1.46634  0.26236  0.98253  0.46898
     32   1.05208  1.98926  0.98461  1.96321     32 g - - :
          1.38629  1.38629  1.38629  1.38629
          0.02224  4.51024  4.51024  1.46634  0.26236  0.80438  0.59306
     33   1.99032  0.55792  2.62136  1.52213     33 C - - :
          1.38629  1.38629  1.38629  1.38629
          0.50349  0.95540  4.51702  0.05585  2.91290  1.09861  0.40547
     34   2.28429  1.13212  2.92934  0.64938     35 U - - :
          1.38629  1.38629  1.38629  1.38629
          0.02209  4.51702  4.51702  1.46634  0.26236  1.09861  0.40547
     35   1.51691  1.62592  0.80457  1.99071     36 g - - :
          1.38629  1.38629  1.38629  1.38629
          0.03326  4.51702  3.82646  1.46634  0.26236  1.09861  0.40547
     36   0.51327  2.64278  1.62884  2.00883     37 A - - :
          1.38629  1.38629  1.38629  1.38629
          0.02233  4.50610  4.50610  1.46634  0.26236  0.69444  0.69186
     37   0.08669  3.57704  3.57671  3.60771     38 A - - :
          1.38629  1.38629  1.38629  1.38629
          0.02209  4.51702  4.51702  1.46634  0.26236  1.09861  0.40547
     38   1.17137  1.11519  1.81561  1.61211     39 c - - :
          1.38629  1.38629  1.38629  1.38629
          0.13195  2.18305  4.51702  0.18368  1.78497  1.09861  0.40547
     39   2.20045  3.02345  0.33918  2.05370     41 G - - :
          1.38629  1.38629  1.38629  1.38629
          0.02209  4.51702  4.51702  1.46634  0.26236  1.09861  0.40547
     40   3.69431  4.67858  0.05026  4.20877     42 G - - :
          1.38629  1.38629  1.38629  1.38629
          0.02209  4.51702  4.51702  1.46634  0.26236  1.09861  0.40547
     41   3.50678  0.10262  4.13033  2.96698     43 C - - :
          1.38629  1.38629  1.38629  1.38629
          0.02209  4.51702  4.51702  1.46634  0.26236  1.09861  0.40547
     42   0.32049  2.09831  2.63971  2.52373     44 A - - :
          1.38629  1.38629  1.38629  1.38629
          0.02209  4.51702  4.51702  1.46634  0.26236  1.09861  0.40547
     43   2.48225  3.21271  0.27439  2.15276     45 G - - :
          1.38629  1.38629  1.38629  1.38629
          0.02209  4.51702  4.51702  1.46634  0.26236  1.09861  0.40547
     44   0.29058  2.13414  2.81665  2.60349     46 A - - :
          1.38629  1.38629  1.38629  1.38629
          0.02209  4.51702  4.51702  1.46634  0.26236  1.09861  0.40547
     45   2.94985  2.23200  3.47012  0.21168     47 U - - :
          1.38629  1.38629  1.38629  1.38629
          0.02870  4.51702  4.05280  1.46634  0.26236  1.09861  0.40547
     46   0.27248  2.91897  2.96173  2.01898     48 A - - :
          1.38629  1.38629  1.38629  1.38629
          0.02223  4.51055  4.51055  1.46634  0.26236  1.27837  0.32641
     47   1.92080  3.41661  0.26029  2.99850     49 G - - :
          1.38629  1.38629  1.38629  1.38629
          0.02223  4.51055  4.51055  1.46634  0.26236  1.27837  0.32641
     48   0.27054  2.14750  2.96430  2.67861     50 A - - :
          1.38629  1.38629  1.38629  1.38629
          0.02223  4.51055  4.51055  1.46634  0.26236  0.81415  0.58522
     49   1.97583  2.85261  0.42583  1.89425     51 G - - :
          1.38629  1.38629  1.38629  1.38629
          0.02209  4.51702  4.51702  1.46634  0.26236  1.09861  0.40547
     50   0.30526  3.23607  1.75848  2.96728     52 A - - :
          1.38629  1.38629  1.38629  1.38629
          0.02515  4.51702  4.27472  1.46634  0.26236  1.09861  0.40547
     51   0.06800  4.07871  3.55700  3.89768     53 A - - :
          1.38629  1.38629  1.38629  1.38629
          0.02557  4.51402  4.24804  1.46634  0.26236  0.94376  0.49292
     52   0.26915  2.15107  2.96913  2.68438     54 A - - :
          1.38629  1.38629  1.38629  1.38629
          0.02216  4.51369  4.51369  1.46634  0.26236  0.92936  0.50220
     53   0.32588  2.09281  2.60950  2.51086     55 A - - :
          1.38629  1.38629  1.38629  1.38629
          0.02209  4.51702  4.51702  1.46634  0.26236  1.09861  0.40547
     54   2.91774  3.66585  0.12584  3.25427     56 G - - :
          1.38629  1.38629  1.38629  1.38629
          0.02468  4.40729  4.40729  1.46634  0.26236  1.09861  0.40547
     55   3.84514  0.07653  4.36682  3.22885     57 C - - :
          1.38629  1.38629  1.38629  1.38629
          0.03442  4.40729  3.83276  1.46634  0.26236  1.09861  0.40547
     56   3.82698  0.07788  4.35090  3.21252     58 C - - :
          1.38629  1.38629  1.38629  1.38629
          0.03488  4.39071  3.82187  1.46634  0.26236  0.75422  0.63559
     57   3.22397  0.12027  3.94678  2.91501     59 C - - :
          1.38629  1.38629  1.38629  1.38629
          0.02801  4.37268  4.19913  1.46634  0.26236  0.75723  0.63292
     58   3.32788  0.11211  3.99960  2.95914     60 C - - :
          1.38629  1.38629  1.38629  1.38629
          0.02568  4.36784  4.36784  1.46634  0.26236  0.98632  0.46672
     59   0.93131  2.92579  0.74591  2.55055     61 g - - :
          1.38629  1.38629  1.38629  1.38629
          0.02638  4.34154  4.34154  1.46634  0.26236  1.09861  0.40547
     60   0.68967  2.86035  1.02706  2.48952     62 A - - :
          1.38629  1.38629  1.38629  1.38629
          0.02763  4.29586  4.29586  1.46634  0.26236  1.09861  0.40547
     61   1.97640  2.45468  0.72744  1.22963     63 g - - :
          1.38629  1.38629  1.38629  1.38629
          0.97508  0.47347        *  4.50357  0.01113  0.00000        *
//
