INFERNAL1/a [1.1.2 | July 2016]
NAME     at_nt_syme_symr_round5_0001
STATES   240
NODES    65
CLEN     77
W        93
ALPH     RNA
RF       no
CONS     yes
MAP      yes
DATE     Tue Dec 24 12:44:19 2019
COM      [1] cmbuild /home/co78wid/projects/master/results/ta_systems/syme_symr/2_structure_analysis/infernal_search/at_nt_syme_symr_cmbuild.txt /home/co78wid/projects/master/results/ta_systems/syme_symr/1_sequence_analysis/fold/at_nt_syme_symr_round5.stk
COM      [2] cmcalibrate --cpu 30 /home/co78wid/projects/master/results/ta_systems/syme_symr/2_structure_analysis/infernal_search/at_nt_syme_symr_cmbuild.txt
PBEGIN   0.05
PEND     0.05
WBETA    1e-07
QDBBETA1 1e-07
QDBBETA2 1e-15
N2OMEGA  1.52588e-05
N3OMEGA  1.52588e-05
ELSELF   -0.08926734
NSEQ     133
EFFN     2.341949
CKSUM    590243565
NULL     0.000  0.000  0.000  0.000 
EFP7GF   -8.8300 0.71896
ECMLC    0.63092    -8.36705     1.16045     1600000      489512  0.002451
ECMGC    0.40483   -17.62798    -4.47571     1600000       82121  0.004871
ECMLI    0.61215    -6.66157     2.45884     1600000      319071  0.003761
ECMGI    0.46243   -11.68895    -0.81824     1600000       60988  0.006559
CM
                                             [ ROOT    0 ]      -      - - - - -
     S     0    -1 0     1     4     0     1    93   113  -7.108  -7.315  -0.060  -5.192                 
    IL     1     1 2     1     4     1    25    97   117  -1.686  -2.369  -1.117  -4.855                  0.000  0.000  0.000  0.000 
    IR     2     2 3     2     3     1    25    96   116  -1.442  -0.798  -4.142                          0.000  0.000  0.000  0.000 
                                             [ MATL    1 ]      1      - A - - -
    ML     3     2 3     5     3     1    24    93   113  -8.484  -0.272  -2.563                          1.773 -2.651 -2.255 -2.221 
     D     4     2 3     5     3     0    21    92   112  -5.690  -0.689  -1.473                         
    IL     5     5 3     5     3     1    25    94   114  -1.925  -0.554  -4.164                          0.000  0.000  0.000  0.000 
                                             [ MATR    2 ]      -     81 - U - -
    MR     6     5 3     8     3     1    26    92   112  -8.244  -0.020  -6.562                         -1.270 -1.305 -1.992  1.551 
     D     7     5 3     8     3     0    19    90   110  -7.689  -2.867  -0.221                         
    IR     8     8 3     8     3     1    25    93   113  -1.925  -0.554  -4.164                          0.000  0.000  0.000  0.000 
                                             [ MATR    3 ]      -     80 - C - -
    MR     9     8 3    11     3     1    25    91   111  -8.244  -0.020  -6.562                         -1.458  1.538 -2.271 -0.930 
     D    10     8 3    11     3     0    18    89   109  -7.689  -2.573  -0.274                         
    IR    11    11 3    11     3     1    24    92   112  -1.925  -0.554  -4.164                          0.000  0.000  0.000  0.000 
                                             [ MATR    4 ]      -     79 - G - -
    MR    12    11 3    14     3     1    24    90   110  -8.259  -0.020  -6.576                         -1.360 -2.544  1.667 -1.930 
     D    13    11 3    14     3     0    18    88   108  -7.644  -2.821  -0.229                         
    IR    14    14 3    14     3     1    24    91   111  -1.925  -0.554  -4.164                          0.000  0.000  0.000  0.000 
                                             [ MATR    5 ]      -     78 - C - -
    MR    15    14 3    17     3     1    24    89   109  -8.259  -0.020  -6.576                         -1.291  1.448 -2.104 -0.665 
     D    16    14 3    17     3     0    18    87   107  -7.644  -2.821  -0.229                         
    IR    17    17 3    17     3     1    23    90   110  -1.925  -0.554  -4.164                          0.000  0.000  0.000  0.000 
                                             [ MATR    6 ]      -     77 - G - -
    MR    18    17 3    20     3     1    23    88   108  -8.259  -0.020  -6.576                         -1.360 -2.544  1.667 -1.930 
     D    19    17 3    20     3     0    17    86   106  -7.644  -2.821  -0.229                         
    IR    20    20 3    20     3     1    22    89   109  -1.925  -0.554  -4.164                          0.000  0.000  0.000  0.000 
                                             [ MATR    7 ]      -     76 - C - -
    MR    21    20 3    23     3     1    22    87   107  -8.259  -0.020  -6.576                         -1.295  1.450 -2.109 -0.671 
     D    22    20 3    23     3     0    17    85   105  -7.644  -2.821  -0.229                         
    IR    23    23 3    23     3     1    22    88   108  -1.925  -0.554  -4.164                          0.000  0.000  0.000  0.000 
                                             [ MATR    8 ]      -     75 - c - -
    MR    24    23 3    26     3     1    21    86   106  -8.259  -0.020  -6.576                         -0.679  0.746 -1.465  0.418 
     D    25    23 3    26     3     0    17    84   104  -7.644  -2.821  -0.229                         
    IR    26    26 3    26     3     1    21    87   107  -1.925  -0.554  -4.164                          0.000  0.000  0.000  0.000 
                                             [ MATR    9 ]      -     74 - A - -
    MR    27    26 3    29     3     1    20    85   105  -8.259  -0.020  -6.576                          1.596 -1.956 -1.478 -1.476 
     D    28    26 3    29     3     0    16    83   103  -7.644  -2.821  -0.229                         
    IR    29    29 3    29     3     1    20    86   106  -1.925  -0.554  -4.164                          0.000  0.000  0.000  0.000 
                                             [ MATR   10 ]      -     73 - c - -
    MR    30    29 3    32     3     1    19    84   104  -8.259  -0.020  -6.576                         -0.782  0.971 -1.579  0.167 
     D    31    29 3    32     3     0    16    82   102  -7.644  -2.821  -0.229                         
    IR    32    32 3    32     3     1    19    85   105  -1.925  -0.554  -4.164                          0.000  0.000  0.000  0.000 
                                             [ MATR   11 ]      -     72 - G - -
    MR    33    32 3    35     3     1    18    83   103  -8.259  -0.020  -6.576                         -0.122 -1.317  1.081 -0.826 
     D    34    32 3    35     3     0    16    81   101  -7.644  -2.821  -0.229                         
    IR    35    35 3    35     3     1    18    84   104  -1.925  -0.554  -4.164                          0.000  0.000  0.000  0.000 
                                             [ MATR   12 ]      -     71 - C - -
    MR    36    35 3    38     3     1    17    82   102  -8.259  -0.020  -6.576                         -1.359  1.485 -2.173 -0.764 
     D    37    35 3    38     3     0    16    81   100  -7.644  -2.821  -0.229                         
    IR    38    38 3    38     3     1    18    83   103  -1.925  -0.554  -4.164                          0.000  0.000  0.000  0.000 
                                             [ MATR   13 ]      -     70 - c - -
    MR    39    38 3    41     2     1    16    81   101  -8.232  -0.005                                 -0.666  0.702 -1.449  0.461 
     D    40    38 3    41     2     0    15    80   100  -5.722  -0.028                                 
    IR    41    41 3    41     2     1    17    82   102  -1.823  -0.479                                  0.000  0.000  0.000  0.000 
                                             [ BIF    14 ]      -      - - - - -
     B    42    41 3    43   156     0    15    80   100                                                 
                                             [ BEGL   15 ]      -      - - - - -
     S    43    42 1    44     4     0     0    52    71  -0.049  -6.916  -5.877  -6.964                 
                                             [ MATP   16 ]      2     42 G U - -
    MP    44    43 1    48     6     2     2    52    71  -9.166  -9.105  -0.020  -7.881  -8.161  -8.556 -3.795 -2.513 -3.975  1.017 -4.836 -5.569 -0.409 -3.976 -3.594  1.114 -4.126  3.249 -0.762 -4.732 -2.351 -2.641 
    ML    45    43 1    48     6     1     1    51    70  -6.250  -6.596  -1.310  -1.005  -6.446  -3.975  0.368 -0.385 -0.191  0.094 
    MR    46    43 1    48     6     1     1    51    70  -7.047  -5.776  -1.684  -5.754  -0.784  -3.968  0.275 -0.366 -0.297  0.263 
     D    47    43 1    48     6     0     0    48    67  -9.049  -7.747  -3.544  -4.226  -4.244  -0.319 
    IL    48    48 5    48     6     1     1    52    71  -2.579  -2.842  -0.760  -4.497  -5.274  -4.934  0.000  0.000  0.000  0.000 
    IR    49    49 6    49     5     1     1    52    71  -2.408  -0.496  -5.920  -4.087  -5.193          0.000  0.000  0.000  0.000 
                                             [ MATP   17 ]      3     41 U A - -
    MP    50    49 6    54     6     2     2    50    69  -9.166  -9.105  -0.020  -7.881  -8.161  -8.556 -4.367 -4.298 -4.190 -0.575 -3.070 -4.714  1.263 -3.803 -4.208 -0.341 -4.571 -2.284  3.398 -4.483 -0.427 -3.009 
    ML    51    49 6    54     6     1     1    49    68  -6.250  -6.596  -1.310  -1.005  -6.446  -3.975  0.368 -0.385 -0.191  0.094 
    MR    52    49 6    54     6     1     1    49    68  -7.047  -5.776  -1.684  -5.754  -0.784  -3.968  0.543 -0.505 -0.213 -0.034 
     D    53    49 6    54     6     0     0    46    65  -9.049  -7.747  -3.544  -4.226  -4.244  -0.319 
    IL    54    54 5    54     6     1     1    50    69  -2.579  -2.842  -0.760  -4.497  -5.274  -4.934  0.000  0.000  0.000  0.000 
    IR    55    55 6    55     5     1     1    50    69  -2.408  -0.496  -5.920  -4.087  -5.193          0.000  0.000  0.000  0.000 
                                             [ MATP   18 ]      4     40 C G - -
    MP    56    55 6    60     6     2     2    48    67  -9.166  -9.105  -0.020  -7.881  -8.161  -8.556 -4.853 -4.785 -4.490 -0.992 -3.145 -4.862  3.635 -3.985 -4.551 -0.790 -4.778 -2.737  0.337 -4.901 -0.860 -3.381 
    ML    57    55 6    60     6     1     1    47    66  -6.250  -6.596  -1.310  -1.005  -6.446  -3.975  0.368 -0.385 -0.191  0.094 
    MR    58    55 6    60     6     1     1    47    66  -7.047  -5.776  -1.684  -5.754  -0.784  -3.968  0.367 -0.527  0.091 -0.072 
     D    59    55 6    60     6     0     0    44    63  -9.049  -7.747  -3.544  -4.226  -4.244  -0.319 
    IL    60    60 5    60     6     1     1    48    67  -2.579  -2.842  -0.760  -4.497  -5.274  -4.934  0.000  0.000  0.000  0.000 
    IR    61    61 6    61     5     1     1    48    67  -2.408  -0.496  -5.920  -4.087  -5.193          0.000  0.000  0.000  0.000 
                                             [ MATP   19 ]      5     39 A U - -
    MP    62    61 6    66     6     2     2    46    65  -9.166  -9.105  -0.020  -7.881  -8.161  -8.556 -3.971 -2.929 -3.997  3.457 -4.651 -5.618 -0.336 -4.070 -3.873  0.901 -4.448 -0.236 -0.659 -4.680 -2.263 -2.816 
    ML    63    61 6    66     6     1     1    45    64  -6.250  -6.596  -1.310  -1.005  -6.446  -3.975  0.368 -0.385 -0.191  0.094 
    MR    64    61 6    66     6     1     1    45    64  -7.047  -5.776  -1.684  -5.754  -0.784  -3.968  0.275 -0.366 -0.297  0.263 
     D    65    61 6    66     6     0     0    42    62  -9.049  -7.747  -3.544  -4.226  -4.244  -0.319 
    IL    66    66 5    66     6     1     1    46    65  -2.579  -2.842  -0.760  -4.497  -5.274  -4.934  0.000  0.000  0.000  0.000 
    IR    67    67 6    67     5     1     1    46    65  -2.408  -0.496  -5.920  -4.087  -5.193          0.000  0.000  0.000  0.000 
                                             [ MATP   20 ]      6     38 U G - -
    MP    68    67 6    72     6     2     2    44    63  -9.166  -9.105  -0.020  -7.881  -8.161  -8.556 -4.335 -4.308 -3.983 -0.619 -2.662 -4.360  1.630 -3.465 -4.033 -0.458 -4.298 -2.347  0.877 -4.385  3.127 -2.890 
    ML    69    67 6    72     6     1     1    43    62  -6.250  -6.596  -1.310  -1.005  -6.446  -3.975  0.368 -0.385 -0.191  0.094 
    MR    70    67 6    72     6     1     1    43    62  -7.047  -5.776  -1.684  -5.754  -0.784  -3.968  0.367 -0.527  0.091 -0.072 
     D    71    67 6    72     6     0     0    41    60  -9.049  -7.747  -3.544  -4.226  -4.244  -0.319 
    IL    72    72 5    72     6     1     1    44    63  -2.579  -2.842  -0.760  -4.497  -5.274  -4.934  0.000  0.000  0.000  0.000 
    IR    73    73 6    73     5     1     1    44    63  -2.408  -0.496  -5.920  -4.087  -5.193          0.000  0.000  0.000  0.000 
                                             [ MATP   21 ]      7     37 g u - -
    MP    74    73 6    78     6     2     2    42    61  -9.166  -9.105  -0.020  -7.881  -8.161  -8.556 -3.599 -2.440 -3.758  2.050 -4.604 -5.200 -0.259 -3.874 -3.493  1.331 -4.029  2.750 -0.504 -4.318 -2.168 -2.506 
    ML    75    73 6    78     6     1     1    42    61  -6.250  -6.596  -1.310  -1.005  -6.446  -3.975  0.368 -0.385 -0.191  0.094 
    MR    76    73 6    78     6     1     1    41    61  -7.047  -5.776  -1.684  -5.754  -0.784  -3.968  0.275 -0.366 -0.297  0.263 
     D    77    73 6    78     6     0     0    40    59  -9.049  -7.747  -3.544  -4.226  -4.244  -0.319 
    IL    78    78 5    78     6     1     1    42    61  -2.579  -2.842  -0.760  -4.497  -5.274  -4.934  0.000  0.000  0.000  0.000 
    IR    79    79 6    79     5     1     1    42    61  -2.408  -0.496  -5.920  -4.087  -5.193          0.000  0.000  0.000  0.000 
                                             [ MATP   22 ]      8     36 A U - -
    MP    80    79 6    84     4     2     2    40    59  -7.095  -7.302  -0.048  -5.717                 -3.549 -2.558 -3.649  3.043 -4.306 -5.068 -0.059 -3.818 -3.510  1.365 -4.075  1.191 -0.304 -4.141 -1.948 -2.477 
    ML    81    79 6    84     4     1     1    41    60  -3.758  -3.940  -0.507  -2.670                  0.368 -0.385 -0.191  0.094 
    MR    82    79 6    84     4     1     1    40    60  -4.877  -3.906  -1.774  -0.721                  0.275 -0.366 -0.297  0.263 
     D    83    79 6    84     4     0     0    39    59  -4.568  -4.250  -2.265  -0.520                 
    IL    84    84 5    84     4     1     1    42    62  -1.686  -2.369  -1.117  -4.855                  0.000  0.000  0.000  0.000 
    IR    85    85 6    85     3     1     1    41    60  -1.442  -0.798  -4.142                          0.000  0.000  0.000  0.000 
                                             [ MATL   23 ]      9      - U - - -
    ML    86    85 6    88     3     1     1    38    57  -8.102  -0.019  -6.756                         -1.070 -0.537 -1.815  1.351 
     D    87    85 6    88     3     0     0    37    55  -6.287  -1.800  -0.514                         
    IL    88    88 3    88     3     1     1    40    59  -1.442  -0.798  -4.142                          0.000  0.000  0.000  0.000 
                                             [ MATL   24 ]     10      - u - - -
    ML    89    88 3    91     3     1     1    37    55  -8.484  -0.017  -6.801                         -0.317 -0.324 -0.193  0.607 
     D    90    88 3    91     3     0     0    36    54  -5.690  -0.689  -1.473                         
    IL    91    91 3    91     3     1     1    38    56  -1.925  -0.554  -4.164                          0.000  0.000  0.000  0.000 
                                             [ MATR   25 ]      -     35 - A - -
    MR    92    91 3    94     3     1     1    36    54  -8.494  -0.017  -6.812                          1.510 -1.899 -0.971 -1.422 
     D    93    91 3    94     3     0     0    34    53  -6.390  -1.568  -0.620                         
    IR    94    94 3    94     3     1     1    37    55  -1.925  -0.554  -4.164                          0.000  0.000  0.000  0.000 
                                             [ MATR   26 ]      -     34 - G - -
    MR    95    94 3    97     5     1     1    35    53  -7.224  -0.046  -7.040  -6.202  -8.144         -0.847 -2.400  1.571 -1.817 
     D    96    94 3    97     5     0     0    33    52  -5.352  -0.707  -2.978  -4.409  -2.404         
    IR    97    97 3    97     5     1     1    35    54  -2.408  -0.496  -5.920  -4.087  -5.193          0.000  0.000  0.000  0.000 
                                             [ MATP   27 ]     11     33 g c - -
    MP    98    97 3   102     6     2     2    34    52  -9.166  -9.105  -0.020  -7.881  -8.161  -8.556 -2.067 -1.988 -1.573  1.352 -2.212 -3.031  1.353 -2.541 -2.298  1.593 -2.695  1.103  1.133 -2.337  0.252 -1.145 
    ML    99    97 3   102     6     1     1    32    51  -6.250  -6.596  -1.310  -1.005  -6.446  -3.975  0.368 -0.385 -0.191  0.094 
    MR   100    97 3   102     6     1     1    32    51  -7.047  -5.776  -1.684  -5.754  -0.784  -3.968  0.275 -0.366 -0.297  0.263 
     D   101    97 3   102     6     0     0    30    48  -9.049  -7.747  -3.544  -4.226  -4.244  -0.319 
    IL   102   102 5   102     6     1     1    33    52  -2.579  -2.842  -0.760  -4.497  -5.274  -4.934  0.000  0.000  0.000  0.000 
    IR   103   103 6   103     5     1     1    33    52  -2.408  -0.496  -5.920  -4.087  -5.193          0.000  0.000  0.000  0.000 
                                             [ MATP   28 ]     12     32 C G - -
    MP   104   103 6   108     6     2     2    32    50  -9.166  -9.105  -0.020  -7.881  -8.161  -8.556 -4.724 -4.693 -4.381 -0.896 -3.042 -4.758  3.592 -3.877 -4.439 -0.687 -4.681 -2.682  0.463 -4.767 -0.569 -3.268 
    ML   105   103 6   108     6     1     1    30    49  -6.250  -6.596  -1.310  -1.005  -6.446  -3.975  0.368 -0.385 -0.191  0.094 
    MR   106   103 6   108     6     1     1    30    49  -7.047  -5.776  -1.684  -5.754  -0.784  -3.968  0.367 -0.527  0.091 -0.072 
     D   107   103 6   108     6     0     0    28    47  -9.049  -7.747  -3.544  -4.226  -4.244  -0.319 
    IL   108   108 5   108     6     1     1    31    50  -2.579  -2.842  -0.760  -4.497  -5.274  -4.934  0.000  0.000  0.000  0.000 
    IR   109   109 6   109     5     1     1    31    50  -2.408  -0.496  -5.920  -4.087  -5.193          0.000  0.000  0.000  0.000 
                                             [ MATP   29 ]     13     31 U A - -
    MP   110   109 6   114     6     2     2    30    48  -9.166  -9.105  -0.020  -7.881  -8.161  -8.556 -4.521 -4.353 -4.322 -0.626 -3.196 -4.855  1.138 -3.914 -4.324 -0.416 -4.680 -2.241  3.465 -4.659 -0.864 -3.112 
    ML   111   109 6   114     6     1     1    28    47  -6.250  -6.596  -1.310  -1.005  -6.446  -3.975  0.368 -0.385 -0.191  0.094 
    MR   112   109 6   114     6     1     1    28    47  -7.047  -5.776  -1.684  -5.754  -0.784  -3.968  0.543 -0.505 -0.213 -0.034 
     D   113   109 6   114     6     0     0    26    45  -9.049  -7.747  -3.544  -4.226  -4.244  -0.319 
    IL   114   114 5   114     6     1     1    29    48  -2.579  -2.842  -0.760  -4.497  -5.274  -4.934  0.000  0.000  0.000  0.000 
    IR   115   115 6   115     5     1     1    29    48  -2.408  -0.496  -5.920  -4.087  -5.193          0.000  0.000  0.000  0.000 
                                             [ MATP   30 ]     14     30 A U - -
    MP   116   115 6   120     6     2     2    28    46  -9.166  -9.105  -0.020  -7.881  -8.161  -8.556 -3.991 -3.073 -3.968  3.459 -4.389 -5.392 -0.127 -4.039 -3.940  0.784 -4.490 -0.572 -0.502 -4.557 -2.052 -2.203 
    ML   117   115 6   120     6     1     1    26    45  -6.250  -6.596  -1.310  -1.005  -6.446  -3.975  0.368 -0.385 -0.191  0.094 
    MR   118   115 6   120     6     1     1    26    45  -7.047  -5.776  -1.684  -5.754  -0.784  -3.968  0.275 -0.366 -0.297  0.263 
     D   119   115 6   120     6     0     0    24    43  -9.049  -7.747  -3.544  -4.226  -4.244  -0.319 
    IL   120   120 5   120     6     1     1    27    46  -2.579  -2.842  -0.760  -4.497  -5.274  -4.934  0.000  0.000  0.000  0.000 
    IR   121   121 6   121     5     1     1    27    46  -2.408  -0.496  -5.920  -4.087  -5.193          0.000  0.000  0.000  0.000 
                                             [ MATP   31 ]     15     29 U A - -
    MP   122   121 6   126     6     2     2    26    44  -9.166  -9.105  -0.020  -7.881  -8.161  -8.556 -4.521 -4.353 -4.322 -0.626 -3.196 -4.855  1.138 -3.914 -4.324 -0.416 -4.680 -2.241  3.465 -4.659 -0.864 -3.112 
    ML   123   121 6   126     6     1     1    25    44  -6.250  -6.596  -1.310  -1.005  -6.446  -3.975  0.368 -0.385 -0.191  0.094 
    MR   124   121 6   126     6     1     1    25    43  -7.047  -5.776  -1.684  -5.754  -0.784  -3.968  0.543 -0.505 -0.213 -0.034 
     D   125   121 6   126     6     0     0    23    42  -9.049  -7.747  -3.544  -4.226  -4.244  -0.319 
    IL   126   126 5   126     6     1     1    26    44  -2.579  -2.842  -0.760  -4.497  -5.274  -4.934  0.000  0.000  0.000  0.000 
    IR   127   127 6   127     5     1     1    25    44  -2.408  -0.496  -5.920  -4.087  -5.193          0.000  0.000  0.000  0.000 
                                             [ MATP   32 ]     16     28 U A - -
    MP   128   127 6   132     4     2     2    24    42  -7.095  -5.358  -0.075  -5.717                 -4.521 -4.353 -4.322 -0.626 -3.196 -4.855  1.138 -3.914 -4.324 -0.416 -4.680 -2.241  3.465 -4.659 -0.864 -3.112 
    ML   129   127 6   132     4     1     1    24    43  -3.758  -3.940  -0.507  -2.670                  0.368 -0.385 -0.191  0.094 
    MR   130   127 6   132     4     1     1    23    42  -4.877  -3.906  -1.774  -0.721                  0.543 -0.505 -0.213 -0.034 
     D   131   127 6   132     4     0     0    23    41  -4.568  -4.250  -2.265  -0.520                 
    IL   132   132 5   132     4     1     1    25    44  -1.686  -2.369  -1.117  -4.855                  0.000  0.000  0.000  0.000 
    IR   133   133 6   133     3     1     1    24    43  -1.503  -0.754  -4.203                          0.000  0.000  0.000  0.000 
                                             [ MATL   33 ]     17      - C - - -
    ML   134   133 6   136     3     1     1    21    39  -8.102  -0.030  -5.904                         -1.459  1.458 -2.297 -0.546 
     D   135   133 6   136     3     0     0    20    39  -6.287  -1.800  -0.514                         
    IL   136   136 3   136     3     1     1    24    43  -1.442  -0.798  -4.142                          0.000  0.000  0.000  0.000 
                                             [ MATL   34 ]     18      - c - - -
    ML   137   136 3   139     3     1     1    20    38  -8.091  -0.019  -6.745                         -0.898  0.892 -1.713  0.382 
     D   138   136 3   139     3     0     0    19    37  -6.385  -1.583  -0.612                         
    IL   139   139 3   139     3     1     1    23    41  -1.442  -0.798  -4.142                          0.000  0.000  0.000  0.000 
                                             [ MATL   35 ]     19      - u - - -
    ML   140   139 3   142     3     1     1    19    37  -5.130  -0.056  -6.756                         -0.681  0.547 -1.415  0.623 
     D   141   139 3   142     3     0     0    17    35  -6.287  -1.800  -0.514                         
    IL   142   142 3   142     3     1     1    20    39  -1.531  -0.735  -4.231                          0.000  0.000  0.000  0.000 
                                             [ MATL   36 ]     21      - u - - -
    ML   143   142 3   145     3     1     1    17    35  -8.102  -0.019  -6.756                         -0.255 -0.181 -0.709  0.738 
     D   144   142 3   145     3     0     0    16    35  -6.287  -1.800  -0.514                         
    IL   145   145 3   145     3     1     1    20    39  -1.442  -0.798  -4.142                          0.000  0.000  0.000  0.000 
                                             [ MATL   37 ]     22      - u - - -
    ML   146   145 3   148     3     1     1    16    34  -6.248  -0.044  -5.861                          0.239 -0.612 -0.237  0.396 
     D   147   145 3   148     3     0     0    15    33  -6.287  -1.800  -0.514                         
    IL   148   148 3   148     3     1     1    19    37  -1.476  -0.773  -4.177                          0.000  0.000  0.000  0.000 
                                             [ MATL   38 ]     24      - u - - -
    ML   149   148 3   151     3     1     1    14    32  -5.601  -0.044  -6.744                         -0.036 -0.602 -0.500  0.730 
     D   150   148 3   151     3     0     0    13    30  -6.391  -1.570  -0.619                         
    IL   151   151 3   151     3     1     1    17    35  -1.502  -0.755  -4.203                          0.000  0.000  0.000  0.000 
                                             [ MATL   39 ]     26      - a - - -
    ML   152   151 3   154     2     1     1     1     1       *   0.000                                  0.723 -0.424 -0.471 -0.181 
     D   153   151 3   154     2     0     0     0     0       *   0.000                                 
    IL   154   154 3   154     2     1     1    13    28  -1.823  -0.479                                  0.000  0.000  0.000  0.000 
                                             [ END    40 ]      -      - - - - -
     E   155   154 3    -1     0     0     0     0     0                                                 
                                             [ BEGR   41 ]      -      - - - - -
     S   156    42 1   157     3     0     0    42    61  -8.113  -0.019  -6.767                         
    IL   157   157 2   157     3     1     1    45    64  -1.442  -0.798  -4.142                          0.000  0.000  0.000  0.000 
                                             [ MATL   42 ]     43      - u - - -
    ML   158   157 2   160     3     1     1    42    61  -8.113  -0.019  -6.767                         -0.347 -0.544  0.025  0.595 
     D   159   157 2   160     3     0     0    40    60  -6.174  -1.687  -0.566                         
    IL   160   160 3   160     3     1     1    44    63  -1.442  -0.798  -4.142                          0.000  0.000  0.000  0.000 
                                             [ MATL   43 ]     44      - A - - -
    ML   161   160 3   163     3     1     1    40    60  -8.113  -0.019  -6.767                          1.777 -2.674 -2.276 -2.247 
     D   162   160 3   163     3     0     0    39    59  -6.174  -1.687  -0.566                         
    IL   163   163 3   163     3     1     1    43    62  -1.442  -0.798  -4.142                          0.000  0.000  0.000  0.000 
                                             [ MATL   44 ]     45      - G - - -
    ML   164   163 3   166     3     1     1    39    59  -8.113  -0.019  -6.767                         -1.896 -3.163  1.786 -2.551 
     D   165   163 3   166     3     0     0    38    57  -6.174  -1.687  -0.566                         
    IL   166   166 3   166     3     1     1    42    61  -1.442  -0.798  -4.142                          0.000  0.000  0.000  0.000 
                                             [ MATL   45 ]     46      - C - - -
    ML   167   166 3   169     3     1     1    38    57  -8.113  -0.023  -6.353                         -1.755  1.595 -2.590 -0.950 
     D   168   166 3   169     3     0     0    37    56  -6.174  -1.687  -0.566                         
    IL   169   169 3   169     3     1     1    41    60  -1.442  -0.798  -4.142                          0.000  0.000  0.000  0.000 
                                             [ MATL   46 ]     47      - G - - -
    ML   170   169 3   172     3     1     1    37    56  -8.109  -0.019  -6.763                         -0.978 -2.491  1.608 -1.907 
     D   171   169 3   172     3     0     0    36    55  -6.219  -1.732  -0.545                         
    IL   172   172 3   172     3     1     1    40    59  -1.442  -0.798  -4.142                          0.000  0.000  0.000  0.000 
                                             [ MATL   47 ]     48      - g - - -
    ML   173   172 3   175     3     1     1    36    55  -8.109  -0.019  -6.763                          0.651 -1.545  0.654 -0.960 
     D   174   172 3   175     3     0     0    35    54  -6.219  -1.732  -0.545                         
    IL   175   175 3   175     3     1     1    39    58  -1.442  -0.798  -4.142                          0.000  0.000  0.000  0.000 
                                             [ MATL   48 ]     49      - U - - -
    ML   176   175 3   178     3     1     1    35    54  -8.109  -0.019  -6.763                         -0.527 -0.774 -0.481  1.004 
     D   177   175 3   178     3     0     0    34    53  -6.219  -1.732  -0.545                         
    IL   178   178 3   178     3     1     1    37    57  -1.442  -0.798  -4.142                          0.000  0.000  0.000  0.000 
                                             [ MATL   49 ]     50      - G - - -
    ML   179   178 3   181     3     1     1    34    53  -8.109  -0.019  -6.763                         -0.374 -1.779  1.338 -1.288 
     D   180   178 3   181     3     0     0    33    52  -6.219  -1.732  -0.545                         
    IL   181   181 3   181     3     1     1    36    56  -1.442  -0.798  -4.142                          0.000  0.000  0.000  0.000 
                                             [ MATL   50 ]     51      - C - - -
    ML   182   181 3   184     3     1     1    33    52  -8.109  -0.019  -6.763                         -1.143  1.221 -1.978 -0.056 
     D   183   181 3   184     3     0     0    32    51  -6.219  -1.732  -0.545                         
    IL   184   184 3   184     3     1     1    35    55  -1.442  -0.798  -4.142                          0.000  0.000  0.000  0.000 
                                             [ MATL   51 ]     52      - G - - -
    ML   185   184 3   187     3     1     1    32    51  -8.109  -0.019  -6.763                         -1.156 -2.116  1.595 -1.734 
     D   186   184 3   187     3     0     0    31    50  -6.219  -1.732  -0.545                         
    IL   187   187 3   187     3     1     1    34    53  -1.442  -0.798  -4.142                          0.000  0.000  0.000  0.000 
                                             [ MATL   52 ]     53      - G - - -
    ML   188   187 3   190     5     1     1    31    49  -7.220  -0.230  -3.013  -7.248  -6.651         -0.448 -0.681  1.031 -0.736 
     D   189   187 3   190     5     0     0    29    48  -4.985  -0.829  -4.246  -2.621  -2.396         
    IL   190   190 3   190     5     1     1    31    50  -2.408  -0.496  -4.087  -5.920  -5.193          0.000  0.000  0.000  0.000 
                                             [ MATP   53 ]     54     69 g c - -
    MP   191   190 3   195     6     2     2    30    49  -9.079  -9.018  -0.022  -7.794  -8.074  -8.469 -2.743 -2.259 -2.604  1.279 -2.806 -3.566  1.464 -3.086 -2.927  2.203 -3.388  0.920  1.025 -2.873 -0.362 -1.863 
    ML   192   190 3   195     6     1     1    28    47  -7.094  -7.440  -0.708  -1.587  -7.290  -4.819 -0.127 -0.199 -0.719  0.683 
    MR   193   190 3   195     6     1     1    28    47  -6.988  -5.717  -1.625  -5.695  -0.829  -3.908  0.368 -0.385 -0.191  0.094 
     D   194   190 3   195     6     0     0    26    45  -9.159  -7.857  -3.654  -4.336  -4.354  -0.293 
    IL   195   195 5   195     6     1     1    29    48  -2.579  -2.842  -0.760  -4.497  -5.274  -4.934  0.000  0.000  0.000  0.000 
    IR   196   196 6   196     5     1     1    29    48  -2.408  -0.496  -5.920  -4.087  -5.193          0.000  0.000  0.000  0.000 
                                             [ MATP   54 ]     55     68 c g - -
    MP   197   196 6   201     6     2     2    28    47  -9.154  -9.093  -0.020  -7.869  -8.149  -8.544 -2.361 -2.826 -2.926  0.720 -2.207 -3.729  2.373 -2.564 -2.927  0.889 -3.451 -0.941  2.088 -3.090  0.017 -1.909 
    ML   198   196 6   201     6     1     1    26    45  -6.386  -6.733  -1.447  -0.879  -6.582  -4.112  0.202  0.019 -0.462  0.152 
    MR   199   196 6   201     6     1     1    26    45  -6.988  -5.717  -1.625  -5.695  -0.829  -3.908  0.368 -0.385 -0.191  0.094 
     D   200   196 6   201     6     0     0    24    43  -9.159  -7.857  -3.654  -4.336  -4.354  -0.293 
    IL   201   201 5   201     6     1     1    27    46  -2.579  -2.842  -0.760  -4.497  -5.274  -4.934  0.000  0.000  0.000  0.000 
    IR   202   202 6   202     5     1     1    27    46  -2.408  -0.496  -5.920  -4.087  -5.193          0.000  0.000  0.000  0.000 
                                             [ MATP   55 ]     56     67 G C - -
    MP   203   202 6   207     6     2     2    26    45  -9.154  -9.093  -0.020  -7.869  -8.149  -8.544 -4.314 -2.885 -4.315  0.503 -4.879 -4.442 -0.247 -4.763 -4.184  3.518 -4.498 -0.457 -0.554 -3.146 -2.252 -3.275 
    ML   204   202 6   207     6     1     1    25    43  -6.386  -6.733  -1.447  -0.879  -6.582  -4.112  0.303 -0.584  0.228 -0.108 
    MR   205   202 6   207     6     1     1    24    43  -6.988  -5.717  -1.625  -5.695  -0.829  -3.908  0.368 -0.385 -0.191  0.094 
     D   206   202 6   207     6     0     0    22    41  -9.159  -7.857  -3.654  -4.336  -4.354  -0.293 
    IL   207   207 5   207     6     1     1    26    44  -2.579  -2.842  -0.760  -4.497  -5.274  -4.934  0.000  0.000  0.000  0.000 
    IR   208   208 6   208     5     1     1    25    44  -2.408  -0.496  -5.920  -4.087  -5.193          0.000  0.000  0.000  0.000 
                                             [ MATP   56 ]     57     66 U A - -
    MP   209   208 6   213     6     2     2    24    43  -9.154  -9.093  -0.020  -7.869  -8.149  -8.544 -4.453 -4.284 -4.262 -0.561 -3.149 -4.802  1.184 -3.863 -4.264 -0.343 -4.624 -2.175  3.440 -4.594 -0.819 -3.061 
    ML   210   208 6   213     6     1     1    23    42  -6.386  -6.733  -1.447  -0.879  -6.582  -4.112  0.195 -0.364 -0.386  0.393 
    MR   211   208 6   213     6     1     1    23    42  -6.988  -5.717  -1.625  -5.695  -0.829  -3.908  0.368 -0.385 -0.191  0.094 
     D   212   208 6   213     6     0     0    21    40  -9.159  -7.857  -3.654  -4.336  -4.354  -0.293 
    IL   213   213 5   213     6     1     1    24    42  -2.579  -2.842  -0.760  -4.497  -5.274  -4.934  0.000  0.000  0.000  0.000 
    IR   214   214 6   214     5     1     1    23    42  -2.408  -0.496  -5.920  -4.087  -5.193          0.000  0.000  0.000  0.000 
                                             [ MATP   57 ]     58     65 G C - -
    MP   215   214 6   219     4     2     2    22    41  -7.066  -7.273  -0.049  -5.687                 -4.961 -3.199 -5.084  0.052 -5.540 -4.778 -0.851 -5.339 -4.468  3.687 -4.790 -0.907 -1.230 -4.611 -2.900 -3.957 
    ML   216   214 6   219     4     1     1    23    41  -3.861  -4.043  -0.610  -2.217                  0.303 -0.584  0.228 -0.108 
    MR   217   214 6   219     4     1     1    22    41  -4.809  -3.838  -1.706  -0.766                  0.368 -0.385 -0.191  0.094 
     D   218   214 6   219     4     0     0    21    40  -4.672  -4.353  -2.369  -0.478                 
    IL   219   219 5   219     4     1     1    24    43  -1.686  -2.369  -1.117  -4.855                  0.000  0.000  0.000  0.000 
    IR   220   220 6   220     3     1     1    23    42  -1.442  -0.798  -4.142                          0.000  0.000  0.000  0.000 
                                             [ MATL   58 ]     59      - U - - -
    ML   221   220 6   223     3     1     1    19    37  -8.074  -0.019  -6.728                         -0.932 -0.784 -1.562  1.354 
     D   222   220 6   223     3     0     0    18    37  -6.523  -2.036  -0.424                         
    IL   223   223 3   223     3     1     1    22    41  -1.442  -0.798  -4.142                          0.000  0.000  0.000  0.000 
                                             [ MATL   59 ]     60      - U - - -
    ML   224   223 3   226     3     1     1    17    36  -8.074  -0.019  -6.728                         -0.877 -1.087 -1.196  1.350 
     D   225   223 3   226     3     0     0    17    35  -6.523  -2.036  -0.424                         
    IL   226   226 3   226     3     1     1    21    40  -1.442  -0.798  -4.142                          0.000  0.000  0.000  0.000 
                                             [ MATL   60 ]     61      - G - - -
    ML   227   226 3   229     3     1     1    16    35  -8.074  -0.019  -6.728                         -0.556 -0.701  1.069 -0.719 
     D   228   226 3   229     3     0     0    16    34  -6.523  -2.036  -0.424                         
    IL   229   229 3   229     3     1     1    20    38  -1.442  -0.798  -4.142                          0.000  0.000  0.000  0.000 
                                             [ MATL   61 ]     62      - c - - -
    ML   230   229 3   232     3     1     1    15    33  -8.074  -0.019  -6.728                         -0.387  0.323  0.205 -0.265 
     D   231   229 3   232     3     0     0    14    33  -6.523  -2.036  -0.424                         
    IL   232   232 3   232     3     1     1    19    37  -1.442  -0.798  -4.142                          0.000  0.000  0.000  0.000 
                                             [ MATL   62 ]     63      - c - - -
    ML   233   232 3   235     3     1     1    13    31  -8.074  -0.019  -6.728                          0.367  0.545 -1.233 -0.276 
     D   234   232 3   235     3     0     0    13    31  -6.523  -2.036  -0.424                         
    IL   235   235 3   235     3     1     1    18    36  -1.442  -0.798  -4.142                          0.000  0.000  0.000  0.000 
                                             [ MATL   63 ]     64      - G - - -
    ML   236   235 3   238     2     1     1     1     1       *   0.000                                 -0.402 -1.514  1.282 -1.114 
     D   237   235 3   238     2     0     0     0     0       *   0.000                                 
    IL   238   238 3   238     2     1     1    13    28  -1.823  -0.479                                  0.000  0.000  0.000  0.000 
                                             [ END    64 ]      -      - - - - -
     E   239   238 3    -1     0     0     0     0     0                                                 
//
HMMER3/f [3.1b3 | July 2016]
NAME  at_nt_syme_symr_round5_0001
LENG  77
MAXL  162
ALPH  RNA
RF    no
MM    no
CONS  yes
CS    yes
MAP   yes
DATE  Tue Dec 24 12:44:19 2019
COM   [1] cmbuild /home/co78wid/projects/master/results/ta_systems/syme_symr/2_structure_analysis/infernal_search/at_nt_syme_symr_cmbuild.txt /home/co78wid/projects/master/results/ta_systems/syme_symr/1_sequence_analysis/fold/at_nt_syme_symr_round5.stk
NSEQ  133
EFFN  3.161835
CKSUM 590243565
STATS LOCAL MSV       -8.9079  0.71896
STATS LOCAL VITERBI   -9.4286  0.71896
STATS LOCAL FORWARD   -3.7074  0.71896
HMM          A        C        G        U   
            m->m     m->i     m->d     i->m     i->i     d->m     d->d
  COMPO   1.46318  1.49575  1.31299  1.28951
          1.38629  1.38629  1.38629  1.38629
          0.04461  4.05063  3.64144  1.46634  0.26236  0.00000        *
      1   0.10752  3.58039  3.27241  3.31980      1 A - - :
          1.38629  1.38629  1.38629  1.38629
          0.03576  4.04179  4.04179  1.46634  0.26236  1.25436  0.33583
      2   2.08638  3.24446  0.23414  3.08726      2 G - - <
          1.38629  1.38629  1.38629  1.38629
          0.03576  4.04179  4.04179  1.46634  0.26236  1.25436  0.33583
      3   3.32846  2.10139  3.11232  0.22644      3 U - - <
          1.38629  1.38629  1.38629  1.38629
          0.03576  4.04179  4.04179  1.46634  0.26236  1.25436  0.33583
      4   3.55660  0.16787  3.37009  2.39018      4 C - - <
          1.38629  1.38629  1.38629  1.38629
          0.03576  4.04179  4.04179  1.46634  0.26236  1.25436  0.33583
      5   0.23411  3.33487  2.03188  3.16972      5 A - - <
          1.38629  1.38629  1.38629  1.38629
          0.03576  4.04179  4.04179  1.46634  0.26236  1.25436  0.33583
      6   3.25207  1.73001  3.08286  0.30355      6 U - - <
          1.38629  1.38629  1.38629  1.38629
          0.03576  4.04179  4.04179  1.46634  0.26236  1.25436  0.33583
      7   1.24909  3.18218  0.47810  2.96078      7 G - - <
          1.38629  1.38629  1.38629  1.38629
          0.03576  4.04179  4.04179  1.46634  0.26236  1.25436  0.33583
      8   0.50913  3.03000  1.23345  2.82379      8 A - - <
          1.38629  1.38629  1.38629  1.38629
          0.03576  4.04179  4.04179  1.46634  0.26236  1.25436  0.33583
      9   2.33493  1.81358  2.85799  0.38166      9 U - - -
          1.38629  1.38629  1.38629  1.38629
          0.03576  4.04179  4.04179  1.46634  0.26236  1.25436  0.33583
     10   1.67238  1.61446  1.49438  0.94466     10 u - - -
          1.38629  1.38629  1.38629  1.38629
          0.03576  4.04179  4.04179  1.46634  0.26236  1.25436  0.33583
     11   1.53924  1.68981  1.05764  1.37189     11 g - - <
          1.38629  1.38629  1.38629  1.38629
          0.03576  4.04179  4.04179  1.46634  0.26236  1.25436  0.33583
     12   3.45803  0.19663  3.26619  2.21767     12 C - - <
          1.38629  1.38629  1.38629  1.38629
          0.03576  4.04179  4.04179  1.46634  0.26236  1.25436  0.33583
     13   3.37989  2.21727  3.17216  0.20441     13 U - - <
          1.38629  1.38629  1.38629  1.38629
          0.03576  4.04179  4.04179  1.46634  0.26236  1.25436  0.33583
     14   0.21865  3.22198  2.23307  3.00937     14 A - - <
          1.38629  1.38629  1.38629  1.38629
          0.03576  4.04179  4.04179  1.46634  0.26236  1.25436  0.33583
     15   3.37733  2.21704  3.17088  0.20461     15 U - - <
          1.38629  1.38629  1.38629  1.38629
          0.03576  4.04179  4.04179  1.46634  0.26236  1.25436  0.33583
     16   3.37619  2.21694  3.17031  0.20470     16 U - - <
          1.38629  1.38629  1.38629  1.38629
          0.03576  4.04179  4.04179  1.46634  0.26236  1.25436  0.33583
     17   2.68876  0.29241  3.28498  1.90968     17 C - - _
          1.38629  1.38629  1.38629  1.38629
          0.04436  4.04179  3.65649  1.46634  0.26236  1.25436  0.33583
     18   2.18439  0.68839  2.77262  1.13143     18 C - - _
          1.38629  1.38629  1.38629  1.38629
          0.03607  4.03350  4.03350  1.46634  0.26236  0.99489  0.46166
     19   1.98974  0.94088  2.50288  0.93870     19 u - - _
          1.38629  1.38629  1.38629  1.38629
          0.06482  3.09670  4.04179  0.65252  0.73550  1.25436  0.33583
     20   1.61062  1.50316  1.89564  0.84960     21 u - - _
          1.38629  1.38629  1.38629  1.38629
          0.03576  4.04179  4.04179  1.46634  0.26236  1.25436  0.33583
     21   1.21915  1.84542  1.53765  1.10360     22 u - - _
          1.38629  1.38629  1.38629  1.38629
          0.05604  3.57126  3.63506  0.98039  0.47027  1.25436  0.33583
     22   1.43073  1.84600  1.73393  0.85236     24 u - - _
          1.38629  1.38629  1.38629  1.38629
          0.05576  3.31003  4.03293  0.79051  0.60443  0.98144  0.46964
     23   0.85309  1.68089  1.72982  1.55885     26 a - - _
          1.38629  1.38629  1.38629  1.38629
          0.05535  3.31662  4.04179  0.78897  0.60571  0.84517  0.56121
     24   0.23200  3.36185  2.05307  3.12262     28 A - - >
          1.38629  1.38629  1.38629  1.38629
          0.03544  4.05063  4.05063  1.46634  0.26236  1.09861  0.40547
     25   0.23205  3.36147  2.05301  3.12219     29 A - - >
          1.38629  1.38629  1.38629  1.38629
          0.03544  4.05063  4.05063  1.46634  0.26236  1.09861  0.40547
     26   3.33520  2.53610  3.03213  0.17792     30 U - - >
          1.38629  1.38629  1.38629  1.38629
          0.03544  4.05063  4.05063  1.46634  0.26236  1.09861  0.40547
     27   0.23252  3.35795  2.05243  3.11825     31 A - - >
          1.38629  1.38629  1.38629  1.38629
          0.03544  4.05063  4.05063  1.46634  0.26236  1.09861  0.40547
     28   2.53931  3.41479  0.16503  3.21071     32 G - - >
          1.38629  1.38629  1.38629  1.38629
          0.03544  4.05063  4.05063  1.46634  0.26236  1.09861  0.40547
     29   1.73836  1.57095  1.33293  1.04231     33 u - - >
          1.38629  1.38629  1.38629  1.38629
          0.03544  4.05063  4.05063  1.46634  0.26236  1.09861  0.40547
     30   2.12537  3.32417  0.23382  2.93548     34 G - - -
          1.38629  1.38629  1.38629  1.38629
          0.03544  4.05063  4.05063  1.46634  0.26236  1.09861  0.40547
     31   0.28135  2.92342  2.12952  2.62285     35 A - - -
          1.38629  1.38629  1.38629  1.38629
          0.03544  4.05063  4.05063  1.46634  0.26236  1.09861  0.40547
     32   3.03178  1.97438  2.82427  0.28293     36 U - - >
          1.38629  1.38629  1.38629  1.38629
          0.03544  4.05063  4.05063  1.46634  0.26236  1.09861  0.40547
     33   3.15866  2.02587  2.97072  0.25570     37 U - - >
          1.38629  1.38629  1.38629  1.38629
          0.03544  4.05063  4.05063  1.46634  0.26236  1.09861  0.40547
     34   2.19338  3.25166  0.22346  2.99568     38 G - - >
          1.38629  1.38629  1.38629  1.38629
          0.03544  4.05063  4.05063  1.46634  0.26236  1.09861  0.40547
     35   3.36851  2.40074  3.13136  0.18483     39 U - - >
          1.38629  1.38629  1.38629  1.38629
          0.03544  4.05063  4.05063  1.46634  0.26236  1.09861  0.40547
     36   2.65972  3.52631  0.14615  3.30791     40 G - - >
          1.38629  1.38629  1.38629  1.38629
          0.03544  4.05063  4.05063  1.46634  0.26236  1.09861  0.40547
     37   0.27301  3.26324  1.87099  3.06444     41 A - - >
          1.38629  1.38629  1.38629  1.38629
          0.03544  4.05063  4.05063  1.46634  0.26236  1.09861  0.40547
     38   3.23371  2.18137  3.00797  0.22526     42 U - - >
          1.38629  1.38629  1.38629  1.38629
          0.03544  4.05063  4.05063  1.46634  0.26236  1.09861  0.40547
     39   1.70250  1.79377  1.32872  0.95031     43 u - - -
          1.38629  1.38629  1.38629  1.38629
          0.03544  4.05063  4.05063  1.46634  0.26236  1.09861  0.40547
     40   0.10550  3.59826  3.28871  3.33951     44 A - - -
          1.38629  1.38629  1.38629  1.38629
          0.03544  4.05063  4.05063  1.46634  0.26236  1.09861  0.40547
     41   3.05965  3.98171  0.09895  3.55258     45 G - - -
          1.38629  1.38629  1.38629  1.38629
          0.03544  4.05063  4.05063  1.46634  0.26236  1.09861  0.40547
     42   2.95291  0.20431  3.53637  2.26835     46 C - - -
          1.38629  1.38629  1.38629  1.38629
          0.03895  4.05063  3.87326  1.46634  0.26236  1.09861  0.40547
     43   2.23753  3.40150  0.20989  3.01012     47 G - - -
          1.38629  1.38629  1.38629  1.38629
          0.03557  4.04725  4.04725  1.46634  0.26236  1.16130  0.37554
     44   0.90439  2.63938  0.87275  2.24429     48 g - - -
          1.38629  1.38629  1.38629  1.38629
          0.03557  4.04725  4.04725  1.46634  0.26236  1.16130  0.37554
     45   1.86444  2.00629  1.72684  0.62983     49 U - - -
          1.38629  1.38629  1.38629  1.38629
          0.03557  4.04725  4.04725  1.46634  0.26236  1.16130  0.37554
     46   1.73230  2.77799  0.38947  2.48238     50 G - - -
          1.38629  1.38629  1.38629  1.38629
          0.03557  4.04725  4.04725  1.46634  0.26236  1.16130  0.37554
     47   2.40265  0.45510  3.00482  1.48904     51 C - - -
          1.38629  1.38629  1.38629  1.38629
          0.03557  4.04725  4.04725  1.46634  0.26236  1.16130  0.37554
     48   2.40943  3.04072  0.21670  2.86184     52 G - - -
          1.38629  1.38629  1.38629  1.38629
          0.03557  4.04725  4.04725  1.46634  0.26236  1.16130  0.37554
     49   1.82814  1.88747  0.57694  2.06975     53 G - - -
          1.38629  1.38629  1.38629  1.38629
          0.04392  4.04725  3.66902  1.46634  0.26236  1.16130  0.37554
     50   1.67779  1.65357  0.92495  1.49034     54 g - - <
          1.38629  1.38629  1.38629  1.38629
          0.03586  4.03918  4.03918  1.46634  0.26236  1.29576  0.31978
     51   2.01808  1.03096  1.88732  1.02458     55 u - - <
          1.38629  1.38629  1.38629  1.38629
          0.03586  4.03918  4.03918  1.46634  0.26236  1.29576  0.31978
     52   2.35012  3.00017  0.23030  2.80396     56 G - - <
          1.38629  1.38629  1.38629  1.38629
          0.03586  4.03918  4.03918  1.46634  0.26236  1.29576  0.31978
     53   3.24752  2.16452  3.07660  0.22288     57 U - - <
          1.38629  1.38629  1.38629  1.38629
          0.03586  4.03918  4.03918  1.46634  0.26236  1.29576  0.31978
     54   2.74924  3.50649  0.13504  3.43131     58 G - - <
          1.38629  1.38629  1.38629  1.38629
          0.05506  4.03918  3.32527  1.46634  0.26236  1.29576  0.31978
     55   2.22326  2.03172  2.64018  0.37210     59 U - - _
          1.38629  1.38629  1.38629  1.38629
          0.03654  4.02066  4.02066  1.46634  0.26236  1.54665  0.23948
     56   2.18940  2.30832  2.32813  0.36946     60 U - - _
          1.38629  1.38629  1.38629  1.38629
          0.03654  4.02066  4.02066  1.46634  0.26236  1.54665  0.23948
     57   1.92708  1.90644  0.54833  2.05645     61 G - - _
          1.38629  1.38629  1.38629  1.38629
          0.03654  4.02066  4.02066  1.46634  0.26236  1.54665  0.23948
     58   1.76213  1.10104  1.18528  1.66002     62 c - - _
          1.38629  1.38629  1.38629  1.38629
          0.03654  4.02066  4.02066  1.46634  0.26236  1.54665  0.23948
     59   1.12190  0.93709  2.37076  1.66514     63 c - - _
          1.38629  1.38629  1.38629  1.38629
          0.03654  4.02066  4.02066  1.46634  0.26236  1.54665  0.23948
     60   1.76735  2.55611  0.42161  2.34737     64 G - - _
          1.38629  1.38629  1.38629  1.38629
          0.03654  4.02066  4.02066  1.46634  0.26236  1.54665  0.23948
     61   3.64290  0.15691  3.36976  2.46925     65 C - - >
          1.38629  1.38629  1.38629  1.38629
          0.03654  4.02066  4.02066  1.46634  0.26236  1.54665  0.23948
     62   0.24581  3.29473  2.00969  3.06144     66 A - - >
          1.38629  1.38629  1.38629  1.38629
          0.03654  4.02066  4.02066  1.46634  0.26236  1.54665  0.23948
     63   3.15425  0.25614  2.86928  2.06708     67 C - - >
          1.38629  1.38629  1.38629  1.38629
          0.03654  4.02066  4.02066  1.46634  0.26236  1.54665  0.23948
     64   1.16319  2.06425  0.90269  1.86356     68 g - - >
          1.38629  1.38629  1.38629  1.38629
          0.18259  4.02066  1.90414  1.46634  0.26236  1.54665  0.23948
     65   1.91411  1.15105  1.46824  1.18452     69 c - - >
          1.38629  1.38629  1.38629  1.38629
          0.06836  3.88024  3.09149  1.46634  0.26236  2.48473  0.08703
     66   1.98280  0.82174  2.54402  1.06683     70 c - - :
          1.38629  1.38629  1.38629  1.38629
          0.04326  3.85514  3.85514  1.46634  0.26236  2.58011  0.07879
     67   2.65429  0.25658  3.23088  2.15044     71 C - - :
          1.38629  1.38629  1.38629  1.38629
          0.04326  3.85514  3.85514  1.46634  0.26236  2.58011  0.07879
     68   1.53815  2.41071  0.55479  2.10966     72 G - - :
          1.38629  1.38629  1.38629  1.38629
          0.04326  3.85514  3.85514  1.46634  0.26236  2.58011  0.07879
     69   2.09251  0.62206  2.66551  1.30851     73 C - - :
          1.38629  1.38629  1.38629  1.38629
          0.04326  3.85514  3.85514  1.46634  0.26236  2.58011  0.07879
     70   0.21297  2.99442  2.60388  2.69166     74 A - - :
          1.38629  1.38629  1.38629  1.38629
          0.04326  3.85514  3.85514  1.46634  0.26236  2.58011  0.07879
     71   1.99524  0.78901  2.55855  1.10169     75 c - - :
          1.38629  1.38629  1.38629  1.38629
          0.04326  3.85514  3.85514  1.46634  0.26236  2.58011  0.07879
     72   2.59054  0.28034  3.16795  2.06041     76 C - - :
          1.38629  1.38629  1.38629  1.38629
          0.04326  3.85514  3.85514  1.46634  0.26236  2.58011  0.07879
     73   2.65530  3.52690  0.15620  3.10242     77 G - - :
          1.38629  1.38629  1.38629  1.38629
          0.04326  3.85514  3.85514  1.46634  0.26236  2.58011  0.07879
     74   2.58643  0.28195  3.16390  2.05461     78 C - - :
          1.38629  1.38629  1.38629  1.38629
          0.04326  3.85514  3.85514  1.46634  0.26236  2.58011  0.07879
     75   2.65530  3.52690  0.15620  3.10242     79 G - - :
          1.38629  1.38629  1.38629  1.38629
          0.05573  3.85514  3.41006  1.46634  0.26236  2.58011  0.07879
     76   2.76329  0.21891  3.33835  2.32252     80 C - - :
          1.38629  1.38629  1.38629  1.38629
          0.04380  3.84320  3.84320  1.46634  0.26236  2.62170  0.07546
     77   2.54601  2.52092  3.06072  0.23021     81 U - - :
          1.38629  1.38629  1.38629  1.38629
          0.02214  3.82154        *  1.46634  0.26236  0.00000        *
//
