INFERNAL1/a [1.1.2 | July 2016]
NAME     at_nt_shob_ohsc_round5_0001
STATES   235
NODES    74
CLEN     77
W        95
ALPH     RNA
RF       no
CONS     yes
MAP      yes
DATE     Tue Dec 17 07:18:02 2019
COM      [1] cmbuild /home/co78wid/projects/master/results/ta_systems/shob_ohsc/2_structure_analysis/infernal_search/at_nt_shob_ohsc_cmbuild.txt /home/co78wid/projects/master/results/ta_systems/shob_ohsc/1_sequence_analysis/fold/at_nt_shob_ohsc_round5.stk
COM      [2] cmcalibrate --cpu 20 /home/co78wid/projects/master/results/ta_systems/shob_ohsc/2_structure_analysis/infernal_search/at_nt_shob_ohsc_cmbuild.txt
PBEGIN   0.05
PEND     0.05
WBETA    1e-07
QDBBETA1 1e-07
QDBBETA2 1e-15
N2OMEGA  1.52588e-05
N3OMEGA  1.52588e-05
ELSELF   -0.08926734
NSEQ     29
EFFN     1.539917
CKSUM    3983703196
NULL     0.000  0.000  0.000  0.000 
EFP7GF   -7.9513 0.71869
ECMLC    0.54761   -10.77030     0.28272     1600000      510348  0.002351
ECMGC    0.37161   -16.87242    -2.46753     1600000       84501  0.004734
ECMLI    0.47429    -9.20193     2.42724     1600000      298242  0.004024
ECMGI    0.41604   -10.06182     1.73647     1600000       54181  0.007383
CM
                                             [ ROOT    0 ]      -      - - - - -
     S     0    -1 0     1     4     1     1    95   115  -6.779  -6.986  -0.302  -2.540                 
    IL     1     1 2     1     4     2    32    98   119  -1.686  -2.369  -1.117  -4.855                  0.000  0.000  0.000  0.000 
    IR     2     2 3     2     3     2    32    97   118  -1.442  -0.798  -4.142                          0.000  0.000  0.000  0.000 
                                             [ MATL    1 ]      1      - G - - -
    ML     3     2 3     5     3     3    33    95   115  -7.596  -0.027  -6.250                         -0.807 -1.886  1.456 -1.272 
     D     4     2 3     5     3     0    26    92   113  -7.267  -2.780  -0.238                         
    IL     5     5 3     5     3     2    32    96   117  -1.442  -0.798  -4.142                          0.000  0.000  0.000  0.000 
                                             [ MATL    2 ]      2      - U - - -
    ML     6     5 3     8     3     2    33    94   114  -7.596  -0.027  -6.250                         -0.844 -0.962 -1.533  1.370 
     D     7     5 3     8     3     0    26    91   112  -7.267  -2.780  -0.238                         
    IL     8     8 3     8     3     2    31    95   116  -1.442  -0.798  -4.142                          0.000  0.000  0.000  0.000 
                                             [ MATL    3 ]      3      - U - - -
    ML     9     8 3    11     3     2    32    93   113  -7.596  -0.027  -6.250                         -0.844 -0.962 -1.533  1.370 
     D    10     8 3    11     3     0    25    90   111  -7.267  -2.780  -0.238                         
    IL    11    11 3    11     3     1    31    94   115  -1.442  -0.798  -4.142                          0.000  0.000  0.000  0.000 
                                             [ MATL    4 ]      4      - G - - -
    ML    12    11 3    14     3     2    32    92   112  -7.596  -0.027  -6.250                         -0.807 -1.886  1.456 -1.272 
     D    13    11 3    14     3     0    25    89   110  -7.267  -2.780  -0.238                         
    IL    14    14 3    14     3     1    30    93   114  -1.442  -0.798  -4.142                          0.000  0.000  0.000  0.000 
                                             [ MATL    5 ]      5      - A - - -
    ML    15    14 3    17     3     2    31    90   111  -7.596  -0.027  -6.250                          1.503 -1.651 -1.355 -1.132 
     D    16    14 3    17     3     0    25    88   109  -7.267  -2.780  -0.238                         
    IL    17    17 3    17     3     1    30    92   113  -1.442  -0.798  -4.142                          0.000  0.000  0.000  0.000 
                                             [ MATL    6 ]      6      - G - - -
    ML    18    17 3    20     3     2    31    89   110  -7.596  -0.027  -6.250                         -0.807 -1.886  1.456 -1.272 
     D    19    17 3    20     3     0    24    87   108  -7.267  -2.780  -0.238                         
    IL    20    20 3    20     3     1    30    91   112  -1.442  -0.798  -4.142                          0.000  0.000  0.000  0.000 
                                             [ MATL    7 ]      7      - G - - -
    ML    21    20 3    23     3     2    30    88   109  -7.596  -0.027  -6.250                         -0.807 -1.886  1.456 -1.272 
     D    22    20 3    23     3     0    24    86   107  -7.267  -2.780  -0.238                         
    IL    23    23 3    23     3     1    29    90   111  -1.442  -0.798  -4.142                          0.000  0.000  0.000  0.000 
                                             [ MATL    8 ]      8      - G - - -
    ML    24    23 3    26     3     2    29    87   108  -7.596  -0.027  -6.250                         -0.807 -1.886  1.456 -1.272 
     D    25    23 3    26     3     0    24    85   106  -7.267  -2.780  -0.238                         
    IL    26    26 3    26     3     1    29    89   110  -1.442  -0.798  -4.142                          0.000  0.000  0.000  0.000 
                                             [ MATL    9 ]      9      - U - - -
    ML    27    26 3    29     3     2    29    86   107  -7.596  -0.027  -6.250                         -0.844 -0.962 -1.533  1.370 
     D    28    26 3    29     3     0    23    84   105  -7.267  -2.780  -0.238                         
    IL    29    29 3    29     3     1    28    88   109  -1.442  -0.798  -4.142                          0.000  0.000  0.000  0.000 
                                             [ MATL   10 ]     10      - G - - -
    ML    30    29 3    32     3     2    28    85   106  -7.596  -0.027  -6.250                         -0.478 -1.657  1.310 -1.045 
     D    31    29 3    32     3     0    23    83   104  -7.267  -2.780  -0.238                         
    IL    32    32 3    32     3     1    27    87   108  -1.442  -0.798  -4.142                          0.000  0.000  0.000  0.000 
                                             [ MATL   11 ]     11      - C - - -
    ML    33    32 3    35     3     1    27    84   105  -7.596  -0.027  -6.250                         -0.905  1.290 -1.684 -0.495 
     D    34    32 3    35     3     0    23    83   103  -7.267  -0.681  -1.435                         
    IL    35    35 3    35     3     1    26    86   107  -1.442  -0.798  -4.142                          0.000  0.000  0.000  0.000 
                                             [ MATL   12 ]     12      - g - - -
    ML    36    35 3    38     3     1    26    83   104  -7.788  -0.023  -6.442                          0.297 -1.368  0.845 -0.767 
     D    37    35 3    38     3     0    21    82   102  -6.328  -1.394  -0.720                         
    IL    38    38 3    38     3     1    25    85   106  -1.442  -0.798  -4.142                          0.000  0.000  0.000  0.000 
                                             [ MATL   13 ]     13      - U - - -
    ML    39    38 3    41     3     1    26    82   103  -7.808  -0.023  -6.462                         -1.203 -1.250 -1.920  1.527 
     D    40    38 3    41     3     0    20    81   101  -6.174  -1.687  -0.566                         
    IL    41    41 3    41     3     1    25    84   105  -1.442  -0.798  -4.142                          0.000  0.000  0.000  0.000 
                                             [ MATL   14 ]     14      - G - - -
    ML    42    41 3    44     3     1    25    81   102  -7.808  -0.023  -6.462                         -1.247 -2.411  1.633 -1.796 
     D    43    41 3    44     3     0    19    80   100  -6.174  -1.687  -0.566                         
    IL    44    44 3    44     3     1    24    83   104  -1.442  -0.798  -4.142                          0.000  0.000  0.000  0.000 
                                             [ MATL   15 ]     15      - C - - -
    ML    45    44 3    47     3     1    24    80   100  -7.808  -0.023  -6.462                         -1.166  1.390 -1.973 -0.561 
     D    46    44 3    47     3     0    19    79    99  -6.174  -1.687  -0.566                         
    IL    47    47 3    47     3     1    23    82   102  -1.442  -0.798  -4.142                          0.000  0.000  0.000  0.000 
                                             [ MATL   16 ]     16      - U - - -
    ML    48    47 3    50     3     1    23    79    99  -7.808  -0.023  -6.462                         -0.976 -0.900 -1.698  1.405 
     D    49    47 3    50     3     0    18    77    98  -6.174  -1.687  -0.566                         
    IL    50    50 3    50     3     1    22    81   101  -1.442  -0.798  -4.142                          0.000  0.000  0.000  0.000 
                                             [ MATL   17 ]     17      - G - - -
    ML    51    50 3    53     3     1    23    78    98  -7.808  -0.023  -6.462                         -1.247 -2.411  1.633 -1.796 
     D    52    50 3    53     3     0    17    76    97  -6.174  -1.687  -0.566                         
    IL    53    53 3    53     3     1    22    80   100  -1.442  -0.798  -4.142                          0.000  0.000  0.000  0.000 
                                             [ MATL   18 ]     18      - C - - -
    ML    54    53 3    56     3     1    22    77    97  -7.808  -0.023  -6.462                         -1.369  1.506 -2.178 -0.860 
     D    55    53 3    56     3     0    16    75    96  -6.174  -1.687  -0.566                         
    IL    56    56 3    56     3     1    21    79    99  -1.442  -0.798  -4.142                          0.000  0.000  0.000  0.000 
                                             [ MATL   19 ]     19      - A - - -
    ML    57    56 3    59     3     1    21    76    96  -7.808  -0.023  -6.462                          1.642 -2.059 -1.722 -1.572 
     D    58    56 3    59     3     0    16    74    95  -6.174  -1.687  -0.566                         
    IL    59    59 3    59     3     1    20    78    98  -1.442  -0.798  -4.142                          0.000  0.000  0.000  0.000 
                                             [ MATL   20 ]     20      - C - - -
    ML    60    59 3    62     3     1    21    75    95  -7.808  -0.023  -6.462                         -1.369  1.506 -2.178 -0.860 
     D    61    59 3    62     3     0    15    73    94  -6.174  -1.687  -0.566                         
    IL    62    62 3    62     3     1    20    77    97  -1.442  -0.798  -4.142                          0.000  0.000  0.000  0.000 
                                             [ MATL   21 ]     21      - A - - -
    ML    63    62 3    65     3     1    20    74    94  -7.808  -0.023  -6.462                          1.415 -1.472 -1.342 -0.788 
     D    64    62 3    65     3     0    15    72    93  -6.174  -1.687  -0.566                         
    IL    65    65 3    65     3     1    19    76    96  -1.442  -0.798  -4.142                          0.000  0.000  0.000  0.000 
                                             [ MATL   22 ]     22      - A - - -
    ML    66    65 3    68     3     1    19    73    93  -7.808  -0.023  -6.462                          1.642 -2.059 -1.722 -1.572 
     D    67    65 3    68     3     0    14    71    92  -6.174  -1.687  -0.566                         
    IL    68    68 3    68     3     1    18    75    95  -1.442  -0.798  -4.142                          0.000  0.000  0.000  0.000 
                                             [ MATL   23 ]     23      - A - - -
    ML    69    68 3    71     3     1    19    72    92  -7.808  -0.023  -6.462                          1.642 -2.059 -1.722 -1.572 
     D    70    68 3    71     3     0    13    70    91  -6.174  -1.687  -0.566                         
    IL    71    71 3    71     3     1    17    74    94  -1.442  -0.798  -4.142                          0.000  0.000  0.000  0.000 
                                             [ MATL   24 ]     24      - A - - -
    ML    72    71 3    74     3     1    18    71    91  -7.808  -0.023  -6.462                          1.642 -2.059 -1.722 -1.572 
     D    73    71 3    74     3     0    13    69    89  -6.174  -1.687  -0.566                         
    IL    74    74 3    74     3     1    17    73    93  -1.442  -0.798  -4.142                          0.000  0.000  0.000  0.000 
                                             [ MATL   25 ]     25      - U - - -
    ML    75    74 3    77     3     1    17    70    90  -7.808  -0.023  -6.462                         -1.203 -1.250 -1.920  1.527 
     D    76    74 3    77     3     0    12    68    88  -6.174  -1.687  -0.566                         
    IL    77    77 3    77     3     1    16    71    92  -1.442  -0.798  -4.142                          0.000  0.000  0.000  0.000 
                                             [ MATL   26 ]     26      - U - - -
    ML    78    77 3    80     3     1    17    69    89  -7.808  -0.023  -6.462                         -1.203 -1.250 -1.920  1.527 
     D    79    77 3    80     3     0    11    67    87  -6.174  -1.687  -0.566                         
    IL    80    80 3    80     3     1    16    70    91  -1.442  -0.798  -4.142                          0.000  0.000  0.000  0.000 
                                             [ MATL   27 ]     27      - A - - -
    ML    81    80 3    83     3     1    16    68    88  -7.808  -0.023  -6.462                          1.642 -2.059 -1.722 -1.572 
     D    82    80 3    83     3     0    11    66    86  -6.174  -1.687  -0.566                         
    IL    83    83 3    83     3     1    15    69    90  -1.442  -0.798  -4.142                          0.000  0.000  0.000  0.000 
                                             [ MATL   28 ]     28      - A - - -
    ML    84    83 3    86     3     1    15    67    87  -7.808  -0.023  -6.462                          1.642 -2.059 -1.722 -1.572 
     D    85    83 3    86     3     0    10    65    85  -6.174  -1.687  -0.566                         
    IL    86    86 3    86     3     1    14    68    89  -1.442  -0.798  -4.142                          0.000  0.000  0.000  0.000 
                                             [ MATL   29 ]     29      - A - - -
    ML    87    86 3    89     3     1    15    66    86  -7.808  -0.023  -6.462                          1.642 -2.059 -1.722 -1.572 
     D    88    86 3    89     3     0     9    64    84  -6.174  -1.687  -0.566                         
    IL    89    89 3    89     3     1    14    67    88  -1.442  -0.798  -4.142                          0.000  0.000  0.000  0.000 
                                             [ MATL   30 ]     30      - G - - -
    ML    90    89 3    92     3     1    14    64    84  -7.808  -0.023  -6.462                         -1.247 -2.411  1.633 -1.796 
     D    91    89 3    92     3     0     9    63    83  -6.174  -1.687  -0.566                         
    IL    92    92 3    92     3     1    13    66    87  -1.442  -0.798  -4.142                          0.000  0.000  0.000  0.000 
                                             [ MATL   31 ]     31      - U - - -
    ML    93    92 3    95     3     1    13    63    83  -7.808  -0.023  -6.462                         -1.203 -1.250 -1.920  1.527 
     D    94    92 3    95     3     0     8    62    82  -6.174  -1.687  -0.566                         
    IL    95    95 3    95     3     1    12    65    86  -1.442  -0.798  -4.142                          0.000  0.000  0.000  0.000 
                                             [ MATL   32 ]     32      - U - - -
    ML    96    95 3    98     3     1    12    62    82  -7.808  -0.043  -5.325                         -1.203 -1.250 -1.920  1.527 
     D    97    95 3    98     3     0     8    61    81  -6.174  -1.687  -0.566                         
    IL    98    98 3    98     3     1    12    64    84  -1.442  -0.798  -4.142                          0.000  0.000  0.000  0.000 
                                             [ MATL   33 ]     33      - a - - -
    ML    99    98 3   101     3     1    12    61    81  -7.788  -0.023  -6.442                          0.718 -1.243  0.374 -0.652 
     D   100    98 3   101     3     0     7    60    80  -6.328  -1.394  -0.720                         
    IL   101   101 3   101     3     1    11    63    83  -1.442  -0.798  -4.142                          0.000  0.000  0.000  0.000 
                                             [ MATL   34 ]     34      - u - - -
    ML   102   101 3   104     3     1    12    60    80  -7.808  -0.023  -6.462                          0.450 -0.546 -0.938  0.513 
     D   103   101 3   104     3     0     6    59    79  -6.174  -1.687  -0.566                         
    IL   104   104 3   104     3     1    10    62    82  -1.442  -0.798  -4.142                          0.000  0.000  0.000  0.000 
                                             [ MATL   35 ]     35      - A - - -
    ML   105   104 3   107     3     1    11    59    79  -7.808  -0.023  -6.462                          1.642 -2.059 -1.722 -1.572 
     D   106   104 3   107     3     0     6    58    78  -6.174  -1.687  -0.566                         
    IL   107   107 3   107     3     1    10    61    81  -1.442  -0.798  -4.142                          0.000  0.000  0.000  0.000 
                                             [ MATL   36 ]     36      - A - - -
    ML   108   107 3   110     3     1    10    58    78  -7.808  -0.023  -6.462                          1.642 -2.059 -1.722 -1.572 
     D   109   107 3   110     3     0     5    57    77  -6.174  -1.687  -0.566                         
    IL   110   110 3   110     3     1     9    60    80  -1.442  -0.798  -4.142                          0.000  0.000  0.000  0.000 
                                             [ MATL   37 ]     37      - A - - -
    ML   111   110 3   113     3     1    10    57    77  -7.808  -0.023  -6.462                          1.642 -2.059 -1.722 -1.572 
     D   112   110 3   113     3     0     4    56    76  -6.174  -1.687  -0.566                         
    IL   113   113 3   113     3     1     9    59    79  -1.442  -0.798  -4.142                          0.000  0.000  0.000  0.000 
                                             [ MATL   38 ]     38      - G - - -
    ML   114   113 3   116     3     1     9    56    76  -7.808  -0.023  -6.462                         -0.640 -1.969  1.441 -1.364 
     D   115   113 3   116     3     0     4    54    74  -6.174  -1.687  -0.566                         
    IL   116   116 3   116     3     1     8    58    78  -1.442  -0.798  -4.142                          0.000  0.000  0.000  0.000 
                                             [ MATL   39 ]     39      - U - - -
    ML   117   116 3   119     3     1     8    55    75  -3.552  -0.147  -6.462                         -1.203 -1.250 -1.920  1.527 
     D   118   116 3   119     3     0     3    53    73  -6.174  -1.687  -0.566                         
    IL   119   119 3   119     3     1     8    56    75  -1.666  -0.652  -4.366                          0.000  0.000  0.000  0.000 
                                             [ MATL   40 ]     41      - A - - -
    ML   120   119 3   122     3     1     8    54    73  -7.808  -0.023  -6.462                          1.642 -2.059 -1.722 -1.572 
     D   121   119 3   122     3     0     3    52    72  -6.174  -1.687  -0.566                         
    IL   122   122 3   122     3     1     7    56    75  -1.442  -0.798  -4.142                          0.000  0.000  0.000  0.000 
                                             [ MATL   41 ]     42      - A - - -
    ML   123   122 3   125     3     1     7    52    72  -7.808  -0.023  -6.462                          1.642 -2.059 -1.722 -1.572 
     D   124   122 3   125     3     0     2    51    71  -6.174  -1.687  -0.566                         
    IL   125   125 3   125     3     1     6    54    74  -1.442  -0.798  -4.142                          0.000  0.000  0.000  0.000 
                                             [ MATL   42 ]     43      - A - - -
    ML   126   125 3   128     3     1     6    51    71  -7.808  -0.023  -6.462                          1.264 -1.009 -1.159 -0.612 
     D   127   125 3   128     3     0     2    50    70  -6.174  -1.687  -0.566                         
    IL   128   128 3   128     3     1     5    53    73  -1.442  -0.798  -4.142                          0.000  0.000  0.000  0.000 
                                             [ MATL   43 ]     44      - A - - -
    ML   129   128 3   131     3     1     6    50    70  -7.808  -0.023  -6.462                          1.227 -0.808 -1.139 -0.656 
     D   130   128 3   131     3     0     1    49    69  -6.174  -1.687  -0.566                         
    IL   131   131 3   131     3     1     5    52    72  -1.442  -0.798  -4.142                          0.000  0.000  0.000  0.000 
                                             [ MATL   44 ]     45      - C - - -
    ML   132   131 3   134     3     1     5    49    69  -8.209  -0.039  -5.413                         -1.369  1.506 -2.178 -0.860 
     D   133   131 3   134     3     0     1    48    68  -5.620  -0.734  -1.403                         
    IL   134   134 3   134     3     1     4    50    70  -1.925  -0.554  -4.164                          0.000  0.000  0.000  0.000 
                                             [ MATR   45 ]      -     78 - U - -
    MR   135   134 3   137     3     1     5    48    68  -8.191  -0.021  -6.509                         -1.168 -1.222 -1.883  1.514 
     D   136   134 3   137     3     0     0    47    66  -6.521  -1.699  -0.554                         
    IR   137   137 3   137     3     1     3    49    69  -1.925  -0.554  -4.164                          0.000  0.000  0.000  0.000 
                                             [ MATR   46 ]      -     77 - U - -
    MR   138   137 3   140     3     1     4    47    67  -8.191  -0.021  -6.509                         -1.168 -1.222 -1.883  1.514 
     D   139   137 3   140     3     0     0    46    65  -6.521  -1.699  -0.554                         
    IR   140   140 3   140     3     1     3    48    68  -1.925  -0.554  -4.164                          0.000  0.000  0.000  0.000 
                                             [ MATR   47 ]      -     76 - U - -
    MR   141   140 3   143     3     1     4    46    66  -8.191  -0.021  -6.509                         -1.168 -1.222 -1.883  1.514 
     D   142   140 3   143     3     0     0    45    64  -6.521  -1.699  -0.554                         
    IR   143   143 3   143     3     1     2    47    67  -1.925  -0.554  -4.164                          0.000  0.000  0.000  0.000 
                                             [ MATR   48 ]      -     75 - C - -
    MR   144   143 3   146     3     1     3    45    65  -8.191  -0.021  -6.509                         -1.324  1.489 -2.130 -0.824 
     D   145   143 3   146     3     0     0    44    63  -6.521  -1.699  -0.554                         
    IR   146   146 3   146     3     1     2    46    66  -1.925  -0.554  -4.164                          0.000  0.000  0.000  0.000 
                                             [ MATR   49 ]      -     74 - A - -
    MR   147   146 3   149     3     1     3    44    64  -8.191  -0.021  -6.509                          1.631 -2.020 -1.687 -1.530 
     D   148   146 3   149     3     0     0    43    62  -6.521  -1.699  -0.554                         
    IR   149   149 3   149     3     1     2    45    65  -1.925  -0.554  -4.164                          0.000  0.000  0.000  0.000 
                                             [ MATR   50 ]      -     73 - U - -
    MR   150   149 3   152     3     1     3    43    63  -8.191  -0.021  -6.509                         -1.168 -1.222 -1.883  1.514 
     D   151   149 3   152     3     0     0    42    61  -6.521  -1.699  -0.554                         
    IR   152   152 3   152     3     1     2    44    64  -1.925  -0.554  -4.164                          0.000  0.000  0.000  0.000 
                                             [ MATR   51 ]      -     72 - U - -
    MR   153   152 3   155     3     1     2    42    62  -8.191  -0.021  -6.509                         -1.168 -1.222 -1.883  1.514 
     D   154   152 3   155     3     0     0    41    60  -6.521  -1.699  -0.554                         
    IR   155   155 3   155     3     1     1    43    63  -1.925  -0.554  -4.164                          0.000  0.000  0.000  0.000 
                                             [ MATR   52 ]      -     71 - U - -
    MR   156   155 3   158     3     1     1    41    61  -8.191  -0.063  -4.681                         -1.168 -1.222 -1.883  1.514 
     D   157   155 3   158     3     0     0    40    59  -6.521  -1.699  -0.554                         
    IR   158   158 3   158     3     1     1    42    62  -1.925  -0.554  -4.164                          0.000  0.000  0.000  0.000 
                                             [ MATR   53 ]      -     70 - U - -
    MR   159   158 3   161     3     1     1    40    60  -8.150  -0.084  -4.236                         -0.638 -0.848 -1.166  1.236 
     D   160   158 3   161     3     0     0    39    58  -6.772  -1.562  -0.617                         
    IR   161   161 3   161     3     1     1    41    61  -1.925  -0.554  -4.164                          0.000  0.000  0.000  0.000 
                                             [ MATR   54 ]      -     69 - G - -
    MR   162   161 3   164     3     1     1    39    59  -8.110  -0.092  -4.111                         -1.020 -2.143  1.553 -1.527 
     D   163   161 3   164     3     0     0    38    57  -6.976  -0.840  -1.206                         
    IR   164   164 3   164     3     1     1    40    60  -1.925  -0.554  -4.164                          0.000  0.000  0.000  0.000 
                                             [ MATR   55 ]      -     68 - G - -
    MR   165   164 3   167     5     1     1    38    58  -6.899  -0.045  -6.714  -6.927  -7.818         -1.101 -2.239  1.584 -1.623 
     D   166   164 3   167     5     0     0    37    57  -5.594  -0.573  -3.220  -4.651  -2.645         
    IR   167   167 3   167     5     1     1    39    58  -2.408  -0.496  -5.920  -4.087  -5.193          0.000  0.000  0.000  0.000 
                                             [ MATP   56 ]     46     67 C G - -
    MP   168   167 3   172     6     2     2    37    57  -9.045  -8.985  -0.022  -7.761  -8.041  -8.436 -4.238 -4.114 -3.979 -0.378 -2.770 -4.431  3.442 -3.548 -4.020 -0.087 -4.312 -2.058  0.773 -4.327 -0.470 -2.871 
    ML   169   167 3   172     6     1     1    36    56  -6.250  -6.596  -1.310  -1.005  -6.446  -3.975  0.368 -0.385 -0.191  0.094 
    MR   170   167 3   172     6     1     1    36    55  -6.988  -5.717  -1.625  -5.695  -0.829  -3.908  0.368 -0.385 -0.191  0.094 
     D   171   167 3   172     6     0     0    34    53  -9.049  -7.747  -3.544  -4.226  -4.244  -0.319 
    IL   172   172 5   172     6     1     1    37    57  -2.579  -2.842  -0.760  -4.497  -5.274  -4.934  0.000  0.000  0.000  0.000 
    IR   173   173 6   173     5     1     1    37    56  -2.408  -0.496  -5.920  -4.087  -5.193          0.000  0.000  0.000  0.000 
                                             [ MATP   57 ]     47     66 C G - -
    MP   174   173 6   178     6     2     2    35    55  -9.045  -8.985  -0.022  -7.761  -8.041  -8.436 -4.238 -4.114 -3.979 -0.378 -2.770 -4.431  3.442 -3.548 -4.020 -0.087 -4.312 -2.058  0.773 -4.327 -0.470 -2.871 
    ML   175   173 6   178     6     1     1    35    54  -6.250  -6.596  -1.310  -1.005  -6.446  -3.975  0.368 -0.385 -0.191  0.094 
    MR   176   173 6   178     6     1     1    34    54  -6.988  -5.717  -1.625  -5.695  -0.829  -3.908  0.368 -0.385 -0.191  0.094 
     D   177   173 6   178     6     0     0    33    52  -9.049  -7.747  -3.544  -4.226  -4.244  -0.319 
    IL   178   178 5   178     6     1     1    35    55  -2.579  -2.842  -0.760  -4.497  -5.274  -4.934  0.000  0.000  0.000  0.000 
    IR   179   179 6   179     5     1     1    35    54  -2.408  -0.496  -5.920  -4.087  -5.193          0.000  0.000  0.000  0.000 
                                             [ MATP   58 ]     48     65 C G - -
    MP   180   179 6   184     4     2     2    33    53  -6.779  -6.986  -0.236  -2.902                 -4.238 -4.114 -3.979 -0.378 -2.770 -4.431  3.442 -3.548 -4.020 -0.087 -4.312 -2.058  0.773 -4.327 -0.470 -2.871 
    ML   181   179 6   184     4     1     1    34    53  -3.758  -3.940  -0.507  -2.670                  0.368 -0.385 -0.191  0.094 
    MR   182   179 6   184     4     1     1    33    53  -4.809  -3.838  -1.706  -0.766                  0.368 -0.385 -0.191  0.094 
     D   183   179 6   184     4     0     0    32    52  -4.568  -4.250  -2.265  -0.520                 
    IL   184   184 5   184     4     1     1    35    55  -1.686  -2.369  -1.117  -4.855                  0.000  0.000  0.000  0.000 
    IR   185   185 6   185     3     1     1    34    54  -1.442  -0.798  -4.142                          0.000  0.000  0.000  0.000 
                                             [ MATL   59 ]     49      - C - - -
    ML   186   185 6   188     5     1     1    31    50  -6.826  -0.047  -6.642  -6.854  -7.746         -0.679  1.011 -1.457 -0.007 
     D   187   185 6   188     5     0     0    30    49  -5.518  -0.494  -4.780  -3.154  -3.067         
    IL   188   188 3   188     5     1     1    31    51  -2.408  -0.496  -4.087  -5.920  -5.193          0.000  0.000  0.000  0.000 
                                             [ MATP   60 ]     50     64 G C - -
    MP   189   188 3   193     4     2     2    30    49  -6.779  -6.986  -0.060  -5.400                 -4.440 -2.951 -4.516  0.397 -4.807 -4.572 -0.245 -4.734 -4.124  3.557 -4.484 -0.641 -0.640 -4.268 -2.267 -3.398 
    ML   190   188 3   193     4     1     1    30    50  -3.758  -3.940  -0.507  -2.670                  0.368 -0.385 -0.191  0.094 
    MR   191   188 3   193     4     1     1    30    49  -4.809  -3.838  -1.706  -0.766                  0.368 -0.385 -0.191  0.094 
     D   192   188 3   193     4     0     0    29    48  -4.568  -4.250  -2.265  -0.520                 
    IL   193   193 5   193     4     1     1    32    51  -1.686  -2.369  -1.117  -4.855                  0.000  0.000  0.000  0.000 
    IR   194   194 6   194     3     1     1    31    50  -1.442  -0.798  -4.142                          0.000  0.000  0.000  0.000 
                                             [ MATL   61 ]     51      - U - - -
    ML   195   194 6   197     3     1     1    27    46  -7.808  -0.023  -6.462                         -1.203 -1.250 -1.920  1.527 
     D   196   194 6   197     3     0     0    26    45  -6.174  -1.687  -0.566                         
    IL   197   197 3   197     3     1     1    30    49  -1.442  -0.798  -4.142                          0.000  0.000  0.000  0.000 
                                             [ MATL   62 ]     52      - U - - -
    ML   198   197 3   200     3     1     1    26    45  -8.209  -0.021  -6.527                         -1.203 -1.250 -1.920  1.527 
     D   199   197 3   200     3     0     0    25    44  -5.620  -0.734  -1.403                         
    IL   200   200 3   200     3     1     1    27    46  -1.925  -0.554  -4.164                          0.000  0.000  0.000  0.000 
                                             [ MATR   63 ]      -     63 - U - -
    MR   201   200 3   203     3     1     1    25    44  -8.209  -0.021  -6.527                         -1.203 -1.250 -1.920  1.527 
     D   202   200 3   203     3     0     0    24    43  -6.390  -1.568  -0.620                         
    IR   203   203 3   203     3     1     1    26    45  -1.925  -0.554  -4.164                          0.000  0.000  0.000  0.000 
                                             [ MATR   64 ]      -     62 - U - -
    MR   204   203 3   206     5     1     1    24    43  -6.958  -0.043  -6.773  -6.986  -7.877         -1.203 -1.250 -1.920  1.527 
     D   205   203 3   206     5     0     0    23    42  -5.352  -0.707  -2.978  -4.409  -2.404         
    IR   206   206 3   206     5     1     1    25    44  -2.408  -0.496  -5.920  -4.087  -5.193          0.000  0.000  0.000  0.000 
                                             [ MATP   65 ]     53     61 C G - -
    MP   207   206 3   211     4     2     2    23    42  -6.779  -6.986  -0.060  -5.400                 -4.238 -4.114 -3.979 -0.378 -2.770 -4.431  3.442 -3.548 -4.020 -0.087 -4.312 -2.058  0.773 -4.327 -0.470 -2.871 
    ML   208   206 3   211     4     1     1    24    43  -3.758  -3.940  -0.507  -2.670                  0.368 -0.385 -0.191  0.094 
    MR   209   206 3   211     4     1     1    23    42  -4.809  -3.838  -1.706  -0.766                  0.368 -0.385 -0.191  0.094 
     D   210   206 3   211     4     0     0    22    41  -4.568  -4.250  -2.265  -0.520                 
    IL   211   211 5   211     4     1     1    25    44  -1.686  -2.369  -1.117  -4.855                  0.000  0.000  0.000  0.000 
    IR   212   212 6   212     3     1     1    24    43  -1.442  -0.798  -4.142                          0.000  0.000  0.000  0.000 
                                             [ MATL   66 ]     54      - C - - -
    ML   213   212 6   215     3     1     1    20    39  -7.808  -0.023  -6.462                         -1.369  1.506 -2.178 -0.860 
     D   214   212 6   215     3     0     0    19    38  -6.174  -1.687  -0.566                         
    IL   215   215 3   215     3     1     1    23    42  -1.442  -0.798  -4.142                          0.000  0.000  0.000  0.000 
                                             [ MATL   67 ]     55      - U - - -
    ML   216   215 3   218     3     1     1    19    38  -7.808  -0.023  -6.462                         -1.203 -1.250 -1.920  1.527 
     D   217   215 3   218     3     0     0    18    37  -6.174  -1.687  -0.566                         
    IL   218   218 3   218     3     1     1    22    41  -1.442  -0.798  -4.142                          0.000  0.000  0.000  0.000 
                                             [ MATL   68 ]     56      - U - - -
    ML   219   218 3   221     3     1     1    18    36  -7.808  -0.023  -6.462                         -1.203 -1.250 -1.920  1.527 
     D   220   218 3   221     3     0     0    17    36  -6.174  -1.687  -0.566                         
    IL   221   221 3   221     3     1     1    21    40  -1.442  -0.798  -4.142                          0.000  0.000  0.000  0.000 
                                             [ MATL   69 ]     57      - A - - -
    ML   222   221 3   224     3     1     1    16    35  -7.808  -0.023  -6.462                          1.642 -2.059 -1.722 -1.572 
     D   223   221 3   224     3     0     0    16    34  -6.174  -1.687  -0.566                         
    IL   224   224 3   224     3     1     1    20    38  -1.442  -0.798  -4.142                          0.000  0.000  0.000  0.000 
                                             [ MATL   70 ]     58      - C - - -
    ML   225   224 3   227     3     1     1    15    33  -7.808  -0.023  -6.462                         -1.369  1.506 -2.178 -0.860 
     D   226   224 3   227     3     0     0    15    33  -6.174  -1.687  -0.566                         
    IL   227   227 3   227     3     1     1    19    37  -1.442  -0.798  -4.142                          0.000  0.000  0.000  0.000 
                                             [ MATL   71 ]     59      - C - - -
    ML   228   227 3   230     3     1     1    13    32  -7.808  -0.023  -6.462                         -1.369  1.506 -2.178 -0.860 
     D   229   227 3   230     3     0     0    13    32  -6.174  -1.687  -0.566                         
    IL   230   230 3   230     3     1     1    18    36  -1.442  -0.798  -4.142                          0.000  0.000  0.000  0.000 
                                             [ MATL   72 ]     60      - A - - -
    ML   231   230 3   233     2     1     1     1     1       *   0.000                                  1.489 -1.481 -1.414 -1.120 
     D   232   230 3   233     2     0     0     0     0       *   0.000                                 
    IL   233   233 3   233     2     1     1    13    28  -1.823  -0.479                                  0.000  0.000  0.000  0.000 
                                             [ END    73 ]      -      - - - - -
     E   234   233 3    -1     0     0     0     0     0                                                 
//
HMMER3/f [3.1b3 | July 2016]
NAME  at_nt_shob_ohsc_round5_0001
LENG  77
MAXL  168
ALPH  RNA
RF    no
MM    no
CONS  yes
CS    yes
MAP   yes
DATE  Tue Dec 17 07:18:02 2019
COM   [1] cmbuild /home/co78wid/projects/master/results/ta_systems/shob_ohsc/2_structure_analysis/infernal_search/at_nt_shob_ohsc_cmbuild.txt /home/co78wid/projects/master/results/ta_systems/shob_ohsc/1_sequence_analysis/fold/at_nt_shob_ohsc_round5.stk
NSEQ  29
EFFN  1.667358
CKSUM 3983703196
STATS LOCAL MSV       -8.1668  0.71869
STATS LOCAL VITERBI   -9.4475  0.71869
STATS LOCAL FORWARD   -3.1807  0.71869
HMM          A        C        G        U   
            m->m     m->i     m->d     i->m     i->i     d->m     d->d
  COMPO   1.28081  1.56903  1.49324  1.24030
          1.38629  1.38629  1.38629  1.38629
          0.22131  3.80610  1.73557  1.46634  0.26236  0.00000        *
      1   2.00616  2.76663  0.34768  2.34030      1 G - - :
          1.38629  1.38629  1.38629  1.38629
          0.05400  3.63879  3.63879  1.46634  0.26236  2.29546  0.10616
      2   2.02007  2.09176  2.50236  0.41250      2 U - - :
          1.38629  1.38629  1.38629  1.38629
          0.05400  3.63879  3.63879  1.46634  0.26236  2.29546  0.10616
      3   2.02007  2.09176  2.50236  0.41250      3 U - - :
          1.38629  1.38629  1.38629  1.38629
          0.05400  3.63879  3.63879  1.46634  0.26236  2.29546  0.10616
      4   2.00616  2.76663  0.34768  2.34030      4 G - - :
          1.38629  1.38629  1.38629  1.38629
          0.05400  3.63879  3.63879  1.46634  0.26236  2.29546  0.10616
      5   0.32238  2.58710  2.37607  2.23100      5 A - - :
          1.38629  1.38629  1.38629  1.38629
          0.05400  3.63879  3.63879  1.46634  0.26236  2.29546  0.10616
      6   2.00616  2.76663  0.34768  2.34030      6 G - - :
          1.38629  1.38629  1.38629  1.38629
          0.05400  3.63879  3.63879  1.46634  0.26236  2.29546  0.10616
      7   2.00616  2.76663  0.34768  2.34030      7 G - - :
          1.38629  1.38629  1.38629  1.38629
          0.05400  3.63879  3.63879  1.46634  0.26236  2.29546  0.10616
      8   2.00616  2.76663  0.34768  2.34030      8 G - - :
          1.38629  1.38629  1.38629  1.38629
          0.05400  3.63879  3.63879  1.46634  0.26236  2.29546  0.10616
      9   2.02007  2.09176  2.50236  0.41250      9 U - - :
          1.38629  1.38629  1.38629  1.38629
          0.05400  3.63879  3.63879  1.46634  0.26236  2.29546  0.10616
     10   1.75537  2.58977  0.45030  2.16560     10 G - - :
          1.38629  1.38629  1.38629  1.38629
          0.05400  3.63879  3.63879  1.46634  0.26236  2.29546  0.10616
     11   2.07575  0.45768  2.62006  1.77793     11 C - - :
          1.38629  1.38629  1.38629  1.38629
          0.05400  3.63879  3.63879  1.46634  0.26236  0.31607  1.30566
     12   1.18279  2.36871  0.78063  1.95293     12 g - - :
          1.38629  1.38629  1.38629  1.38629
          0.04621  3.79063  3.79063  1.46634  0.26236  0.78068  0.61267
     13   2.28555  2.30634  2.78683  0.30511     13 U - - :
          1.38629  1.38629  1.38629  1.38629
          0.04549  3.80610  3.80610  1.46634  0.26236  1.09861  0.40547
     14   2.32874  3.14946  0.23059  2.72352     14 G - - :
          1.38629  1.38629  1.38629  1.38629
          0.04549  3.80610  3.80610  1.46634  0.26236  1.09861  0.40547
     15   2.26357  0.39296  2.82708  1.82151     15 C - - :
          1.38629  1.38629  1.38629  1.38629
          0.04549  3.80610  3.80610  1.46634  0.26236  1.09861  0.40547
     16   2.11207  2.04148  2.61475  0.39158     16 U - - :
          1.38629  1.38629  1.38629  1.38629
          0.04549  3.80610  3.80610  1.46634  0.26236  1.09861  0.40547
     17   2.32874  3.14946  0.23059  2.72352     17 G - - :
          1.38629  1.38629  1.38629  1.38629
          0.04549  3.80610  3.80610  1.46634  0.26236  1.09861  0.40547
     18   2.42140  0.31195  2.98586  2.05038     18 C - - :
          1.38629  1.38629  1.38629  1.38629
          0.04549  3.80610  3.80610  1.46634  0.26236  1.09861  0.40547
     19   0.22863  2.88640  2.64575  2.55559     19 A - - :
          1.38629  1.38629  1.38629  1.38629
          0.04549  3.80610  3.80610  1.46634  0.26236  1.09861  0.40547
     20   2.42140  0.31195  2.98586  2.05038     20 C - - :
          1.38629  1.38629  1.38629  1.38629
          0.04549  3.80610  3.80610  1.46634  0.26236  1.09861  0.40547
     21   0.38754  2.44586  2.35726  1.96649     21 A - - :
          1.38629  1.38629  1.38629  1.38629
          0.04549  3.80610  3.80610  1.46634  0.26236  1.09861  0.40547
     22   0.22863  2.88640  2.64575  2.55559     22 A - - :
          1.38629  1.38629  1.38629  1.38629
          0.04549  3.80610  3.80610  1.46634  0.26236  1.09861  0.40547
     23   0.22863  2.88640  2.64575  2.55559     23 A - - :
          1.38629  1.38629  1.38629  1.38629
          0.04549  3.80610  3.80610  1.46634  0.26236  1.09861  0.40547
     24   0.22863  2.88640  2.64575  2.55559     24 A - - :
          1.38629  1.38629  1.38629  1.38629
          0.04549  3.80610  3.80610  1.46634  0.26236  1.09861  0.40547
     25   2.28555  2.30634  2.78683  0.30511     25 U - - :
          1.38629  1.38629  1.38629  1.38629
          0.04549  3.80610  3.80610  1.46634  0.26236  1.09861  0.40547
     26   2.28555  2.30634  2.78683  0.30511     26 U - - :
          1.38629  1.38629  1.38629  1.38629
          0.04549  3.80610  3.80610  1.46634  0.26236  1.09861  0.40547
     27   0.22863  2.88640  2.64575  2.55559     27 A - - :
          1.38629  1.38629  1.38629  1.38629
          0.04549  3.80610  3.80610  1.46634  0.26236  1.09861  0.40547
     28   0.22863  2.88640  2.64575  2.55559     28 A - - :
          1.38629  1.38629  1.38629  1.38629
          0.04549  3.80610  3.80610  1.46634  0.26236  1.09861  0.40547
     29   0.22863  2.88640  2.64575  2.55559     29 A - - :
          1.38629  1.38629  1.38629  1.38629
          0.04549  3.80610  3.80610  1.46634  0.26236  1.09861  0.40547
     30   2.32874  3.14946  0.23059  2.72352     30 G - - :
          1.38629  1.38629  1.38629  1.38629
          0.04549  3.80610  3.80610  1.46634  0.26236  1.09861  0.40547
     31   2.28555  2.30634  2.78683  0.30511     31 U - - :
          1.38629  1.38629  1.38629  1.38629
          0.04549  3.80610  3.80610  1.46634  0.26236  1.09861  0.40547
     32   2.28555  2.30634  2.78683  0.30511     32 U - - :
          1.38629  1.38629  1.38629  1.38629
          0.06169  3.80610  3.28097  1.46634  0.26236  1.09861  0.40547
     33   0.88000  2.27663  1.11432  1.86789     33 a - - :
          1.38629  1.38629  1.38629  1.38629
          0.04621  3.79063  3.79063  1.46634  0.26236  0.78068  0.61267
     34   1.06962  1.77285  2.05240  1.02559     34 u - - :
          1.38629  1.38629  1.38629  1.38629
          0.04549  3.80610  3.80610  1.46634  0.26236  1.09861  0.40547
     35   0.22863  2.88640  2.64575  2.55559     35 A - - :
          1.38629  1.38629  1.38629  1.38629
          0.04549  3.80610  3.80610  1.46634  0.26236  1.09861  0.40547
     36   0.22863  2.88640  2.64575  2.55559     36 A - - :
          1.38629  1.38629  1.38629  1.38629
          0.04549  3.80610  3.80610  1.46634  0.26236  1.09861  0.40547
     37   0.22863  2.88640  2.64575  2.55559     37 A - - :
          1.38629  1.38629  1.38629  1.38629
          0.04549  3.80610  3.80610  1.46634  0.26236  1.09861  0.40547
     38   1.87115  2.81491  0.36361  2.39712     38 G - - :
          1.38629  1.38629  1.38629  1.38629
          0.04549  3.80610  3.80610  1.46634  0.26236  1.09861  0.40547
     39   2.28555  2.30634  2.78683  0.30511     39 U - - :
          1.38629  1.38629  1.38629  1.38629
          0.14585  2.17613  3.80610  0.35431  1.20952  1.09861  0.40547
     40   0.22863  2.88640  2.64575  2.55559     41 A - - :
          1.38629  1.38629  1.38629  1.38629
          0.04549  3.80610  3.80610  1.46634  0.26236  1.09861  0.40547
     41   0.22863  2.88640  2.64575  2.55559     42 A - - :
          1.38629  1.38629  1.38629  1.38629
          0.04549  3.80610  3.80610  1.46634  0.26236  1.09861  0.40547
     42   0.49392  2.10305  2.22041  1.83807     43 A - - :
          1.38629  1.38629  1.38629  1.38629
          0.04549  3.80610  3.80610  1.46634  0.26236  1.09861  0.40547
     43   0.51830  1.95873  2.20723  1.87452     44 A - - :
          1.38629  1.38629  1.38629  1.38629
          0.04549  3.80610  3.80610  1.46634  0.26236  1.09861  0.40547
     44   2.42140  0.31195  2.98586  2.05038     45 C - - :
          1.38629  1.38629  1.38629  1.38629
          0.04549  3.80610  3.80610  1.46634  0.26236  1.09861  0.40547
     45   2.81361  0.34967  2.56109  1.84596     46 C - - <
          1.38629  1.38629  1.38629  1.38629
          0.04549  3.80610  3.80610  1.46634  0.26236  1.09861  0.40547
     46   2.82996  0.34698  2.56792  1.84851     47 C - - <
          1.38629  1.38629  1.38629  1.38629
          0.04549  3.80610  3.80610  1.46634  0.26236  1.09861  0.40547
     47   2.83790  0.34569  2.57121  1.84974     48 C - - <
          1.38629  1.38629  1.38629  1.38629
          0.17299  3.80610  1.99056  1.46634  0.26236  1.09861  0.40547
     48   1.89583  0.65766  2.43954  1.40835     49 C - - -
          1.38629  1.38629  1.38629  1.38629
          0.05152  3.68463  3.68463  1.46634  0.26236  0.28179  1.40419
     49   2.35257  2.85969  0.23960  2.80271     50 G - - <
          1.38629  1.38629  1.38629  1.38629
          0.04549  3.80610  3.80610  1.46634  0.26236  1.09861  0.40547
     50   2.28555  2.30634  2.78683  0.30511     51 U - - -
          1.38629  1.38629  1.38629  1.38629
          0.04549  3.80610  3.80610  1.46634  0.26236  1.09861  0.40547
     51   2.28555  2.30634  2.78683  0.30511     52 U - - -
          1.38629  1.38629  1.38629  1.38629
          0.04549  3.80610  3.80610  1.46634  0.26236  1.09861  0.40547
     52   2.84240  0.34497  2.57307  1.85044     53 C - - <
          1.38629  1.38629  1.38629  1.38629
          0.04549  3.80610  3.80610  1.46634  0.26236  1.09861  0.40547
     53   2.42140  0.31195  2.98586  2.05038     54 C - - _
          1.38629  1.38629  1.38629  1.38629
          0.04549  3.80610  3.80610  1.46634  0.26236  1.09861  0.40547
     54   2.28555  2.30634  2.78683  0.30511     55 U - - _
          1.38629  1.38629  1.38629  1.38629
          0.04549  3.80610  3.80610  1.46634  0.26236  1.09861  0.40547
     55   2.28555  2.30634  2.78683  0.30511     56 U - - _
          1.38629  1.38629  1.38629  1.38629
          0.04549  3.80610  3.80610  1.46634  0.26236  1.09861  0.40547
     56   0.22863  2.88640  2.64575  2.55559     57 A - - _
          1.38629  1.38629  1.38629  1.38629
          0.04549  3.80610  3.80610  1.46634  0.26236  1.09861  0.40547
     57   2.42140  0.31195  2.98586  2.05038     58 C - - _
          1.38629  1.38629  1.38629  1.38629
          0.04549  3.80610  3.80610  1.46634  0.26236  1.09861  0.40547
     58   2.42140  0.31195  2.98586  2.05038     59 C - - _
          1.38629  1.38629  1.38629  1.38629
          0.04549  3.80610  3.80610  1.46634  0.26236  1.09861  0.40547
     59   0.33563  2.45075  2.41145  2.21460     60 A - - _
          1.38629  1.38629  1.38629  1.38629
          0.04549  3.80610  3.80610  1.46634  0.26236  1.09861  0.40547
     60   2.12777  2.74490  0.29698  2.60928     61 G - - >
          1.38629  1.38629  1.38629  1.38629
          0.04549  3.80610  3.80610  1.46634  0.26236  1.09861  0.40547
     61   2.28555  2.30634  2.78683  0.30511     62 U - - -
          1.38629  1.38629  1.38629  1.38629
          0.04549  3.80610  3.80610  1.46634  0.26236  1.09861  0.40547
     62   2.28555  2.30634  2.78683  0.30511     63 U - - -
          1.38629  1.38629  1.38629  1.38629
          0.04549  3.80610  3.80610  1.46634  0.26236  1.09861  0.40547
     63   2.95448  0.28779  2.66692  2.05175     64 C - - >
          1.38629  1.38629  1.38629  1.38629
          0.04549  3.80610  3.80610  1.46634  0.26236  1.09861  0.40547
     64   2.12370  2.74018  0.29867  2.60302     65 G - - >
          1.38629  1.38629  1.38629  1.38629
          0.04549  3.80610  3.80610  1.46634  0.26236  1.09861  0.40547
     65   2.12369  2.74017  0.29867  2.60301     66 G - - >
          1.38629  1.38629  1.38629  1.38629
          0.04549  3.80610  3.80610  1.46634  0.26236  1.09861  0.40547
     66   2.12359  2.74006  0.29871  2.60286     67 G - - >
          1.38629  1.38629  1.38629  1.38629
          0.10202  3.80610  2.59352  1.46634  0.26236  1.09861  0.40547
     67   2.22269  3.02478  0.26303  2.59831     68 G - - :
          1.38629  1.38629  1.38629  1.38629
          0.14201  3.75215  2.21714  1.46634  0.26236  0.46678  0.98622
     68   2.16348  2.95467  0.28347  2.52803     69 G - - :
          1.38629  1.38629  1.38629  1.38629
          0.06902  3.72167  3.15825  1.46634  0.26236  0.73195  0.65580
     69   1.86592  2.00436  2.22821  0.50620     70 U - - :
          1.38629  1.38629  1.38629  1.38629
          0.04789  3.75586  3.75586  1.46634  0.26236  0.72788  0.65958
     70   2.25995  2.28541  2.75966  0.31389     71 U - - :
          1.38629  1.38629  1.38629  1.38629
          0.04621  3.79063  3.79063  1.46634  0.26236  1.30581  0.31602
     71   2.25995  2.28541  2.75966  0.31389     72 U - - :
          1.38629  1.38629  1.38629  1.38629
          0.04621  3.79063  3.79063  1.46634  0.26236  1.30581  0.31602
     72   2.25995  2.28541  2.75966  0.31389     73 U - - :
          1.38629  1.38629  1.38629  1.38629
          0.04621  3.79063  3.79063  1.46634  0.26236  1.30581  0.31602
     73   0.23607  2.85794  2.62015  2.52453     74 A - - :
          1.38629  1.38629  1.38629  1.38629
          0.04621  3.79063  3.79063  1.46634  0.26236  1.30581  0.31602
     74   2.38772  0.32339  2.95061  2.02371     75 C - - :
          1.38629  1.38629  1.38629  1.38629
          0.04621  3.79063  3.79063  1.46634  0.26236  1.30581  0.31602
     75   2.25995  2.28541  2.75966  0.31389     76 U - - :
          1.38629  1.38629  1.38629  1.38629
          0.04621  3.79063  3.79063  1.46634  0.26236  1.30581  0.31602
     76   2.25995  2.28541  2.75966  0.31389     77 U - - :
          1.38629  1.38629  1.38629  1.38629
          0.04621  3.79063  3.79063  1.46634  0.26236  1.30581  0.31602
     77   2.25995  2.28541  2.75966  0.31389     78 U - - :
          1.38629  1.38629  1.38629  1.38629
          0.02337  3.76779        *  1.46634  0.26236  0.00000        *
//
