INFERNAL1/a [1.1.2 | July 2016]
NAME     t_nt_aapa_isoa_evalue_round5_0001
STATES   403
NODES    135
CLEN     133
W        231
ALPH     RNA
RF       no
CONS     yes
MAP      yes
DATE     Thu Jan 23 19:15:34 2020
COM      [1] cmbuild /home/co78wid/projects/master/results/ta_systems/aapa_isoa/aapa_isoa_evalue/2_structure_analysis/infernal_search/t_nt_aapa_isoa_evalue_cmbuild.txt /home/co78wid/projects/master/results/ta_systems/aapa_isoa/aapa_isoa_evalue/1_sequence_analysis/fold/t_nt_aapa_isoa_evalue_round5.stk
COM      [2] cmcalibrate --cpu 30 /home/co78wid/projects/master/results/ta_systems/aapa_isoa/aapa_isoa_evalue/2_structure_analysis/infernal_search/t_nt_aapa_isoa_evalue_cmbuild.txt
PBEGIN   0.05
PEND     0.05
WBETA    1e-07
QDBBETA1 1e-07
QDBBETA2 1e-15
N2OMEGA  1.52588e-05
N3OMEGA  1.52588e-05
ELSELF   -0.08926734
NSEQ     235
EFFN     2.298508
CKSUM    1603206906
NULL     0.000  0.000  0.000  0.000 
EFP7GF   -4.2969 0.71790
ECMLC    0.60918   -10.70785    -0.86623     1600000      481868  0.002490
ECMGC    0.40109   -17.00394    -4.62785     1600000       57263  0.006985
ECMLI    0.42434    -7.45438     4.72316     1600000      210543  0.005700
ECMGI    0.46598    -2.41676     6.80062     1600000       29337  0.013635
CM
                                             [ ROOT    0 ]      -      - - - - -
     S     0    -1 0     1     4     1     1   231   323  -7.092  -7.299  -0.373  -2.223                 
    IL     1     1 2     1     4     3    44   233   325  -1.686  -2.369  -1.117  -4.855                  0.000  0.000  0.000  0.000 
    IR     2     2 3     2     3     3    43   232   324  -1.442  -0.798  -4.142                          0.000  0.000  0.000  0.000 
                                             [ MATL    1 ]    121      - u - - -
    ML     3     2 3     5     3     3    44   231   323  -5.225  -0.079  -5.225                         -0.764  0.511 -0.905  0.539 
     D     4     2 3     5     3     0    37   225   317 -13.370  -3.301  -0.154                         
    IL     5     5 3     5     3     5    46   236   329  -0.384  -2.121  -8.028                          0.000  0.000  0.000  0.000 
                                             [ MATL    2 ]    122      - U - - -
    ML     6     5 3     8     3     3    43   230   322  -5.228  -0.079  -5.228                         -1.072 -0.843 -1.189  1.338 
     D     7     5 3     8     3     0    36   224   316 -13.360  -2.462  -0.289                         
    IL     8     8 3     8     3     5    45   235   328  -0.384  -2.121  -8.028                          0.000  0.000  0.000  0.000 
                                             [ MATL    3 ]    123      - U - - -
    ML     9     8 3    11     3     3    43   228   320  -5.262  -0.077  -5.262                         -1.011 -0.665 -1.140  1.275 
     D    10     8 3    11     3     0    36   222   314 -13.230  -3.264  -0.159                         
    IL    11    11 3    11     3     5    45   234   327  -0.384  -2.121  -8.028                          0.000  0.000  0.000  0.000 
                                             [ MATL    4 ]    124      - c - - -
    ML    12    11 3    14     3     3    42   227   319  -5.262  -0.077  -5.262                         -0.814  0.627 -0.960  0.457 
     D    13    11 3    14     3     0    35   221   312 -13.230  -3.264  -0.159                         
    IL    14    14 3    14     3     5    45   233   325  -0.384  -2.121  -8.028                          0.000  0.000  0.000  0.000 
                                             [ MATL    5 ]    125      - a - - -
    ML    15    14 3    17     3     3    42   226   318  -5.262  -0.077  -5.262                          0.506  0.179 -0.640 -0.311 
     D    16    14 3    17     3     0    35   220   311 -13.230  -2.807  -0.223                         
    IL    17    17 3    17     3     4    44   231   324  -0.384  -2.121  -8.028                          0.000  0.000  0.000  0.000 
                                             [ MATL    6 ]    126      - A - - -
    ML    18    17 3    20     3     3    41   225   316  -5.276  -0.076  -5.276                          1.487 -1.513 -1.234 -1.249 
     D    19    17 3    20     3     0    35   218   310 -13.173  -3.207  -0.166                         
    IL    20    20 3    20     3     4    44   230   322  -0.384  -2.121  -8.028                          0.000  0.000  0.000  0.000 
                                             [ MATL    7 ]    127      - u - - -
    ML    21    20 3    23     3     3    41   223   315  -5.276  -0.081  -5.131                          0.253 -0.452 -0.581  0.495 
     D    22    20 3    23     3     0    34   217   308 -13.173  -3.207  -0.166                         
    IL    23    23 3    23     3     4    43   229   321  -0.384  -2.121  -8.028                          0.000  0.000  0.000  0.000 
                                             [ MATL    8 ]    128      - A - - -
    ML    24    23 3    26     3     3    40   222   313  -5.272  -0.084  -5.021                          1.302 -1.264 -0.723 -0.968 
     D    25    23 3    26     3     0    34   216   307 -13.189  -3.079  -0.182                         
    IL    26    26 3    26     3     4    43   228   320  -0.384  -2.121  -8.028                          0.000  0.000  0.000  0.000 
                                             [ MATL    9 ]    129      - A - - -
    ML    27    26 3    29     3     2    40   221   312  -5.269  -0.077  -5.269                          1.481 -1.499 -1.218 -1.234 
     D    28    26 3    29     3     0    34   215   306 -13.202  -2.985  -0.195                         
    IL    29    29 3    29     3     4    42   226   318  -0.384  -2.121  -8.028                          0.000  0.000  0.000  0.000 
                                             [ MATL   10 ]    130      - A - - -
    ML    30    29 3    32     3     2    39   220   311  -5.276  -0.076  -5.276                          1.487 -1.513 -1.234 -1.249 
     D    31    29 3    32     3     0    33   214   305 -13.173  -3.207  -0.166                         
    IL    32    32 3    32     3     4    41   225   317  -0.384  -2.121  -8.028                          0.000  0.000  0.000  0.000 
                                             [ MATL   11 ]    131      - A - - -
    ML    33    32 3    35     3     2    39   218   309  -4.150  -0.124  -5.276                          1.487 -1.513 -1.234 -1.249 
     D    34    32 3    35     3     0    33   213   304 -13.173  -3.207  -0.166                         
    IL    35    35 3    35     3     3    39   219   309  -2.852  -0.216 -10.496                          0.000  0.000  0.000  0.000 
                                             [ MATL   12 ]    133      - C - - -
    ML    36    35 3    38     3     2    38   217   308  -5.276  -0.076  -5.276                         -1.014  1.163 -1.204 -0.266 
     D    37    35 3    38     3     0    33   212   302 -13.173  -3.207  -0.166                         
    IL    38    38 3    38     3     4    40   223   315  -0.384  -2.121  -8.028                          0.000  0.000  0.000  0.000 
                                             [ MATL   13 ]    134      - A - - -
    ML    39    38 3    41     3     2    37   216   307  -5.276  -0.076  -5.276                          1.433 -1.429 -1.062 -1.154 
     D    40    38 3    41     3     0    33   211   302 -13.173  -3.207  -0.166                         
    IL    41    41 3    41     3     3    39   222   313  -0.384  -2.121  -8.028                          0.000  0.000  0.000  0.000 
                                             [ MATL   14 ]    135      - A - - -
    ML    42    41 3    44     3     2    36   215   305  -5.276  -0.076  -5.276                          1.208 -1.137 -0.592 -0.807 
     D    43    41 3    44     3     0    32   210   301 -13.173  -3.207  -0.166                         
    IL    44    44 3    44     3     3    38   220   312  -0.384  -2.121  -8.028                          0.000  0.000  0.000  0.000 
                                             [ MATL   15 ]    136      - c - - -
    ML    45    44 3    47     3     2    35   214   304  -5.276  -0.076  -5.276                         -0.688  0.598 -0.902  0.411 
     D    46    44 3    47     3     0    32   210   300 -13.173  -3.207  -0.166                         
    IL    47    47 3    47     3     3    37   219   310  -0.384  -2.121  -8.028                          0.000  0.000  0.000  0.000 
                                             [ MATL   16 ]    137      - a - - -
    ML    48    47 3    50     3     2    35   212   303  -5.276  -0.076  -5.276                          0.294 -0.137 -0.085 -0.117 
     D    49    47 3    50     3     0    32   209   300 -13.173  -3.207  -0.166                         
    IL    50    50 3    50     3     2    36   218   309  -0.384  -2.121  -8.028                          0.000  0.000  0.000  0.000 
                                             [ MATL   17 ]    138      - A - - -
    ML    51    50 3    53     3     1    34   211   301  -1.734  -0.954  -2.447                          1.197 -1.168 -0.494 -0.857 
     D    52    50 3    53     3     0    32   209   299 -13.173  -0.578  -1.599                         
    IL    53    53 3    53     3     2    34   211   301  -5.769  -0.027 -13.413                          0.000  0.000  0.000  0.000 
                                             [ MATL   18 ]    140      - U - - -
    ML    54    53 3    56     3     1    33   210   300  -5.242  -0.078  -5.242                         -0.874 -0.798 -1.097  1.270 
     D    55    53 3    56     3     0    30   208   298 -13.310  -0.515  -1.736                         
    IL    56    56 3    56     3     2    35   216   307  -0.384  -2.121  -8.028                          0.000  0.000  0.000  0.000 
                                             [ MATL   19 ]    141      - U - - -
    ML    57    56 3    59     3     1    33   209   299  -5.457  -0.067  -5.457                         -1.454 -1.163 -1.602  1.516 
     D    58    56 3    59     3     0    27   205   295 -11.983  -2.017  -0.410                         
    IL    59    59 3    59     3     1    35   214   305  -0.384  -2.121  -8.028                          0.000  0.000  0.000  0.000 
                                             [ MATL   20 ]    142      - U - - -
    ML    60    59 3    62     3     1    32   207   297  -5.457  -0.067  -5.457                         -1.405 -1.137 -1.503  1.493 
     D    61    59 3    62     3     0    27   204   293 -11.983  -2.017  -0.410                         
    IL    62    62 3    62     3     1    34   213   304  -0.384  -2.121  -8.028                          0.000  0.000  0.000  0.000 
                                             [ MATL   21 ]    143      - A - - -
    ML    63    62 3    65     3     1    31   206   296  -5.457  -0.067  -5.457                          1.632 -1.912 -1.649 -1.658 
     D    64    62 3    65     3     0    26   202   292 -11.983  -2.017  -0.410                         
    IL    65    65 3    65     3     1    33   212   302  -0.384  -2.121  -8.028                          0.000  0.000  0.000  0.000 
                                             [ MATL   22 ]    144      - a - - -
    ML    66    65 3    68     3     1    30   205   295  -5.457  -0.067  -5.457                          0.552  0.352 -0.855 -0.504 
     D    67    65 3    68     3     0    25   201   291 -11.983  -1.798  -0.490                         
    IL    68    68 3    68     3     1    32   211   301  -0.384  -2.121  -8.028                          0.000  0.000  0.000  0.000 
                                             [ MATL   23 ]    145      - a - - -
    ML    69    68 3    71     3     1    30   204   293  -5.463  -0.067  -5.463                          0.841 -1.136  0.230 -0.786 
     D    70    68 3    71     3     0    24   200   289 -11.924  -1.958  -0.430                         
    IL    71    71 3    71     3     1    32   209   300  -0.384  -2.121  -8.028                          0.000  0.000  0.000  0.000 
                                             [ MATL   24 ]    146      - C - - -
    ML    72    71 3    74     3     1    29   202   292  -4.920  -0.083  -5.463                         -1.598  1.510 -1.786 -0.912 
     D    73    71 3    74     3     0    24   199   288 -11.924  -1.958  -0.430                         
    IL    74    74 3    74     3     1    29   203   292  -1.843  -0.474  -9.487                          0.000  0.000  0.000  0.000 
                                             [ MATL   25 ]    148      - C - - -
    ML    75    74 3    77     3     1    28   201   291  -5.463  -0.067  -5.463                         -1.309  1.277 -1.491 -0.292 
     D    76    74 3    77     3     0    23   198   287 -11.924  -1.958  -0.430                         
    IL    77    77 3    77     3     1    30   207   297  -0.384  -2.121  -8.028                          0.000  0.000  0.000  0.000 
                                             [ MATL   26 ]    149      - C - - -
    ML    78    77 3    80     3     1    27   200   289  -5.463  -0.082  -4.953                         -1.380  1.348 -1.566 -0.449 
     D    79    77 3    80     3     0    22   197   286 -11.924  -1.958  -0.430                         
    IL    80    80 3    80     3     1    30   206   296  -0.384  -2.121  -8.028                          0.000  0.000  0.000  0.000 
                                             [ MATL   27 ]    150      - c - - -
    ML    81    80 3    83     3     1    27   199   288  -5.138  -0.078  -5.366                         -0.470  0.489 -0.878  0.412 
     D    82    80 3    83     3     0    22   196   285 -12.073  -1.597  -0.579                         
    IL    83    83 3    83     3     1    28   200   289  -1.326  -0.739  -8.970                          0.000  0.000  0.000  0.000 
                                             [ MATL   28 ]    152      - A - - -
    ML    84    83 3    86     3     1    26   198   287  -5.461  -0.067  -5.461                          1.606 -1.853 -1.528 -1.592 
     D    85    83 3    86     3     0    21   194   283 -11.945  -1.896  -0.452                         
    IL    86    86 3    86     3     1    28   204   294  -0.384  -2.121  -8.028                          0.000  0.000  0.000  0.000 
                                             [ MATL   29 ]    153      - A - - -
    ML    87    86 3    89     3     1    25   196   286  -5.463  -0.067  -5.463                          1.635 -1.925 -1.662 -1.671 
     D    88    86 3    89     3     0    20   193   282 -11.924  -1.958  -0.430                         
    IL    89    89 3    89     3     1    27   202   292  -0.384  -2.121  -8.028                          0.000  0.000  0.000  0.000 
                                             [ MATL   30 ]    154      - A - - -
    ML    90    89 3    92     3     1    25   195   284  -5.463  -0.067  -5.463                          1.635 -1.925 -1.662 -1.671 
     D    91    89 3    92     3     0    19   192   280 -11.924  -1.958  -0.430                         
    IL    92    92 3    92     3     1    27   201   291  -0.384  -2.121  -8.028                          0.000  0.000  0.000  0.000 
                                             [ MATL   31 ]    155      - A - - -
    ML    93    92 3    95     3     1    24   194   283  -5.463  -0.067  -5.463                          1.523 -1.483 -1.428 -1.334 
     D    94    92 3    95     3     0    19   191   279 -11.924  -1.958  -0.430                         
    IL    95    95 3    95     3     1    26   200   289  -0.384  -2.121  -8.028                          0.000  0.000  0.000  0.000 
                                             [ MATL   32 ]    156      - A - - -
    ML    96    95 3    98     3     1    23   193   281  -5.251  -0.075  -5.347                          1.596 -1.831 -1.482 -1.567 
     D    97    95 3    98     3     0    18   189   278 -11.924  -1.958  -0.430                         
    IL    98    98 3    98     3     1    24   194   283  -1.067  -0.943  -8.711                          0.000  0.000  0.000  0.000 
                                             [ MATL   33 ]    158      - a - - -
    ML    99    98 3   101     3     1    23   192   280  -4.665  -0.093  -5.460                          0.483  0.029 -0.661 -0.074 
     D   100    98 3   101     3     0    17   188   277 -11.954  -1.872  -0.461                         
    IL   101   101 3   101     3     1    23   192   281  -2.316  -0.325  -9.960                          0.000  0.000  0.000  0.000 
                                             [ MATL   34 ]    160      - G - - -
    ML   102   101 3   104     3     1    22   191   279  -5.194  -0.074  -5.463                         -1.558 -2.236  1.673 -1.950 
     D   103   101 3   104     3     0    17   187   276 -11.924  -1.958  -0.430                         
    IL   104   104 3   104     3     1    23   192   280  -1.218  -0.816  -8.862                          0.000  0.000  0.000  0.000 
                                             [ MATL   35 ]    162      - a - - -
    ML   105   104 3   107     3     1    21   190   278  -5.463  -0.067  -5.463                          0.837 -0.087 -0.831 -0.495 
     D   106   104 3   107     3     0    16   186   274 -11.924  -1.958  -0.430                         
    IL   107   107 3   107     3     1    23   195   285  -0.384  -2.121  -8.028                          0.000  0.000  0.000  0.000 
                                             [ MATL   36 ]    163      - A - - -
    ML   108   107 3   110     3     1    21   188   277  -5.463  -0.067  -5.463                          1.635 -1.925 -1.662 -1.671 
     D   109   107 3   110     3     0    15   185   273 -11.924  -1.958  -0.430                         
    IL   110   110 3   110     3     1    23   194   284  -0.384  -2.121  -8.028                          0.000  0.000  0.000  0.000 
                                             [ MATL   37 ]    164      - A - - -
    ML   111   110 3   113     3     1    20   187   276  -5.463  -0.067  -5.463                          1.635 -1.925 -1.662 -1.671 
     D   112   110 3   113     3     0    15   183   272 -11.924  -1.958  -0.430                         
    IL   113   113 3   113     3     1    22   193   282  -0.384  -2.121  -8.028                          0.000  0.000  0.000  0.000 
                                             [ MATL   38 ]    165      - u - - -
    ML   114   113 3   116     3     1    19   186   274  -5.463  -0.067  -5.463                         -0.052 -0.755 -0.862  0.920 
     D   115   113 3   116     3     0    14   182   270 -11.924  -1.958  -0.430                         
    IL   116   116 3   116     3     1    21   192   281  -0.384  -2.121  -8.028                          0.000  0.000  0.000  0.000 
                                             [ MATL   39 ]    166      - U - - -
    ML   117   116 3   119     3     1    19   185   273  -5.463  -0.067  -5.463                         -0.999  0.025 -1.163  1.026 
     D   118   116 3   119     3     0    13   181   269 -11.924  -1.879  -0.458                         
    IL   119   119 3   119     3     1    20   190   279  -0.384  -2.121  -8.028                          0.000  0.000  0.000  0.000 
                                             [ MATL   40 ]    167      - U - - -
    ML   120   119 3   122     3     1    18   183   271  -5.465  -0.067  -5.465                         -1.467 -1.174 -1.616  1.521 
     D   121   119 3   122     3     0    13   180   267 -11.902  -1.937  -0.437                         
    IL   122   122 3   122     3     1    20   189   278  -0.384  -2.121  -8.028                          0.000  0.000  0.000  0.000 
                                             [ MATL   41 ]    168      - C - - -
    ML   123   122 3   125     3     1    17   182   270  -5.465  -0.067  -5.465                         -1.136  1.041 -1.310  0.116 
     D   124   122 3   125     3     0    12   178   266 -11.902  -1.937  -0.437                         
    IL   125   125 3   125     3     1    19   188   277  -0.384  -2.121  -8.028                          0.000  0.000  0.000  0.000 
                                             [ MATL   42 ]    169      - A - - -
    ML   126   125 3   128     3     1    17   181   269  -5.465  -0.067  -5.465                          1.603 -1.849 -1.512 -1.586 
     D   127   125 3   128     3     0    11   177   265 -11.902  -1.937  -0.437                         
    IL   128   128 3   128     3     1    18   187   275  -0.384  -2.121  -8.028                          0.000  0.000  0.000  0.000 
                                             [ MATL   43 ]    170      - A - - -
    ML   129   128 3   131     3     1    16   179   267  -5.465  -0.069  -5.389                          1.637 -1.929 -1.666 -1.675 
     D   130   128 3   131     3     0    11   176   263 -11.902  -1.937  -0.437                         
    IL   131   131 3   131     3     1    18   185   274  -0.384  -2.121  -8.028                          0.000  0.000  0.000  0.000 
                                             [ MATL   44 ]    171      - G - - -
    ML   132   131 3   134     3     1    15   178   266  -5.463  -0.067  -5.463                         -0.185 -1.473  1.203 -1.125 
     D   133   131 3   134     3     0    10   174   262 -11.922  -1.881  -0.457                         
    IL   134   134 3   134     3     1    17   184   272  -0.384  -2.121  -8.028                          0.000  0.000  0.000  0.000 
                                             [ MATL   45 ]    172      - G - - -
    ML   135   134 3   137     3     1    14   177   264  -5.465  -0.067  -5.465                         -1.411 -2.155  1.644 -1.863 
     D   136   134 3   137     3     0     9   173   260 -11.902  -1.937  -0.437                         
    IL   137   137 3   137     3     1    16   183   271  -0.384  -2.121  -8.028                          0.000  0.000  0.000  0.000 
                                             [ MATL   46 ]    173      - U - - -
    ML   138   137 3   140     3     1    14   176   263  -5.465  -0.067  -5.465                         -1.301 -0.867 -1.459  1.423 
     D   139   137 3   140     3     0     9   172   259 -11.902  -1.937  -0.437                         
    IL   140   140 3   140     3     1    16   182   270  -0.384  -2.121  -8.028                          0.000  0.000  0.000  0.000 
                                             [ MATL   47 ]    174      - A - - -
    ML   141   140 3   143     3     1    13   174   261  -5.465  -0.067  -5.465                          1.637 -1.929 -1.666 -1.675 
     D   142   140 3   143     3     0     8   171   258 -11.902  -1.937  -0.437                         
    IL   143   143 3   143     3     1    15   180   268  -0.384  -2.121  -8.028                          0.000  0.000  0.000  0.000 
                                             [ MATL   48 ]    175      - U - - -
    ML   144   143 3   146     3     1    12   173   260  -5.465  -0.067  -5.465                         -1.281 -0.827 -1.441  1.410 
     D   145   143 3   146     3     0     8   169   256 -11.902  -1.937  -0.437                         
    IL   146   146 3   146     3     1    14   179   267  -0.384  -2.121  -8.028                          0.000  0.000  0.000  0.000 
                                             [ MATL   49 ]    176      - A - - -
    ML   147   146 3   149     3     1    11   172   259  -5.465  -0.067  -5.465                          1.637 -1.929 -1.666 -1.675 
     D   148   146 3   149     3     0     7   168   255 -11.902  -1.937  -0.437                         
    IL   149   149 3   149     3     1    13   178   265  -0.384  -2.121  -8.028                          0.000  0.000  0.000  0.000 
                                             [ MATL   50 ]    177      - A - - -
    ML   150   149 3   152     3     1    11   170   257  -5.465  -0.067  -5.465                          1.586 -1.811 -1.438 -1.544 
     D   151   149 3   152     3     0     7   167   253 -11.902  -1.937  -0.437                         
    IL   152   152 3   152     3     1    12   176   264  -0.384  -2.121  -8.028                          0.000  0.000  0.000  0.000 
                                             [ MATL   51 ]    178      - U - - -
    ML   153   152 3   155     3     1    10   169   256  -5.465  -0.067  -5.465                         -1.382 -1.020 -1.537  1.474 
     D   154   152 3   155     3     0     6   166   252 -11.902  -1.937  -0.437                         
    IL   155   155 3   155     3     1    12   175   263  -0.384  -2.121  -8.028                          0.000  0.000  0.000  0.000 
                                             [ MATL   52 ]    179      - G - - -
    ML   156   155 3   158     3     1     9   168   254  -5.465  -0.067  -5.465                         -0.399 -1.378  1.225 -0.943 
     D   157   155 3   158     3     0     6   165   251 -11.902  -1.937  -0.437                         
    IL   158   158 3   158     3     1    11   174   261  -0.384  -2.121  -8.028                          0.000  0.000  0.000  0.000 
                                             [ MATL   53 ]    180      - u - - -
    ML   159   158 3   161     3     1     8   167   253  -4.362  -0.358  -2.547                         -0.289 -0.301 -0.823  0.852 
     D   160   158 3   161     3     0     5   164   251 -11.902  -1.937  -0.437                         
    IL   161   161 3   161     3     1    10   168   254  -0.924  -1.082 -11.319                          0.000  0.000  0.000  0.000 
                                             [ MATL   54 ]    183      - U - - -
    ML   162   161 3   164     3     1     8   166   252  -4.130  -0.126  -5.233                         -0.991 -0.675 -1.114  1.268 
     D   163   161 3   164     3     0     5   164   250 -13.342  -0.459  -1.877                         
    IL   164   164 3   164     3     1    10   168   255  -0.570  -1.617 -11.854                          0.000  0.000  0.000  0.000 
                                             [ MATL   55 ]    187      - U - - -
    ML   165   164 3   167     3     1     8   164   251  -5.465  -0.067  -5.465                         -0.958 -0.147 -1.108  1.083 
     D   166   164 3   167     3     0     2   161   247 -11.902  -1.937  -0.437                         
    IL   167   167 3   167     3     1     9   170   257  -0.384  -2.121  -8.028                          0.000  0.000  0.000  0.000 
                                             [ MATL   56 ]    188      - U - - -
    ML   168   167 3   170     3     1     7   163   249  -4.462  -0.102  -5.465                         -1.192 -0.631 -1.354  1.336 
     D   169   167 3   170     3     0     2   160   246 -11.902  -1.937  -0.437                         
    IL   170   170 3   170     3     1     8   163   249  -2.661  -0.250 -10.305                          0.000  0.000  0.000  0.000 
                                             [ MATL   57 ]    190      - c - - -
    ML   171   170 3   173     3     1     6   162   248  -5.188  -0.077  -5.335                         -0.475  0.703 -0.642  0.017 
     D   172   170 3   173     3     0     1   159   245 -11.902  -1.937  -0.437                         
    IL   173   173 3   173     3     1     7   163   249  -1.240  -0.800  -8.884                          0.000  0.000  0.000  0.000 
                                             [ MATL   58 ]    192      - C - - -
    ML   174   173 3   176     3     1     6   161   247  -4.679  -0.092  -5.462                         -0.792  1.008 -1.018 -0.124 
     D   175   173 3   176     3     0     1   158   244 -11.937  -1.842  -0.472                         
    IL   176   176 3   176     3     1     7   161   247  -2.295  -0.331  -9.939                          0.000  0.000  0.000  0.000 
                                             [ MATL   59 ]    194      - a - - -
    ML   177   176 3   179     3     1     5   160   246  -5.465  -0.067  -5.465                          0.700 -1.134  0.420 -0.781 
     D   178   176 3   179     3     0     0   156   242 -11.902  -1.937  -0.437                         
    IL   179   179 3   179     3     1     7   166   253  -0.384  -2.121  -8.028                          0.000  0.000  0.000  0.000 
                                             [ MATL   60 ]    195      - a - - -
    ML   180   179 3   182     3     1     5   159   245  -5.465  -0.067  -5.465                          0.643  0.134 -0.702 -0.460 
     D   181   179 3   182     3     0     0   155   241 -11.902  -1.937  -0.437                         
    IL   182   182 3   182     3     1     7   165   252  -0.384  -2.121  -8.028                          0.000  0.000  0.000  0.000 
                                             [ MATL   61 ]    196      - g - - -
    ML   183   182 3   185     3     1     5   157   243  -5.465  -0.067  -5.465                         -0.796  0.023  0.832 -0.671 
     D   184   182 3   185     3     0     0   154   239 -11.902  -1.937  -0.437                         
    IL   185   185 3   185     3     1     6   164   250  -0.384  -2.121  -8.028                          0.000  0.000  0.000  0.000 
                                             [ MATL   62 ]    197      - A - - -
    ML   186   185 3   188     3     1     4   156   242  -5.465  -0.067  -5.465                          1.527 -1.692 -1.209 -1.412 
     D   187   185 3   188     3     0     0   152   238 -11.902  -1.937  -0.437                         
    IL   188   188 3   188     3     1     6   162   249  -0.384  -2.121  -8.028                          0.000  0.000  0.000  0.000 
                                             [ MATL   63 ]    198      - g - - -
    ML   189   188 3   191     3     1     4   155   240  -5.465  -0.067  -5.465                         -0.628 -0.412  0.732 -0.089 
     D   190   188 3   191     3     0     0   151   236 -11.902  -1.937  -0.437                         
    IL   191   191 3   191     3     1     5   161   247  -0.384  -2.121  -8.028                          0.000  0.000  0.000  0.000 
                                             [ MATL   64 ]    199      - U - - -
    ML   192   191 3   194     3     1     3   154   239  -5.465  -0.067  -5.465                         -1.002  0.022 -1.166  1.028 
     D   193   191 3   194     3     0     0   150   235 -11.902  -1.937  -0.437                         
    IL   194   194 3   194     3     1     4   160   246  -0.384  -2.121  -8.028                          0.000  0.000  0.000  0.000 
                                             [ MATL   65 ]    200      - u - - -
    ML   195   194 3   197     3     1     3   152   237  -5.465  -0.069  -5.389                         -0.629 -0.705 -0.072  0.839 
     D   196   194 3   197     3     0     0   148   233 -11.902  -1.937  -0.437                         
    IL   197   197 3   197     3     1     4   158   244  -0.384  -2.121  -8.028                          0.000  0.000  0.000  0.000 
                                             [ MATL   66 ]    201      - U - - -
    ML   198   197 3   200     3     1     2   151   236  -5.463  -0.067  -5.463                         -1.464 -1.172 -1.613  1.519 
     D   199   197 3   200     3     0     0   147   231 -11.922  -1.957  -0.430                         
    IL   200   200 3   200     3     1     3   157   243  -0.384  -2.121  -8.028                          0.000  0.000  0.000  0.000 
                                             [ MATL   67 ]    202      - U - - -
    ML   201   200 3   203     3     1     1   150   235  -3.664  -0.352  -2.859                         -1.270 -0.918 -1.455  1.428 
     D   202   200 3   203     3     0     0   145   230 -11.922  -1.957  -0.430                         
    IL   203   203 3   203     3     1     4   153   238  -0.535  -1.690 -13.000                          0.000  0.000  0.000  0.000 
                                             [ MATL   68 ]    208      - U - - -
    ML   204   203 3   206     3     1     2   149   233  -5.286  -0.076  -5.286                         -1.164 -0.920 -1.290  1.387 
     D   205   203 3   206     3     0     0   142   227 -13.129  -3.163  -0.171                         
    IL   206   206 3   206     3     1     4   155   240  -0.384  -2.121  -8.028                          0.000  0.000  0.000  0.000 
                                             [ MATL   69 ]    209      - g - - -
    ML   207   206 3   209     3     1     2   147   232  -5.286  -0.081  -5.100                         -0.117 -0.836  0.731 -0.221 
     D   208   206 3   209     3     0     0   141   225 -13.129  -3.163  -0.171                         
    IL   209   209 3   209     3     1     4   153   239  -0.384  -2.121  -8.028                          0.000  0.000  0.000  0.000 
                                             [ MATL   70 ]    210      - c - - -
    ML   210   209 3   212     3     1     2   146   230  -5.281  -0.076  -5.281                         -0.873  0.794 -1.024  0.297 
     D   211   209 3   212     3     0     0   140   224 -13.151  -3.185  -0.168                         
    IL   212   212 3   212     3     1     3   152   237  -0.384  -2.121  -8.028                          0.000  0.000  0.000  0.000 
                                             [ MATL   71 ]    211      - c - - -
    ML   213   212 3   215     3     1     2   144   229  -5.281  -0.076  -5.281                         -0.960  0.995 -1.114  0.043 
     D   214   212 3   215     3     0     0   139   223 -13.151  -3.185  -0.168                         
    IL   215   215 3   215     3     1     3   151   236  -0.384  -2.121  -8.028                          0.000  0.000  0.000  0.000 
                                             [ MATL   72 ]    212      - a - - -
    ML   216   215 3   218     3     1     2   143   227  -5.281  -0.076  -5.281                          0.993 -1.044 -0.131 -0.712 
     D   217   215 3   218     3     0     0   138   222 -13.151  -3.185  -0.168                         
    IL   218   218 3   218     3     1     3   149   234  -0.384  -2.121  -8.028                          0.000  0.000  0.000  0.000 
                                             [ MATL   73 ]    213      - U - - -
    ML   219   218 3   221     3     1     2   142   226  -5.281  -0.076  -5.281                         -0.934 -0.440 -1.073  1.179 
     D   220   218 3   221     3     0     0   137   221 -13.151  -3.185  -0.168                         
    IL   221   221 3   221     3     1     3   148   233  -0.384  -2.121  -8.028                          0.000  0.000  0.000  0.000 
                                             [ MATL   74 ]    214      - u - - -
    ML   222   221 3   224     3     1     1   140   224  -5.281  -0.076  -5.281                         -0.535 -0.705  0.328  0.527 
     D   223   221 3   224     3     0     0   136   220 -13.151  -3.185  -0.168                         
    IL   224   224 3   224     3     1     3   147   231  -0.384  -2.121  -8.028                          0.000  0.000  0.000  0.000 
                                             [ MATL   75 ]    215      - U - - -
    ML   225   224 3   227     3     1     1   139   223  -5.281  -0.076  -5.281                         -1.156 -0.913 -1.281  1.383 
     D   226   224 3   227     3     0     0   136   219 -13.151  -3.110  -0.178                         
    IL   227   227 3   227     3     1     2   145   230  -0.384  -2.121  -8.028                          0.000  0.000  0.000  0.000 
                                             [ MATL   76 ]    216      - u - - -
    ML   228   227 3   230     3     1     1   138   221  -3.463  -0.179  -5.283                         -0.654 -0.654 -0.243  0.914 
     D   229   227 3   230     3     0     0   136   219 -13.143  -0.573  -1.609                         
    IL   230   230 3   230     3     1     2   138   221  -3.804  -0.108 -11.448                          0.000  0.000  0.000  0.000 
                                             [ MATL   77 ]    218      - u - - -
    ML   231   230 3   233     3     1     1   137   220  -5.254  -0.075  -5.371                          0.156 -0.224 -0.546  0.427 
     D   232   230 3   233     3     0     0   133   216 -11.954  -1.988  -0.420                         
    IL   233   233 3   233     3     1     2   138   221  -1.053  -0.956  -8.697                          0.000  0.000  0.000  0.000 
                                             [ MATL   78 ]    220      - g - - -
    ML   234   233 3   236     3     1     1   136   219  -5.458  -0.067  -5.458                         -0.237 -0.436  0.488  0.014 
     D   235   233 3   236     3     0     0   132   215 -11.976  -2.011  -0.412                         
    IL   236   236 3   236     3     1     1   142   226  -0.384  -2.121  -8.028                          0.000  0.000  0.000  0.000 
                                             [ MATL   79 ]    221      - u - - -
    ML   237   236 3   239     3     1     1   134   217  -5.458  -0.067  -5.458                         -0.606 -0.709  0.296  0.588 
     D   238   236 3   239     3     0     0   130   213 -11.976  -2.011  -0.412                         
    IL   239   239 3   239     3     1     1   141   225  -0.384  -2.121  -8.028                          0.000  0.000  0.000  0.000 
                                             [ MATL   80 ]    222      - U - - -
    ML   240   239 3   242     3     1     1   133   216  -5.458  -0.067  -5.458                         -0.654 -0.637 -0.514  1.016 
     D   241   239 3   242     3     0     0   129   212 -11.976  -2.011  -0.412                         
    IL   242   242 3   242     3     1     1   139   223  -0.384  -2.121  -8.028                          0.000  0.000  0.000  0.000 
                                             [ MATL   81 ]    223      - u - - -
    ML   243   242 3   245     3     1     1   131   214  -5.458  -0.067  -5.458                          0.045 -0.626 -0.604  0.734 
     D   244   242 3   245     3     0     0   128   210 -11.976  -2.011  -0.412                         
    IL   245   245 3   245     3     1     1   138   222  -0.384  -2.121  -8.028                          0.000  0.000  0.000  0.000 
                                             [ MATL   82 ]    224      - u - - -
    ML   246   245 3   248     3     1     1   130   213  -5.458  -0.067  -5.458                         -0.603 -0.659  0.122  0.697 
     D   247   245 3   248     3     0     0   127   209 -11.976  -2.011  -0.412                         
    IL   248   248 3   248     3     1     1   136   220  -0.384  -2.121  -8.028                          0.000  0.000  0.000  0.000 
                                             [ MATL   83 ]    225      - c - - -
    ML   249   248 3   251     3     1     1   129   211  -5.007  -0.120  -4.356                         -0.601  0.452 -0.329  0.235 
     D   250   248 3   251     3     0     0   125   208 -11.976  -2.011  -0.412                         
    IL   251   251 3   251     3     1     1   130   213  -0.811  -1.221  -9.958                          0.000  0.000  0.000  0.000 
                                             [ MATL   84 ]    228      - C - - -
    ML   252   251 3   254     3     1     1   128   210  -5.420  -0.069  -5.420                         -1.444  1.428 -1.626 -0.697 
     D   253   251 3   254     3     0     0   124   207 -12.338  -1.270  -0.773                         
    IL   254   254 3   254     3     1     1   134   218  -0.384  -2.121  -8.028                          0.000  0.000  0.000  0.000 
                                             [ MATL   85 ]    229      - A - - -
    ML   255   254 3   257     3     1     1   126   209  -5.458  -0.067  -5.458                          1.632 -1.913 -1.651 -1.659 
     D   256   254 3   257     3     0     0   122   204 -11.976  -2.011  -0.412                         
    IL   257   257 3   257     3     1     1   133   216  -0.384  -2.121  -8.028                          0.000  0.000  0.000  0.000 
                                             [ MATL   86 ]    230      - U - - -
    ML   258   257 3   260     3     1     1   125   207  -5.458  -0.067  -5.458                         -1.361 -0.992 -1.515  1.464 
     D   259   257 3   260     3     0     0   121   203 -11.976  -2.011  -0.412                         
    IL   260   260 3   260     3     1     1   131   215  -0.384  -2.121  -8.028                          0.000  0.000  0.000  0.000 
                                             [ MATL   87 ]    231      - G - - -
    ML   261   260 3   263     3     1     1   124   206  -5.458  -0.067  -5.458                         -0.540 -1.661  1.377 -1.327 
     D   262   260 3   263     3     0     0   120   201 -11.976  -2.011  -0.412                         
    IL   263   263 3   263     3     1     1   130   213  -0.384  -2.121  -8.028                          0.000  0.000  0.000  0.000 
                                             [ MATL   88 ]    232      - G - - -
    ML   264   263 3   266     3     1     1   122   204  -5.458  -0.067  -5.458                          0.049 -1.345  1.049 -0.992 
     D   265   263 3   266     3     0     0   118   200 -11.976  -2.011  -0.412                         
    IL   266   266 3   266     3     1     1   129   211  -0.384  -2.121  -8.028                          0.000  0.000  0.000  0.000 
                                             [ MATL   89 ]    233      - C - - -
    ML   267   266 3   269     3     1     1   121   203  -5.458  -0.067  -5.458                         -1.683  1.559 -1.865 -1.099 
     D   268   266 3   269     3     0     0   117   198 -11.976  -2.011  -0.412                         
    IL   269   269 3   269     3     1     1   127   210  -0.384  -2.121  -8.028                          0.000  0.000  0.000  0.000 
                                             [ MATL   90 ]    234      - A - - -
    ML   270   269 3   272     3     1     1   119   201  -5.458  -0.070  -5.334                          1.632 -1.913 -1.651 -1.659 
     D   271   269 3   272     3     0     0   115   197 -11.976  -2.011  -0.412                         
    IL   272   272 3   272     3     1     1   126   208  -0.384  -2.121  -8.028                          0.000  0.000  0.000  0.000 
                                             [ MATL   91 ]    235      - a - - -
    ML   273   272 3   275     3     1     1   118   199  -5.455  -0.067  -5.455                          0.857 -0.840 -0.812  0.085 
     D   274   272 3   275     3     0     0   114   195 -12.008  -1.918  -0.444                         
    IL   275   275 3   275     3     1     1   125   207  -0.384  -2.121  -8.028                          0.000  0.000  0.000  0.000 
                                             [ MATL   92 ]    236      - a - - -
    ML   276   275 3   278     3     1     1   117   198  -5.458  -0.067  -5.458                          0.769 -1.126  0.325 -0.775 
     D   277   275 3   278     3     0     0   113   193 -11.976  -2.011  -0.412                         
    IL   278   278 3   278     3     1     1   123   205  -0.384  -2.121  -8.028                          0.000  0.000  0.000  0.000 
                                             [ MATL   93 ]    237      - C - - -
    ML   279   278 3   281     3     1     1   115   196  -5.458  -0.067  -5.458                         -1.578  1.538 -1.817 -1.064 
     D   280   278 3   281     3     0     0   111   192 -11.976  -2.011  -0.412                         
    IL   281   281 3   281     3     1     1   122   204  -0.384  -2.121  -8.028                          0.000  0.000  0.000  0.000 
                                             [ MATL   94 ]    238      - U - - -
    ML   282   281 3   284     3     1     1   114   195  -5.458  -0.067  -5.458                         -1.455 -1.164 -1.603  1.516 
     D   283   281 3   284     3     0     0   110   190 -11.976  -2.011  -0.412                         
    IL   284   284 3   284     3     1     1   121   202  -0.384  -2.121  -8.028                          0.000  0.000  0.000  0.000 
                                             [ MATL   95 ]    239      - C - - -
    ML   285   284 3   287     3     1     1   112   193  -5.458  -0.067  -5.458                         -1.683  1.559 -1.865 -1.099 
     D   286   284 3   287     3     0     0   108   189 -11.976  -2.011  -0.412                         
    IL   287   287 3   287     3     1     1   119   201  -0.384  -2.121  -8.028                          0.000  0.000  0.000  0.000 
                                             [ MATL   96 ]    240      - C - - -
    ML   288   287 3   290     3     1     1   111   191  -5.458  -0.067  -5.458                         -1.683  1.559 -1.865 -1.099 
     D   289   287 3   290     3     0     0   107   187 -11.976  -2.011  -0.412                         
    IL   290   290 3   290     3     1     1   118   199  -0.384  -2.121  -8.028                          0.000  0.000  0.000  0.000 
                                             [ MATL   97 ]    241      - U - - -
    ML   291   290 3   293     3     1     1   110   190  -4.784  -0.102  -4.973                         -1.018 -0.102 -1.181  1.094 
     D   292   290 3   293     3     0     0   106   186 -11.976  -2.011  -0.412                         
    IL   293   293 3   293     3     1     1   111   191  -0.868  -1.147 -10.504                          0.000  0.000  0.000  0.000 
                                             [ MATL   98 ]    244      - U - - -
    ML   294   293 3   296     3     1     1   109   189  -5.445  -0.105  -4.412                         -0.248 -0.794 -0.834  1.014 
     D   295   293 3   296     3     0     0   104   184 -12.113  -2.040  -0.402                         
    IL   296   296 3   296     3     1     1   115   196  -0.384  -2.121  -8.028                          0.000  0.000  0.000  0.000 
                                             [ MATL   99 ]    245      - U - - -
    ML   297   296 3   299     3     1     1   107   187  -5.412  -0.145  -3.789                         -0.415 -0.793 -0.835  1.079 
     D   298   296 3   299     3     0     0   102   181 -12.399  -2.433  -0.296                         
    IL   299   299 3   299     3     1     1   114   195  -0.384  -2.121  -8.028                          0.000  0.000  0.000  0.000 
                                             [ MATL  100 ]    246      - U - - -
    ML   300   299 3   302     3     1     1   106   186  -5.340  -0.103  -4.498                         -1.251 -0.994 -1.385  1.430 
     D   301   299 3   302     3     0     0   100   179 -12.869  -2.903  -0.207                         
    IL   302   302 3   302     3     1     1   113   193  -0.384  -2.121  -8.028                          0.000  0.000  0.000  0.000 
                                             [ MATL  101 ]    247      - a - - -
    ML   303   302 3   305     3     1     1   105   184  -5.312  -0.125  -4.120                          0.393 -0.639 -0.451  0.393 
     D   304   302 3   305     3     0     0    99   178 -13.014  -2.645  -0.252                         
    IL   305   305 3   305     3     1     1   111   192  -0.384  -2.121  -8.028                          0.000  0.000  0.000  0.000 
                                             [ MATL  102 ]    248      - a - - -
    ML   306   305 3   308     3     1     1   103   182  -5.276  -0.076  -5.276                          0.523 -0.640 -0.194  0.066 
     D   307   305 3   308     3     0     0    97   175 -13.173  -3.207  -0.166                         
    IL   308   308 3   308     3     1     1   110   190  -0.384  -2.121  -8.028                          0.000  0.000  0.000  0.000 
                                             [ MATL  103 ]    249      - g - - -
    ML   309   308 3   311     3     1     1   102   181  -5.276  -0.076  -5.276                          0.202 -1.076  0.823 -0.724 
     D   310   308 3   311     3     0     0    95   174 -13.173  -3.207  -0.166                         
    IL   311   311 3   311     3     1     1   109   188  -0.384  -2.121  -8.028                          0.000  0.000  0.000  0.000 
                                             [ MATL  104 ]    250      - a - - -
    ML   312   311 3   314     3     1     1   100   179  -5.276  -0.076  -5.276                          0.766 -0.977  0.196 -0.632 
     D   313   311 3   314     3     0     0    94   173 -13.173  -3.207  -0.166                         
    IL   314   314 3   314     3     1     1   107   187  -0.384  -2.121  -8.028                          0.000  0.000  0.000  0.000 
                                             [ MATL  105 ]    251      - A - - -
    ML   315   314 3   317     3     1     1    99   177  -4.900  -0.095  -5.057                          1.051 -1.069 -0.229 -0.743 
     D   316   314 3   317     3     0     0    93   171 -13.173  -3.207  -0.166                         
    IL   317   317 3   317     3     1     1    99   178  -1.484  -0.643  -9.127                          0.000  0.000  0.000  0.000 
                                             [ MATL  106 ]    253      - U - - -
    ML   318   317 3   320     3     1     1    98   176  -5.270  -0.079  -5.199                         -0.487 -0.733 -0.920  1.109 
     D   319   317 3   320     3     0     0    92   170 -13.198  -3.013  -0.191                         
    IL   320   320 3   320     3     1     1   105   184  -0.384  -2.121  -8.028                          0.000  0.000  0.000  0.000 
                                             [ MATL  107 ]    254      - U - - -
    ML   321   320 3   323     3     1     1    96   174  -5.274  -0.282  -2.721                         -1.144 -0.904 -1.268  1.377 
     D   322   320 3   323     3     0     0    91   169 -13.181  -3.144  -0.173                         
    IL   323   323 3   323     3     1     1   103   183  -0.384  -2.121  -8.028                          0.000  0.000  0.000  0.000 
                                             [ MATL  108 ]    255      - U - - -
    ML   324   323 3   326     3     1     1    95   173  -5.082  -0.088  -5.082                         -0.864 -0.664 -0.952  1.203 
     D   325   323 3   326     3     0     0    90   168 -13.784  -1.265  -0.777                         
    IL   326   326 3   326     3     1     1   102   181  -0.384  -2.121  -8.028                          0.000  0.000  0.000  0.000 
                                             [ MATL  109 ]    256      - A - - -
    ML   327   326 3   329     3     1     1    93   171  -5.276  -0.076  -5.276                          1.449 -1.453 -1.112 -1.181 
     D   328   326 3   329     3     0     0    86   163 -13.173  -3.207  -0.166                         
    IL   329   329 3   329     3     1     1   100   179  -0.384  -2.121  -8.028                          0.000  0.000  0.000  0.000 
                                             [ MATL  110 ]    257      - U - - -
    ML   330   329 3   332     3     1     1    92   169  -5.276  -0.076  -5.276                         -0.920 -0.413 -1.058  1.164 
     D   331   329 3   332     3     0     0    85   161 -13.173  -3.207  -0.166                         
    IL   332   332 3   332     3     1     1    99   177  -0.384  -2.121  -8.028                          0.000  0.000  0.000  0.000 
                                             [ MATL  111 ]    258      - C - - -
    ML   333   332 3   335     3     1     1    90   167  -5.276  -0.076  -5.276                         -1.222  1.331 -1.379 -0.577 
     D   334   332 3   335     3     0     0    83   160 -13.173  -3.207  -0.166                         
    IL   335   335 3   335     3     1     1    97   175  -0.384  -2.121  -8.028                          0.000  0.000  0.000  0.000 
                                             [ MATL  112 ]    259      - C - - -
    ML   336   335 3   338     3     1     1    88   165  -5.276  -0.076  -5.276                         -1.330  1.417 -1.482 -0.801 
     D   337   335 3   338     3     0     0    81   158 -13.173  -3.207  -0.166                         
    IL   338   338 3   338     3     1     1    96   173  -0.384  -2.121  -8.028                          0.000  0.000  0.000  0.000 
                                             [ MATL  113 ]    260      - C - - -
    ML   339   338 3   341     3     1     1    87   163  -5.276  -0.076  -5.276                         -1.290  1.388 -1.445 -0.720 
     D   340   338 3   341     3     0     0    80   156 -13.173  -3.207  -0.166                         
    IL   341   341 3   341     3     1     1    94   172  -0.384  -2.121  -8.028                          0.000  0.000  0.000  0.000 
                                             [ MATL  114 ]    261      - C - - -
    ML   342   341 3   344     3     1     1    85   161  -5.276  -0.076  -5.276                         -1.287  1.385 -1.441 -0.712 
     D   343   341 3   344     3     0     0    78   154 -13.173  -3.207  -0.166                         
    IL   344   344 3   344     3     1     1    93   170  -0.384  -2.121  -8.028                          0.000  0.000  0.000  0.000 
                                             [ MATL  115 ]    262      - A - - -
    ML   345   344 3   347     3     1     1    83   159  -5.276  -0.076  -5.276                          1.487 -1.513 -1.234 -1.249 
     D   346   344 3   347     3     0     0    77   152 -13.173  -3.207  -0.166                         
    IL   347   347 3   347     3     1     1    91   168  -0.384  -2.121  -8.028                          0.000  0.000  0.000  0.000 
                                             [ MATL  116 ]    263      - U - - -
    ML   348   347 3   350     3     1     1    82   157  -4.836  -0.091  -5.276                         -1.147 -0.906 -1.272  1.379 
     D   349   347 3   350     3     0     0    76   151 -13.173  -3.207  -0.166                         
    IL   350   350 3   350     3     1     1    82   158  -1.627  -0.568  -9.270                          0.000  0.000  0.000  0.000 
                                             [ MATL  117 ]    265      - A - - -
    ML   351   350 3   353     3     1     1    81   156  -5.276  -0.076  -5.276                          1.487 -1.513 -1.234 -1.249 
     D   352   350 3   353     3     0     0    74   149 -13.173  -3.207  -0.166                         
    IL   353   353 3   353     3     1     1    89   165  -0.384  -2.121  -8.028                          0.000  0.000  0.000  0.000 
                                             [ MATL  118 ]    266      - A - - -
    ML   354   353 3   356     3     1     1    79   154  -4.965  -0.086  -5.276                          1.487 -1.513 -1.234 -1.249 
     D   355   353 3   356     3     0     0    73   147 -13.173  -3.207  -0.166                         
    IL   356   356 3   356     3     1     1    80   155  -1.326  -0.739  -8.970                          0.000  0.000  0.000  0.000 
                                             [ MATL  119 ]    268      - u - - -
    ML   357   356 3   359     3     1     1    78   153  -5.276  -0.090  -4.856                         -0.480 -0.337 -0.530  0.847 
     D   358   356 3   359     3     0     0    71   146 -13.173  -3.207  -0.166                         
    IL   359   359 3   359     3     1     1    86   162  -0.384  -2.121  -8.028                          0.000  0.000  0.000  0.000 
                                             [ MATL  120 ]    269      - c - - -
    ML   360   359 3   362     3     1     1    76   151  -5.264  -0.077  -5.264                         -0.755  0.572 -0.842  0.446 
     D   361   359 3   362     3     0     0    69   144 -13.225  -3.259  -0.159                         
    IL   362   362 3   362     3     1     1    84   160  -0.384  -2.121  -8.028                          0.000  0.000  0.000  0.000 
                                             [ MATL  121 ]    270      - g - - -
    ML   363   362 3   365     3     1     1    75   149  -5.264  -0.077  -5.264                         -0.476  0.104  0.519 -0.370 
     D   364   362 3   365     3     0     0    68   142 -13.225  -2.838  -0.217                         
    IL   365   365 3   365     3     1     1    83   158  -0.384  -2.121  -8.028                          0.000  0.000  0.000  0.000 
                                             [ MATL  122 ]    271      - c - - -
    ML   366   365 3   368     3     1     1    73   147  -4.084  -0.128  -5.276                         -0.488  0.425  0.115 -0.215 
     D   367   365 3   368     3     0     0    66   140 -13.173  -3.207  -0.166                         
    IL   368   368 3   368     3     1     1    73   147  -2.951  -0.201 -10.595                          0.000  0.000  0.000  0.000 
                                             [ MATL  123 ]    273      - a - - -
    ML   369   368 3   371     3     1     1    72   146  -5.276  -0.083  -5.049                          0.612 -0.660 -0.266  0.009 
     D   370   368 3   371     3     0     0    64   138 -13.173  -3.207  -0.166                         
    IL   371   371 3   371     3     1     1    80   155  -0.384  -2.121  -8.028                          0.000  0.000  0.000  0.000 
                                             [ MATL  124 ]    274      - C - - -
    ML   372   371 3   374     3     1     1    70   144  -5.270  -0.077  -5.270                         -1.123  1.291 -1.317 -0.529 
     D   373   371 3   374     3     0     0    62   135 -13.199  -3.006  -0.192                         
    IL   374   374 3   374     3     1     1    78   153  -0.384  -2.121  -8.028                          0.000  0.000  0.000  0.000 
                                             [ MATL  125 ]    275      - U - - -
    ML   375   374 3   377     3     1     1    68   141  -5.276  -0.076  -5.276                         -1.147 -0.906 -1.272  1.379 
     D   376   374 3   377     3     0     0    60   132 -13.173  -3.207  -0.166                         
    IL   377   377 3   377     3     1     1    76   151  -0.384  -2.121  -8.028                          0.000  0.000  0.000  0.000 
                                             [ MATL  126 ]    276      - U - - -
    ML   378   377 3   380     3     1     1    66   139  -5.276  -0.076  -5.276                         -1.147 -0.906 -1.272  1.379 
     D   379   377 3   380     3     0     0    58   130 -13.173  -3.207  -0.166                         
    IL   380   380 3   380     3     1     1    75   148  -0.384  -2.121  -8.028                          0.000  0.000  0.000  0.000 
                                             [ MATL  127 ]    277      - A - - -
    ML   381   380 3   383     3     1     1    64   136  -5.276  -0.076  -5.276                          1.487 -1.513 -1.234 -1.249 
     D   382   380 3   383     3     0     0    55   127 -13.173  -3.207  -0.166                         
    IL   383   383 3   383     3     1     1    73   146  -0.384  -2.121  -8.028                          0.000  0.000  0.000  0.000 
                                             [ MATL  128 ]    278      - U - - -
    ML   384   383 3   386     3     1     1    62   133  -5.276  -0.076  -5.276                         -1.147 -0.906 -1.272  1.379 
     D   385   383 3   386     3     0     0    53   124 -13.173  -3.207  -0.166                         
    IL   386   386 3   386     3     1     1    71   143  -0.384  -2.121  -8.028                          0.000  0.000  0.000  0.000 
                                             [ MATL  129 ]    279      - G - - -
    ML   387   386 3   389     3     1     1    59   130  -5.276  -0.076  -5.276                         -1.264 -1.827  1.564 -1.536 
     D   388   386 3   389     3     0     0    50   120 -13.173  -3.207  -0.166                         
    IL   389   389 3   389     3     1     1    69   141  -0.384  -2.121  -8.028                          0.000  0.000  0.000  0.000 
                                             [ MATL  130 ]    280      - G - - -
    ML   390   389 3   392     3     1     1    57   127  -5.276  -0.076  -5.276                         -1.264 -1.827  1.564 -1.536 
     D   391   389 3   392     3     0     0    46   116 -13.173  -3.207  -0.166                         
    IL   392   392 3   392     3     1     1    67   138  -0.384  -2.121  -8.028                          0.000  0.000  0.000  0.000 
                                             [ MATL  131 ]    281      - G - - -
    ML   393   392 3   395     3     1     1    53   123  -5.276  -0.076  -5.276                         -1.264 -1.827  1.564 -1.536 
     D   394   392 3   395     3     0     0    41   110 -13.173  -3.207  -0.166                         
    IL   395   395 3   395     3     1     1    64   135  -0.384  -2.121  -8.028                          0.000  0.000  0.000  0.000 
                                             [ MATL  132 ]    282      - G - - -
    ML   396   395 3   398     3     1     1    49   118  -5.276  -0.111  -4.383                         -1.264 -1.827  1.564 -1.536 
     D   397   395 3   398     3     0     0    28    97 -13.173  -3.207  -0.166                         
    IL   398   398 3   398     3     1     1    62   131  -0.384  -2.121  -8.028                          0.000  0.000  0.000  0.000 
                                             [ MATL  133 ]    283      - G - - -
    ML   399   398 3   401     2     1     1     1     1       *   0.000                                 -1.214 -1.758  1.542 -1.466 
     D   400   398 3   401     2     0     0     0     0       *   0.000                                 
    IL   401   401 3   401     2     1     1    13    28  -1.823  -0.479                                  0.000  0.000  0.000  0.000 
                                             [ END   134 ]      -      - - - - -
     E   402   401 3    -1     0     0     0     0     0                                                 
//
HMMER3/f [3.1b3 | July 2016]
NAME  t_nt_aapa_isoa_evalue_round5_0001
LENG  133
MAXL  231
ALPH  RNA
RF    no
MM    no
CONS  yes
CS    yes
MAP   no
DATE  Thu Jan 23 19:15:34 2020
COM   [1] cmbuild /home/co78wid/projects/master/results/ta_systems/aapa_isoa/aapa_isoa_evalue/2_structure_analysis/infernal_search/t_nt_aapa_isoa_evalue_cmbuild.txt /home/co78wid/projects/master/results/ta_systems/aapa_isoa/aapa_isoa_evalue/1_sequence_analysis/fold/t_nt_aapa_isoa_evalue_round5.stk
COM   [2] cmbuild /home/co78wid/projects/master/results/ta_systems/aapa_isoa/aapa_isoa_evalue/2_structure_analysis/infernal_search/t_nt_aapa_isoa_evalue_cmbuild.txt /home/co78wid/projects/master/results/ta_systems/aapa_isoa/aapa_isoa_evalue/1_sequence_analysis/fold/t_nt_aapa_isoa_evalue_round5.stk
NSEQ  235
EFFN  2.298508
STATS LOCAL MSV       -9.8991  0.71790
STATS LOCAL VITERBI  -11.4244  0.71790
STATS LOCAL FORWARD   -2.5471  0.71790
HMM          A        C        G        U   
            m->m     m->i     m->d     i->m     i->i     d->m     d->d
  COMPO   1.22113  1.52465  1.63354  1.23043
          1.38629  1.38629  1.38629  1.38629
          0.25112  4.91561  1.53834  0.39730  1.11515  0.00000        *
      1   1.91607  1.03228  2.01383  1.01295      - u - - :
          1.38629  1.38629  1.38629  1.38629
          0.05497  3.62156  3.62156  1.46634  0.26236  2.28801  0.10699
      2   2.12934  1.97037  2.21016  0.45887      - U - - :
          1.38629  1.38629  1.38629  1.38629
          0.05485  3.62355  3.62355  1.46634  0.26236  1.70644  0.20030
      3   2.08721  1.84715  2.17682  0.50273      - U - - :
          1.38629  1.38629  1.38629  1.38629
          0.05352  3.64750  3.64750  1.46634  0.26236  2.26242  0.10992
      4   1.95031  0.95161  2.05203  1.06951      - c - - :
          1.38629  1.38629  1.38629  1.38629
          0.05352  3.64750  3.64750  1.46634  0.26236  2.26242  0.10992
      5   1.03533  1.26255  1.83008  1.60167      - a - - :
          1.38629  1.38629  1.38629  1.38629
          0.05352  3.64750  3.64750  1.46634  0.26236  1.94549  0.15422
      6   0.35529  2.43535  2.24160  2.25215      - A - - :
          1.38629  1.38629  1.38629  1.38629
          0.05299  3.65717  3.65717  1.46634  0.26236  2.22283  0.11463
      7   1.21118  1.69981  1.78936  1.04308      - u - - :
          1.38629  1.38629  1.38629  1.38629
          0.05587  3.65717  3.55683  1.46634  0.26236  2.22283  0.11463
      8   0.48350  2.26265  1.88729  2.05713      - A - - :
          1.38629  1.38629  1.38629  1.38629
          0.05835  3.65445  3.48012  1.46634  0.26236  2.13384  0.12600
      9   0.35976  2.42523  2.23087  2.24182      - A - - :
          1.38629  1.38629  1.38629  1.38629
          0.05326  3.65225  3.65225  1.46634  0.26236  2.06891  0.13504
     10   0.35529  2.43535  2.24160  2.25215      - A - - :
          1.38629  1.38629  1.38629  1.38629
          0.05299  3.65717  3.65717  1.46634  0.26236  2.22283  0.11463
     11   0.35529  2.43535  2.24160  2.25215      - A - - :
          1.38629  1.38629  1.38629  1.38629
          0.08571  2.87641  3.65717  0.14918  1.97626  2.22283  0.11463
     12   2.08943  0.58019  2.22065  1.57064      - C - - :
          1.38629  1.38629  1.38629  1.38629
          0.05299  3.65717  3.65717  1.46634  0.26236  2.22283  0.11463
     13   0.39298  2.37665  2.12243  2.18606      - A - - :
          1.38629  1.38629  1.38629  1.38629
          0.05299  3.65717  3.65717  1.46634  0.26236  2.22283  0.11463
     14   0.54892  2.17408  1.79673  1.94580      - A - - :
          1.38629  1.38629  1.38629  1.38629
          0.05299  3.65717  3.65717  1.46634  0.26236  2.22283  0.11463
     15   1.86294  0.97158  2.01135  1.10114      - c - - :
          1.38629  1.38629  1.38629  1.38629
          0.05299  3.65717  3.65717  1.46634  0.26236  2.22283  0.11463
     16   1.18278  1.48097  1.44531  1.46758      - a - - :
          1.38629  1.38629  1.38629  1.38629
          0.05299  3.65717  3.65717  1.46634  0.26236  2.22283  0.11463
     17   0.55669  2.19584  1.72840  1.98005      - A - - :
          1.38629  1.38629  1.38629  1.38629
          0.66144  1.20224  1.69623  0.01851  3.99872  0.40059  1.10844
     18   1.99183  1.93944  2.14685  0.50597      - U - - :
          1.38629  1.38629  1.38629  1.38629
          0.05431  3.63314  3.63314  1.46634  0.26236  0.35690  1.20345
     19   2.39424  2.19267  2.49680  0.33576      - U - - :
          1.38629  1.38629  1.38629  1.38629
          0.04659  3.78277  3.78277  1.46634  0.26236  1.39815  0.28376
     20   2.36048  2.17414  2.42837  0.35135      - U - - :
          1.38629  1.38629  1.38629  1.38629
          0.04659  3.78277  3.78277  1.46634  0.26236  1.39815  0.28376
     21   0.25537  2.71157  2.52943  2.53531      - A - - :
          1.38629  1.38629  1.38629  1.38629
          0.04659  3.78277  3.78277  1.46634  0.26236  1.39815  0.28376
     22   1.00368  1.14246  1.97918  1.73581      - a - - :
          1.38629  1.38629  1.38629  1.38629
          0.04659  3.78277  3.78277  1.46634  0.26236  1.24620  0.33911
     23   0.80317  2.17344  1.22656  1.93096      - a - - :
          1.38629  1.38629  1.38629  1.38629
          0.04641  3.78649  3.78649  1.46634  0.26236  1.35676  0.29772
     24   2.49404  0.33957  2.62436  2.01847      - C - - :
          1.38629  1.38629  1.38629  1.38629
          0.05731  3.41056  3.78649  0.32739  1.27585  1.35676  0.29772
     25   2.29331  0.50105  2.41982  1.58848      - C - - :
          1.38629  1.38629  1.38629  1.38629
          0.04641  3.78649  3.78649  1.46634  0.26236  1.35676  0.29772
     26   2.34311  0.45187  2.47189  1.69768      - C - - :
          1.38629  1.38629  1.38629  1.38629
          0.05654  3.78649  3.43284  1.46634  0.26236  1.35676  0.29772
     27   1.71191  1.04738  1.99489  1.10083      - c - - :
          1.38629  1.38629  1.38629  1.38629
          0.05409  3.56143  3.71920  0.51036  0.91699  1.10679  0.40140
     28   0.27288  2.67080  2.44551  2.48971      - A - - :
          1.38629  1.38629  1.38629  1.38629
          0.04647  3.78515  3.78515  1.46634  0.26236  1.31429  0.31288
     29   0.25281  2.72028  2.53833  2.54426      - A - - :
          1.38629  1.38629  1.38629  1.38629
          0.04641  3.78649  3.78649  1.46634  0.26236  1.35676  0.29772
     30   0.25281  2.72028  2.53833  2.54426      - A - - :
          1.38629  1.38629  1.38629  1.38629
          0.04641  3.78649  3.78649  1.46634  0.26236  1.35676  0.29772
     31   0.33061  2.41450  2.37616  2.31066      - A - - :
          1.38629  1.38629  1.38629  1.38629
          0.04641  3.78649  3.78649  1.46634  0.26236  1.35676  0.29772
     32   0.27989  2.65562  2.41334  2.47261      - A - - :
          1.38629  1.38629  1.38629  1.38629
          0.05217  3.63981  3.70595  0.65102  0.73713  1.35676  0.29772
     33   1.05159  1.36618  1.84480  1.43766      - a - - :
          1.38629  1.38629  1.38629  1.38629
          0.06415  3.23345  3.78459  0.22434  1.60466  1.29759  0.31909
     34   2.46628  2.93646  0.22649  2.73767      - G - - :
          1.38629  1.38629  1.38629  1.38629
          0.05128  3.60052  3.78649  0.56330  0.84241  1.35676  0.29772
     35   0.80603  1.44629  1.96244  1.72926      - a - - :
          1.38629  1.38629  1.38629  1.38629
          0.04641  3.78649  3.78649  1.46634  0.26236  1.35676  0.29772
     36   0.25281  2.72028  2.53833  2.54426      - A - - :
          1.38629  1.38629  1.38629  1.38629
          0.04641  3.78649  3.78649  1.46634  0.26236  1.35676  0.29772
     37   0.25281  2.72028  2.53833  2.54426      - A - - :
          1.38629  1.38629  1.38629  1.38629
          0.04641  3.78649  3.78649  1.46634  0.26236  1.35676  0.29772
     38   1.42201  1.90936  1.98398  0.74850      - u - - :
          1.38629  1.38629  1.38629  1.38629
          0.04641  3.78649  3.78649  1.46634  0.26236  1.35676  0.29772
     39   2.07906  1.36917  2.19237  0.67535      - U - - :
          1.38629  1.38629  1.38629  1.38629
          0.04641  3.78649  3.78649  1.46634  0.26236  1.30187  0.31749
     40   2.40325  2.20017  2.50636  0.33236      - U - - :
          1.38629  1.38629  1.38629  1.38629
          0.04635  3.78777  3.78777  1.46634  0.26236  1.34212  0.30285
     41   2.17402  0.66452  2.29447  1.30585      - C - - :
          1.38629  1.38629  1.38629  1.38629
          0.04635  3.78777  3.78777  1.46634  0.26236  1.34212  0.30285
     42   0.27488  2.66777  2.43411  2.48586      - A - - :
          1.38629  1.38629  1.38629  1.38629
          0.04635  3.78777  3.78777  1.46634  0.26236  1.34212  0.30285
     43   0.25194  2.72327  2.54139  2.54734      - A - - :
          1.38629  1.38629  1.38629  1.38629
          0.04762  3.78777  3.73565  1.46634  0.26236  1.34212  0.30285
     44   1.51446  2.40698  0.55270  2.16640      - G - - :
          1.38629  1.38629  1.38629  1.38629
          0.04641  3.78656  3.78656  1.46634  0.26236  1.30388  0.31673
     45   2.36428  2.88002  0.24705  2.67731      - G - - :
          1.38629  1.38629  1.38629  1.38629
          0.04635  3.78777  3.78777  1.46634  0.26236  1.34212  0.30285
     46   2.28807  1.98694  2.39788  0.39971      - U - - :
          1.38629  1.38629  1.38629  1.38629
          0.04635  3.78777  3.78777  1.46634  0.26236  1.34212  0.30285
     47   0.25194  2.72327  2.54139  2.54734      - A - - :
          1.38629  1.38629  1.38629  1.38629
          0.04635  3.78777  3.78777  1.46634  0.26236  1.34212  0.30285
     48   2.27444  1.95982  2.38485  0.40923      - U - - :
          1.38629  1.38629  1.38629  1.38629
          0.04635  3.78777  3.78777  1.46634  0.26236  1.34212  0.30285
     49   0.25194  2.72327  2.54139  2.54734      - A - - :
          1.38629  1.38629  1.38629  1.38629
          0.04635  3.78777  3.78777  1.46634  0.26236  1.34212  0.30285
     50   0.28673  2.64130  2.38297  2.45645      - A - - :
          1.38629  1.38629  1.38629  1.38629
          0.04635  3.78777  3.78777  1.46634  0.26236  1.34212  0.30285
     51   2.34453  2.09360  2.45135  0.36429      - U - - :
          1.38629  1.38629  1.38629  1.38629
          0.04635  3.78777  3.78777  1.46634  0.26236  1.34212  0.30285
     52   1.66291  2.34162  0.53745  2.04016      - G - - :
          1.38629  1.38629  1.38629  1.38629
          0.04635  3.78777  3.78777  1.46634  0.26236  1.34212  0.30285
     53   1.58639  1.59494  1.95708  0.79596      - u - - :
          1.38629  1.38629  1.38629  1.38629
          0.24818  3.02379  1.76515  0.74953  0.63977  1.34212  0.30285
     54   2.07297  1.85430  2.15828  0.50733      - U - - :
          1.38629  1.38629  1.38629  1.38629
          0.08740  2.86301  3.62700  1.12047  0.39471  0.31777  1.30111
     55   2.05038  1.48819  2.15438  0.63571      - U - - :
          1.38629  1.38629  1.38629  1.38629
          0.04635  3.78777  3.78777  1.46634  0.26236  1.34212  0.30285
     56   2.21231  1.82376  2.32477  0.45993      - U - - :
          1.38629  1.38629  1.38629  1.38629
          0.07045  3.09265  3.78777  0.17225  1.84368  1.34212  0.30285
     57   1.71557  0.89932  1.83106  1.37416      - c - - :
          1.38629  1.38629  1.38629  1.38629
          0.05362  3.59606  3.69800  0.55223  0.85723  1.34212  0.30285
     58   1.93508  0.68777  2.09211  1.47199      - C - - :
          1.38629  1.38629  1.38629  1.38629
          0.06373  3.24306  3.78564  0.22814  1.58969  1.27660  0.32710
     59   0.90100  2.17246  1.09538  1.92739      - a - - :
          1.38629  1.38629  1.38629  1.38629
          0.04635  3.78777  3.78777  1.46634  0.26236  1.34212  0.30285
     60   0.94065  1.29361  1.87310  1.70538      - a - - :
          1.38629  1.38629  1.38629  1.38629
          0.04635  3.78777  3.78777  1.46634  0.26236  1.34212  0.30285
     61   1.93798  1.37044  0.80976  1.85123      - g - - :
          1.38629  1.38629  1.38629  1.38629
          0.04635  3.78777  3.78777  1.46634  0.26236  1.34212  0.30285
     62   0.32776  2.55928  2.22416  2.36506      - A - - :
          1.38629  1.38629  1.38629  1.38629
          0.04635  3.78777  3.78777  1.46634  0.26236  1.34212  0.30285
     63   1.82152  1.67194  0.87870  1.44811      - g - - :
          1.38629  1.38629  1.38629  1.38629
          0.04635  3.78777  3.78777  1.46634  0.26236  1.34212  0.30285
     64   2.08074  1.37123  2.19416  0.67351      - U - - :
          1.38629  1.38629  1.38629  1.38629
          0.04635  3.78777  3.78777  1.46634  0.26236  1.34212  0.30285
     65   1.82206  1.87480  1.43627  0.80496      - u - - :
          1.38629  1.38629  1.38629  1.38629
          0.04762  3.78777  3.73564  1.46634  0.26236  1.34212  0.30285
     66   2.40106  2.19836  2.50404  0.33318      - U - - :
          1.38629  1.38629  1.38629  1.38629
          0.04641  3.78656  3.78656  1.46634  0.26236  1.35601  0.29798
     67   2.26644  2.02281  2.39509  0.39620      - U - - :
          1.38629  1.38629  1.38629  1.38629
          0.24420  2.53994  1.98199  1.17150  0.37092  1.35601  0.29798
     68   2.19291  2.02412  2.28015  0.42460      - U - - :
          1.38629  1.38629  1.38629  1.38629
          0.05261  3.66426  3.66426  1.46634  0.26236  2.19255  0.11837
     69   1.46741  1.96556  0.87955  1.53977      - g - - :
          1.38629  1.38629  1.38629  1.38629
          0.05634  3.66426  3.53494  1.46634  0.26236  2.19255  0.11837
     70   1.99162  0.83583  2.09607  1.18067      - c - - :
          1.38629  1.38629  1.38629  1.38629
          0.05280  3.66071  3.66071  1.46634  0.26236  2.20784  0.11646
     71   2.05175  0.69638  2.15813  1.35649      - c - - :
          1.38629  1.38629  1.38629  1.38629
          0.05280  3.66071  3.66071  1.46634  0.26236  2.20784  0.11646
     72   0.69773  2.10960  1.47688  1.87960      - a - - :
          1.38629  1.38629  1.38629  1.38629
          0.05280  3.66071  3.66071  1.46634  0.26236  2.20784  0.11646
     73   2.03398  1.69101  2.12976  0.56918      - U - - :
          1.38629  1.38629  1.38629  1.38629
          0.05280  3.66071  3.66071  1.46634  0.26236  2.20784  0.11646
     74   1.75710  1.87480  1.15905  1.02086      - u - - :
          1.38629  1.38629  1.38629  1.38629
          0.05280  3.66071  3.66071  1.46634  0.26236  2.20784  0.11646
     75   2.18726  2.01935  2.27397  0.42751      - U - - :
          1.38629  1.38629  1.38629  1.38629
          0.05280  3.66071  3.66071  1.46634  0.26236  2.15571  0.12310
     76   1.83993  1.83947  1.55492  0.75276      - u - - :
          1.38629  1.38629  1.38629  1.38629
          0.12373  2.40020  3.66209  0.07433  2.63623  0.39738  1.11499
     77   1.27820  1.54147  1.76463  1.09022      - u - - :
          1.38629  1.38629  1.38629  1.38629
          0.05169  3.64146  3.72300  0.66004  0.72739  1.37756  0.29061
     78   1.55060  1.68885  1.04773  1.37669      - g - - :
          1.38629  1.38629  1.38629  1.38629
          0.04657  3.78320  3.78320  1.46634  0.26236  1.39347  0.28530
     79   1.80639  1.87761  1.18123  0.97844      - u - - :
          1.38629  1.38629  1.38629  1.38629
          0.04657  3.78320  3.78320  1.46634  0.26236  1.39347  0.28530
     80   1.83973  1.82817  1.74289  0.68237      - U - - :
          1.38629  1.38629  1.38629  1.38629
          0.04657  3.78320  3.78320  1.46634  0.26236  1.39347  0.28530
     81   1.35540  1.82038  1.80522  0.87766      - u - - :
          1.38629  1.38629  1.38629  1.38629
          0.04657  3.78320  3.78320  1.46634  0.26236  1.39347  0.28530
     82   1.80447  1.84340  1.30190  0.90351      - u - - :
          1.38629  1.38629  1.38629  1.38629
          0.04657  3.78320  3.78320  1.46634  0.26236  1.39347  0.28530
     83   1.80269  1.07314  1.61445  1.22346      - c - - :
          1.38629  1.38629  1.38629  1.38629
          0.08331  3.47084  3.01921  0.84507  0.56129  1.39347  0.28530
     84   2.38687  0.39626  2.51327  1.86918      - C - - :
          1.38629  1.38629  1.38629  1.38629
          0.04785  3.75676  3.75676  1.46634  0.26236  0.87997  0.53579
     85   0.25508  2.71258  2.53045  2.53635      - A - - :
          1.38629  1.38629  1.38629  1.38629
          0.04657  3.78320  3.78320  1.46634  0.26236  1.39347  0.28530
     86   2.32951  2.07414  2.43620  0.37179      - U - - :
          1.38629  1.38629  1.38629  1.38629
          0.04657  3.78320  3.78320  1.46634  0.26236  1.39347  0.28530
     87   1.76070  2.53787  0.43170  2.30621      - G - - :
          1.38629  1.38629  1.38629  1.38629
          0.04657  3.78320  3.78320  1.46634  0.26236  1.39347  0.28530
     88   1.35253  2.31844  0.65908  2.07419      - G - - :
          1.38629  1.38629  1.38629  1.38629
          0.04657  3.78320  3.78320  1.46634  0.26236  1.39347  0.28530
     89   2.55304  0.30537  2.67915  2.14827      - C - - :
          1.38629  1.38629  1.38629  1.38629
          0.04657  3.78320  3.78320  1.46634  0.26236  1.39347  0.28530
     90   0.25508  2.71258  2.53045  2.53635      - A - - :
          1.38629  1.38629  1.38629  1.38629
          0.04871  3.78320  3.69725  1.46634  0.26236  1.39347  0.28530
     91   0.79219  1.96866  1.94919  1.32760      - a - - :
          1.38629  1.38629  1.38629  1.38629
          0.04666  3.78115  3.78115  1.46634  0.26236  1.32955  0.30733
     92   0.85309  2.16707  1.16074  1.92320      - a - - :
          1.38629  1.38629  1.38629  1.38629
          0.04657  3.78320  3.78320  1.46634  0.26236  1.39347  0.28530
     93   2.47982  0.32058  2.64561  2.12403      - C - - :
          1.38629  1.38629  1.38629  1.38629
          0.04657  3.78320  3.78320  1.46634  0.26236  1.39347  0.28530
     94   2.39501  2.19332  2.49762  0.33547      - U - - :
          1.38629  1.38629  1.38629  1.38629
          0.04657  3.78320  3.78320  1.46634  0.26236  1.39347  0.28530
     95   2.55304  0.30537  2.67915  2.14827      - C - - :
          1.38629  1.38629  1.38629  1.38629
          0.04657  3.78320  3.78320  1.46634  0.26236  1.39347  0.28530
     96   2.55304  0.30537  2.67915  2.14827      - C - - :
          1.38629  1.38629  1.38629  1.38629
          0.04657  3.78320  3.78320  1.46634  0.26236  1.39347  0.28530
     97   2.09223  1.45722  2.20521  0.62834      - U - - :
          1.38629  1.38629  1.38629  1.38629
          0.07058  3.31588  3.44686  0.79458  0.60106  1.39347  0.28530
     98   1.55793  1.93671  1.96460  0.68312      - U - - :
          1.38629  1.38629  1.38629  1.38629
          0.07251  3.77406  3.05791  1.46634  0.26236  1.41388  0.27865
     99   1.67400  1.93590  1.96527  0.63848      - U - - :
          1.38629  1.38629  1.38629  1.38629
          0.10075  3.75155  2.62611  1.46634  0.26236  1.68605  0.20487
    100   2.25352  2.07509  2.34606  0.39500      - U - - :
          1.38629  1.38629  1.38629  1.38629
          0.07143  3.70144  3.11796  1.46634  0.26236  2.01219  0.14352
    101   1.11370  1.82925  1.69873  1.11411      - a - - :
          1.38629  1.38629  1.38629  1.38629
          0.08632  3.68168  2.85565  1.46634  0.26236  1.83313  0.17425
    102   1.02347  1.83024  1.52053  1.34062      - a - - :
          1.38629  1.38629  1.38629  1.38629
          0.05299  3.65717  3.65717  1.46634  0.26236  2.22283  0.11463
    103   1.24602  2.13187  0.81554  1.88824      - g - - :
          1.38629  1.38629  1.38629  1.38629
          0.05299  3.65717  3.65717  1.46634  0.26236  2.22283  0.11463
    104   0.85516  2.06344  1.25011  1.82453      - a - - :
          1.38629  1.38629  1.38629  1.38629
          0.05299  3.65717  3.65717  1.46634  0.26236  2.22283  0.11463
    105   0.65763  2.12734  1.54486  1.90096      - A - - :
          1.38629  1.38629  1.38629  1.38629
          0.06565  3.39615  3.50522  0.44357  1.02650  2.22283  0.11463
    106   1.72357  1.89468  2.02422  0.61784      - U - - :
          1.38629  1.38629  1.38629  1.38629
          0.05461  3.65293  3.60348  1.46634  0.26236  2.08849  0.13225
    107   2.17957  2.01286  2.26554  0.43151      - U - - :
          1.38629  1.38629  1.38629  1.38629
          0.19545  3.65587  1.88587  1.46634  0.26236  2.17885  0.12010
    108   1.98486  1.84672  2.04627  0.55229      - U - - :
          1.38629  1.38629  1.38629  1.38629
          0.06084  3.52285  3.52285  1.46634  0.26236  0.87648  0.53828
    109   0.38162  2.39348  2.15683  2.20506      - A - - :
          1.38629  1.38629  1.38629  1.38629
          0.05299  3.65717  3.65717  1.46634  0.26236  2.22283  0.11463
    110   2.02429  1.67272  2.11983  0.57959      - U - - :
          1.38629  1.38629  1.38629  1.38629
          0.05299  3.65717  3.65717  1.46634  0.26236  2.22283  0.11463
    111   2.23325  0.46355  2.34199  1.78596      - C - - :
          1.38629  1.38629  1.38629  1.38629
          0.05299  3.65717  3.65717  1.46634  0.26236  2.22283  0.11463
    112   2.30800  0.40410  2.41365  1.94158      - C - - :
          1.38629  1.38629  1.38629  1.38629
          0.05299  3.65717  3.65717  1.46634  0.26236  2.22283  0.11463
    113   2.28060  0.42446  2.38775  1.88505      - C - - :
          1.38629  1.38629  1.38629  1.38629
          0.05299  3.65717  3.65717  1.46634  0.26236  2.22283  0.11463
    114   2.27815  0.42636  2.38542  1.87998      - C - - :
          1.38629  1.38629  1.38629  1.38629
          0.05299  3.65717  3.65717  1.46634  0.26236  2.22283  0.11463
    115   0.35529  2.43535  2.24160  2.25215      - A - - :
          1.38629  1.38629  1.38629  1.38629
          0.05299  3.65717  3.65717  1.46634  0.26236  2.22283  0.11463
    116   2.18164  2.01461  2.26782  0.43042      - U - - :
          1.38629  1.38629  1.38629  1.38629
          0.06274  3.35221  3.65717  0.39211  1.12588  2.22283  0.11463
    117   0.35529  2.43535  2.24160  2.25215      - A - - :
          1.38629  1.38629  1.38629  1.38629
          0.05299  3.65717  3.65717  1.46634  0.26236  2.22283  0.11463
    118   0.35529  2.43535  2.24160  2.25215      - A - - :
          1.38629  1.38629  1.38629  1.38629
          0.05955  3.44178  3.65717  0.51036  0.91699  2.22283  0.11463
    119   1.71896  1.61996  1.75355  0.79922      - u - - :
          1.38629  1.38629  1.38629  1.38629
          0.06224  3.65717  3.36571  1.46634  0.26236  2.22283  0.11463
    120   1.90933  0.98971  1.96997  1.07682      - c - - :
          1.38629  1.38629  1.38629  1.38629
          0.05347  3.64840  3.64840  1.46634  0.26236  2.25882  0.11034
    121   1.71597  1.31441  1.02688  1.64272      - g - - :
          1.38629  1.38629  1.38629  1.38629
          0.05347  3.64840  3.64840  1.46634  0.26236  1.96735  0.15062
    122   1.72432  1.09195  1.30673  1.53507      - c - - :
          1.38629  1.38629  1.38629  1.38629
          0.08860  2.83056  3.65717  0.13857  2.04483  2.22283  0.11463
    123   0.96185  1.84360  1.57054  1.37977      - a - - :
          1.38629  1.38629  1.38629  1.38629
          0.05764  3.65717  3.49960  1.46634  0.26236  2.22283  0.11463
    124   2.16438  0.49165  2.29916  1.75319      - C - - :
          1.38629  1.38629  1.38629  1.38629
          0.05323  3.65276  3.65276  1.46634  0.26236  2.08357  0.13294
    125   2.18164  2.01461  2.26782  0.43042      - U - - :
          1.38629  1.38629  1.38629  1.38629
          0.05299  3.65717  3.65717  1.46634  0.26236  2.22283  0.11463
    126   2.18164  2.01461  2.26782  0.43042      - U - - :
          1.38629  1.38629  1.38629  1.38629
          0.05299  3.65717  3.65717  1.46634  0.26236  2.22283  0.11463
    127   0.35529  2.43535  2.24160  2.25215      - A - - :
          1.38629  1.38629  1.38629  1.38629
          0.05299  3.65717  3.65717  1.46634  0.26236  2.22283  0.11463
    128   2.18164  2.01461  2.26782  0.43042      - U - - :
          1.38629  1.38629  1.38629  1.38629
          0.05299  3.65717  3.65717  1.46634  0.26236  2.22283  0.11463
    129   2.26248  2.65273  0.30214  2.45090      - G - - :
          1.38629  1.38629  1.38629  1.38629
          0.05299  3.65717  3.65717  1.46634  0.26236  2.22283  0.11463
    130   2.26248  2.65273  0.30214  2.45090      - G - - :
          1.38629  1.38629  1.38629  1.38629
          0.05299  3.65717  3.65717  1.46634  0.26236  2.22283  0.11463
    131   2.26248  2.65273  0.30214  2.45090      - G - - :
          1.38629  1.38629  1.38629  1.38629
          0.05299  3.65717  3.65717  1.46634  0.26236  2.22283  0.11463
    132   2.26248  2.65273  0.30214  2.45090      - G - - :
          1.38629  1.38629  1.38629  1.38629
          0.07659  3.65717  3.03802  1.46634  0.26236  2.22283  0.11463
    133   2.22760  2.60469  0.31774  2.40249      - G - - :
          1.38629  1.38629  1.38629  1.38629
                *  0.00000        *  0.45905  0.99935  0.00000        *
//
