INFERNAL1/a [1.1.2 | July 2016]
NAME     t_pro_aapa_isoa_evalue_round5_0001
STATES   283
NODES    95
CLEN     93
W        224
ALPH     RNA
RF       no
CONS     yes
MAP      yes
DATE     Thu Jan 23 19:47:18 2020
COM      [1] cmbuild /home/co78wid/projects/master/results/ta_systems/aapa_isoa/aapa_isoa_evalue/2_structure_analysis/infernal_search/t_pro_aapa_isoa_evalue_cmbuild.txt /home/co78wid/projects/master/results/ta_systems/aapa_isoa/aapa_isoa_evalue/1_sequence_analysis/fold/t_pro_aapa_isoa_evalue_round5.stk
COM      [2] cmcalibrate --cpu 30 /home/co78wid/projects/master/results/ta_systems/aapa_isoa/aapa_isoa_evalue/2_structure_analysis/infernal_search/t_pro_aapa_isoa_evalue_cmbuild.txt
PBEGIN   0.05
PEND     0.05
WBETA    1e-07
QDBBETA1 1e-07
QDBBETA2 1e-15
N2OMEGA  1.52588e-05
N3OMEGA  1.52588e-05
ELSELF   -0.08926734
NSEQ     224
EFFN     5.314941
CKSUM    2732377803
NULL     0.000  0.000  0.000  0.000 
EFP7GF   -9.4255 0.71836
ECMLC    0.58089   -10.23712     0.02197     1600000      464870  0.002581
ECMGC    0.37848   -15.02977    -1.43184     1600000       68734  0.005820
ECMLI    0.41720   -10.40871     2.44770     1600000      256210  0.004684
ECMGI    0.42195    -6.45997     4.69462     1600000       44273  0.009035
CM
                                             [ ROOT    0 ]      -      - - - - -
     S     0    -1 0     1     4     1     1   224   397  -7.920  -8.127  -0.247  -2.741                 
    IL     1     1 2     1     4     5    41   226   399  -1.686  -2.369  -1.117  -4.855                  0.000  0.000  0.000  0.000 
    IR     2     2 3     2     3     5    41   226   399  -1.442  -0.798  -4.142                          0.000  0.000  0.000  0.000 
                                             [ MATL    1 ]     40      - g - - -
    ML     3     2 3     5     3     5    40   224   398  -6.035  -0.045  -6.035                          0.482 -1.902  0.995 -1.546 
     D     4     2 3     5     3     0    36   221   394 -13.620  -3.654  -0.120                         
    IL     5     5 3     5     3     7    42   228   402  -0.384  -2.121  -8.028                          0.000  0.000  0.000  0.000 
                                             [ MATL    2 ]     41      - u - - -
    ML     6     5 3     8     3     5    39   223   396  -6.035  -0.045  -6.035                         -0.865 -0.064  0.226  0.406 
     D     7     5 3     8     3     0    36   220   394 -13.620  -3.654  -0.120                         
    IL     8     8 3     8     3     6    41   227   401  -0.384  -2.121  -8.028                          0.000  0.000  0.000  0.000 
                                             [ MATL    3 ]     42      - u - - -
    ML     9     8 3    11     3     4    38   222   395  -6.035  -0.045  -6.035                         -1.686  0.760 -1.884  0.787 
     D    10     8 3    11     3     0    35   220   394 -13.620  -0.371  -2.141                         
    IL    11    11 3    11     3     5    40   226   400  -0.384  -2.121  -8.028                          0.000  0.000  0.000  0.000 
                                             [ MATL    4 ]     43      - a - - -
    ML    12    11 3    14     3     4    38   221   394  -6.215  -0.039  -6.215                          0.923 -1.329  0.224 -0.895 
     D    13    11 3    14     3     0    33   218   391 -11.912  -1.947  -0.434                         
    IL    14    14 3    14     3     5    39   225   399  -0.384  -2.121  -8.028                          0.000  0.000  0.000  0.000 
                                             [ MATL    5 ]     44      - U - - -
    ML    15    14 3    17     3     3    37   220   393  -6.215  -0.039  -6.215                         -1.436 -1.506  0.128  1.128 
     D    16    14 3    17     3     0    32   217   390 -11.912  -1.575  -0.591                         
    IL    17    17 3    17     3     4    38   224   397  -0.384  -2.121  -8.028                          0.000  0.000  0.000  0.000 
                                             [ MATL    6 ]     45      - G - - -
    ML    18    17 3    20     3     3    36   219   392  -6.221  -0.039  -6.221                         -1.878 -3.400  1.814 -3.107 
     D    19    17 3    20     3     0    31   216   389 -11.798  -1.832  -0.476                         
    IL    20    20 3    20     3     4    38   223   396  -0.384  -2.121  -8.028                          0.000  0.000  0.000  0.000 
                                             [ MATL    7 ]     46      - a - - -
    ML    21    20 3    23     3     2    35   218   391  -6.221  -0.039  -6.221                          0.822 -0.416 -0.335 -0.536 
     D    22    20 3    23     3     0    30   215   388 -11.798  -1.300  -0.753                         
    IL    23    23 3    23     3     3    37   222   395  -0.384  -2.121  -8.028                          0.000  0.000  0.000  0.000 
                                             [ MATL    8 ]     47      - a - - -
    ML    24    23 3    26     3     2    34   217   390  -6.230  -0.039  -6.230                          0.905  0.015 -0.836 -0.845 
     D    25    23 3    26     3     0    29   214   387 -11.605  -1.639  -0.559                         
    IL    26    26 3    26     3     3    36   221   394  -0.384  -2.121  -8.028                          0.000  0.000  0.000  0.000 
                                             [ MATL    9 ]     48      - a - - -
    ML    27    26 3    29     3     2    33   216   389  -6.230  -0.039  -6.230                          0.338 -0.988  0.270  0.037 
     D    28    26 3    29     3     0    29   213   386 -11.605  -1.484  -0.639                         
    IL    29    29 3    29     3     3    35   220   393  -0.384  -2.121  -8.028                          0.000  0.000  0.000  0.000 
                                             [ MATL   10 ]     49      - a - - -
    ML    30    29 3    32     3     1    32   215   388  -6.232  -0.039  -6.232                          0.664  0.338 -1.046 -0.583 
     D    31    29 3    32     3     0    28   212   385 -11.551  -1.585  -0.585                         
    IL    32    32 3    32     3     2    34   219   392  -0.384  -2.121  -8.028                          0.000  0.000  0.000  0.000 
                                             [ MATL   11 ]     50      - g - - -
    ML    33    32 3    35     3     1    32   214   387  -6.232  -0.039  -6.232                          0.224 -0.326  0.509 -0.710 
     D    34    32 3    35     3     0    27   211   384 -11.551  -1.585  -0.585                         
    IL    35    35 3    35     3     2    33   218   391  -0.384  -2.121  -8.028                          0.000  0.000  0.000  0.000 
                                             [ MATL   12 ]     51      - u - - -
    ML    36    35 3    38     3     1    31   212   386  -6.232  -0.039  -6.232                          0.113 -0.103 -0.509  0.361 
     D    37    35 3    38     3     0    26   210   383 -11.551  -1.585  -0.585                         
    IL    38    38 3    38     3     2    33   217   390  -0.384  -2.121  -8.028                          0.000  0.000  0.000  0.000 
                                             [ MATL   13 ]     52      - A - - -
    ML    39    38 3    41     3     1    30   211   385  -6.232  -0.039  -6.232                          1.298 -0.933 -0.991 -0.958 
     D    40    38 3    41     3     0    25   209   382 -11.551  -1.585  -0.585                         
    IL    41    41 3    41     3     1    32   216   389  -0.384  -2.121  -8.028                          0.000  0.000  0.000  0.000 
                                             [ MATL   14 ]     53      - A - - -
    ML    42    41 3    44     3     1    29   210   384  -6.232  -0.039  -6.232                          1.272 -0.596 -1.334 -0.924 
     D    43    41 3    44     3     0    24   208   381 -11.551  -1.585  -0.585                         
    IL    44    44 3    44     3     1    31   215   388  -0.384  -2.121  -8.028                          0.000  0.000  0.000  0.000 
                                             [ MATL   15 ]     54      - A - - -
    ML    45    44 3    47     3     1    28   209   383  -5.699  -0.048  -6.232                          1.383 -1.704 -0.636 -1.182 
     D    46    44 3    47     3     0    24   207   380 -11.551  -1.585  -0.585                         
    IL    47    47 3    47     3     2    29   210   383  -1.822  -0.482  -9.466                          0.000  0.000  0.000  0.000 
                                             [ MATL   16 ]     56      - c - - -
    ML    48    47 3    50     3     1    27   208   382  -6.232  -0.045  -5.860                          0.673  0.716 -1.682 -1.145 
     D    49    47 3    50     3     0    23   206   379 -11.551  -1.585  -0.585                         
    IL    50    50 3    50     3     1    29   212   386  -0.384  -2.121  -8.028                          0.000  0.000  0.000  0.000 
                                             [ MATL   17 ]     57      - a - - -
    ML    51    50 3    53     3     1    27   207   381  -6.226  -0.039  -6.226                          0.890 -1.821  0.576 -1.420 
     D    52    50 3    53     3     0    22   205   378 -11.686  -1.349  -0.720                         
    IL    53    53 3    53     3     1    28   211   385  -0.384  -2.121  -8.028                          0.000  0.000  0.000  0.000 
                                             [ MATL   18 ]     58      - U - - -
    ML    54    53 3    56     3     1    26   206   380  -6.232  -0.039  -6.232                         -2.051 -0.064 -2.262  1.375 
     D    55    53 3    56     3     0    21   203   377 -11.551  -1.585  -0.585                         
    IL    56    56 3    56     3     1    28   210   384  -0.384  -2.121  -8.028                          0.000  0.000  0.000  0.000 
                                             [ MATL   19 ]     59      - G - - -
    ML    57    56 3    59     3     1    25   205   378  -6.232  -0.039  -6.232                         -0.574 -2.772  1.584 -2.434 
     D    58    56 3    59     3     0    20   202   376 -11.551  -1.585  -0.585                         
    IL    59    59 3    59     3     1    27   209   383  -0.384  -2.121  -8.028                          0.000  0.000  0.000  0.000 
                                             [ MATL   20 ]     60      - G - - -
    ML    60    59 3    62     3     1    24   204   377  -6.232  -0.039  -6.232                          0.152 -2.385  1.295 -2.034 
     D    61    59 3    62     3     0    19   201   375 -11.551  -1.585  -0.585                         
    IL    62    62 3    62     3     1    26   208   382  -0.384  -2.121  -8.028                          0.000  0.000  0.000  0.000 
                                             [ MATL   21 ]     61      - C - - -
    ML    63    62 3    65     3     1    23   203   376  -6.232  -0.039  -6.232                         -1.938  1.173 -1.981  0.300 
     D    64    62 3    65     3     0    18   200   373 -11.551  -1.585  -0.585                         
    IL    65    65 3    65     3     1    25   207   381  -0.384  -2.121  -8.028                          0.000  0.000  0.000  0.000 
                                             [ MATL   22 ]     62      - A - - -
    ML    66    65 3    68     3     1    23   202   375  -6.232  -0.039  -6.232                          1.914 -3.893 -3.506 -3.705 
     D    67    65 3    68     3     0    18   199   372 -11.551  -1.585  -0.585                         
    IL    68    68 3    68     3     1    24   206   379  -0.384  -2.121  -8.028                          0.000  0.000  0.000  0.000 
                                             [ MATL   23 ]     63      - A - - -
    ML    69    68 3    71     3     1    22   201   374  -6.232  -0.039  -6.232                          1.897 -3.740 -3.117 -3.539 
     D    70    68 3    71     3     0    17   198   371 -11.551  -1.585  -0.585                         
    IL    71    71 3    71     3     1    23   205   378  -0.384  -2.121  -8.028                          0.000  0.000  0.000  0.000 
                                             [ MATL   24 ]     64      - A - - -
    ML    72    71 3    74     3     1    21   200   373  -6.232  -0.039  -6.232                          1.914 -3.893 -3.506 -3.705 
     D    73    71 3    74     3     0    16   197   370 -11.551  -1.585  -0.585                         
    IL    74    74 3    74     3     1    23   204   377  -0.384  -2.121  -8.028                          0.000  0.000  0.000  0.000 
                                             [ MATL   25 ]     65      - c - - -
    ML    75    74 3    77     3     1    20   199   372  -6.232  -0.039  -6.232                          0.532  0.838 -1.694 -1.129 
     D    76    74 3    77     3     0    15   196   369 -11.551  -1.585  -0.585                         
    IL    77    77 3    77     3     1    22   203   376  -0.384  -2.121  -8.028                          0.000  0.000  0.000  0.000 
                                             [ MATL   26 ]     66      - G - - -
    ML    78    77 3    80     3     1    19   198   371  -6.232  -0.039  -6.232                          0.555 -2.179  1.020 -1.824 
     D    79    77 3    80     3     0    15   195   368 -11.551  -1.585  -0.585                         
    IL    80    80 3    80     3     1    21   202   375  -0.384  -2.121  -8.028                          0.000  0.000  0.000  0.000 
                                             [ MATL   27 ]     67      - C - - -
    ML    81    80 3    83     3     1    19   197   370  -6.232  -0.039  -6.232                         -2.826  1.834 -3.392 -2.336 
     D    82    80 3    83     3     0    14   194   367 -11.551  -1.585  -0.585                         
    IL    83    83 3    83     3     1    20   201   374  -0.384  -2.121  -8.028                          0.000  0.000  0.000  0.000 
                                             [ MATL   28 ]     68      - U - - -
    ML    84    83 3    86     3     1    18   196   369  -6.232  -0.039  -6.232                         -2.692 -1.748 -2.927  1.772 
     D    85    83 3    86     3     0    13   193   366 -11.551  -1.585  -0.585                         
    IL    86    86 3    86     3     1    19   200   373  -0.384  -2.121  -8.028                          0.000  0.000  0.000  0.000 
                                             [ MATL   29 ]     69      - C - - -
    ML    87    86 3    89     3     1    17   194   368  -6.232  -0.039  -6.232                         -3.235  1.856 -3.492 -2.436 
     D    88    86 3    89     3     0    12   192   365 -11.551  -1.585  -0.585                         
    IL    89    89 3    89     3     1    19   199   372  -0.384  -2.121  -8.028                          0.000  0.000  0.000  0.000 
                                             [ MATL   30 ]     70      - U - - -
    ML    90    89 3    92     3     1    16   193   367  -6.232  -0.039  -6.232                         -2.759 -1.893 -2.991  1.790 
     D    91    89 3    92     3     0    11   191   364 -11.551  -1.585  -0.585                         
    IL    92    92 3    92     3     1    18   198   371  -0.384  -2.121  -8.028                          0.000  0.000  0.000  0.000 
                                             [ MATL   31 ]     71      - U - - -
    ML    93    92 3    95     3     1    15   192   366  -5.094  -0.063  -6.232                         -3.029 -2.472 -3.229  1.844 
     D    94    92 3    95     3     0    11   190   363 -11.551  -1.585  -0.585                         
    IL    95    95 3    95     3     1    16   193   366  -2.869  -0.213 -10.513                          0.000  0.000  0.000  0.000 
                                             [ MATL   32 ]     73      - g - - -
    ML    96    95 3    98     3     1    14   191   365  -6.232  -0.039  -6.232                         -0.341 -1.124  0.678  0.204 
     D    97    95 3    98     3     0    10   189   362 -11.551  -1.585  -0.585                         
    IL    98    98 3    98     3     1    16   196   369  -0.384  -2.121  -8.028                          0.000  0.000  0.000  0.000 
                                             [ MATL   33 ]     74      - g - - -
    ML    99    98 3   101     3     1    14   190   364  -4.689  -0.077  -6.232                         -1.199 -1.244  0.733  0.566 
     D   100    98 3   101     3     0     9   187   361 -11.551  -1.585  -0.585                         
    IL   101   101 3   101     3     1    14   190   364  -3.442  -0.140 -11.086                          0.000  0.000  0.000  0.000 
                                             [ MATL   34 ]     76      - A - - -
    ML   102   101 3   104     3     1    13   189   363  -6.232  -0.039  -6.232                          1.078 -0.808 -1.256 -0.153 
     D   103   101 3   104     3     0     8   186   360 -11.551  -1.585  -0.585                         
    IL   104   104 3   104     3     1    14   194   367  -0.384  -2.121  -8.028                          0.000  0.000  0.000  0.000 
                                             [ MATL   35 ]     77      - a - - -
    ML   105   104 3   107     3     1    12   188   362  -6.232  -0.039  -6.232                          0.848 -1.152 -0.480  0.047 
     D   106   104 3   107     3     0     8   185   359 -11.551  -1.585  -0.585                         
    IL   107   107 3   107     3     1    13   192   366  -0.384  -2.121  -8.028                          0.000  0.000  0.000  0.000 
                                             [ MATL   36 ]     78      - A - - -
    ML   108   107 3   110     3     1    11   187   361  -6.232  -0.039  -6.232                          1.750 -2.585 -1.791 -2.463 
     D   109   107 3   110     3     0     7   184   358 -11.551  -1.585  -0.585                         
    IL   110   110 3   110     3     1    13   191   365  -0.384  -2.121  -8.028                          0.000  0.000  0.000  0.000 
                                             [ MATL   37 ]     79      - g - - -
    ML   111   110 3   113     3     1    10   186   359  -6.232  -0.039  -6.232                          0.030  0.108  0.114 -0.288 
     D   112   110 3   113     3     0     6   183   356 -11.551  -1.585  -0.585                         
    IL   113   113 3   113     3     1    12   190   364  -0.384  -2.121  -8.028                          0.000  0.000  0.000  0.000 
                                             [ MATL   38 ]     80      - c - - -
    ML   114   113 3   116     3     1     9   185   358  -6.232  -0.039  -6.232                         -0.872  0.867 -1.242  0.272 
     D   115   113 3   116     3     0     6   182   355 -11.551  -1.585  -0.585                         
    IL   116   116 3   116     3     1    11   189   363  -0.384  -2.121  -8.028                          0.000  0.000  0.000  0.000 
                                             [ MATL   39 ]     81      - A - - -
    ML   117   116 3   119     3     1     8   184   357  -6.232  -0.368  -2.238                          1.914 -3.893 -3.506 -3.705 
     D   118   116 3   119     3     0     5   180   354 -11.551  -1.585  -0.585                         
    IL   119   119 3   119     3     1    13   189   362  -0.384  -2.121  -8.028                          0.000  0.000  0.000  0.000 
                                             [ MATL   40 ]     82      - U - - -
    ML   120   119 3   122     3     1    11   184   357  -5.912  -0.049  -5.912                         -1.864 -1.621 -1.533  1.611 
     D   121   119 3   122     3     0     4   178   352 -14.130  -4.165  -0.083                         
    IL   122   122 3   122     3     1    12   188   361  -0.384  -2.121  -8.028                          0.000  0.000  0.000  0.000 
                                             [ MATL   41 ]     83      - U - - -
    ML   123   122 3   125     3     1    10   183   356  -5.912  -0.049  -5.912                         -2.357 -1.910 -2.542  1.751 
     D   124   122 3   125     3     0     4   178   351 -14.130  -4.165  -0.083                         
    IL   125   125 3   125     3     1    11   187   360  -0.384  -2.121  -8.028                          0.000  0.000  0.000  0.000 
                                             [ MATL   42 ]     84      - A - - -
    ML   126   125 3   128     3     1     9   182   355  -5.912  -0.049  -5.912                          1.776 -2.712 -2.053 -2.461 
     D   127   125 3   128     3     0     4   178   351 -14.130  -4.165  -0.083                         
    IL   128   128 3   128     3     1    11   186   359  -0.384  -2.121  -8.028                          0.000  0.000  0.000  0.000 
                                             [ MATL   43 ]     85      - U - - -
    ML   129   128 3   131     3     1     8   181   354  -5.912  -0.049  -5.912                         -1.704 -0.515 -1.905  1.447 
     D   130   128 3   131     3     0     4   177   351 -14.130  -4.165  -0.083                         
    IL   131   131 3   131     3     1    10   185   358  -0.384  -2.121  -8.028                          0.000  0.000  0.000  0.000 
                                             [ MATL   44 ]     86      - A - - -
    ML   132   131 3   134     3     1     7   180   353  -5.912  -0.049  -5.912                          1.273 -1.732 -0.150 -1.390 
     D   133   131 3   134     3     0     4   177   351 -14.130  -4.165  -0.083                         
    IL   134   134 3   134     3     1     9   184   357  -0.384  -2.121  -8.028                          0.000  0.000  0.000  0.000 
                                             [ MATL   45 ]     87      - C - - -
    ML   135   134 3   137     3     1     7   178   352  -5.912  -0.049  -5.912                         -2.271  1.650 -2.521 -1.058 
     D   136   134 3   137     3     0     4   177   350 -14.130  -0.171  -3.165                         
    IL   137   137 3   137     3     1     8   183   356  -0.384  -2.121  -8.028                          0.000  0.000  0.000  0.000 
                                             [ MATL   46 ]     88      - c - - -
    ML   138   137 3   140     3     1     6   177   351  -6.232  -0.039  -6.232                         -0.166  0.792 -1.349 -0.022 
     D   139   137 3   140     3     0     0   175   348 -11.551  -1.585  -0.585                         
    IL   140   140 3   140     3     1     7   182   355  -0.384  -2.121  -8.028                          0.000  0.000  0.000  0.000 
                                             [ MATL   47 ]     89      - U - - -
    ML   141   140 3   143     3     1     5   176   350  -6.232  -0.039  -6.232                         -2.667 -2.352 -3.090  1.819 
     D   142   140 3   143     3     0     0   173   347 -11.551  -1.585  -0.585                         
    IL   143   143 3   143     3     1     7   181   354  -0.384  -2.121  -8.028                          0.000  0.000  0.000  0.000 
                                             [ MATL   48 ]     90      - U - - -
    ML   144   143 3   146     3     1     5   175   349  -6.232  -0.039  -6.232                         -2.023 -1.899 -2.694  1.736 
     D   145   143 3   146     3     0     0   172   346 -11.551  -1.585  -0.585                         
    IL   146   146 3   146     3     1     6   179   353  -0.384  -2.121  -8.028                          0.000  0.000  0.000  0.000 
                                             [ MATL   49 ]     91      - G - - -
    ML   147   146 3   149     3     1     4   174   348  -6.232  -0.039  -6.232                         -0.150 -2.551  1.439 -2.204 
     D   148   146 3   149     3     0     0   171   345 -11.551  -1.585  -0.585                         
    IL   149   149 3   149     3     1     5   178   352  -0.384  -2.121  -8.028                          0.000  0.000  0.000  0.000 
                                             [ MATL   50 ]     92      - A - - -
    ML   150   149 3   152     3     1     3   173   347  -6.232  -0.039  -6.232                          1.518 -1.914 -2.076 -0.659 
     D   151   149 3   152     3     0     0   170   344 -11.551  -1.585  -0.585                         
    IL   152   152 3   152     3     1     5   177   351  -0.384  -2.121  -8.028                          0.000  0.000  0.000  0.000 
                                             [ MATL   51 ]     93      - a - - -
    ML   153   152 3   155     3     1     3   172   345  -6.232  -0.039  -6.232                          0.880 -1.211 -0.068 -0.369 
     D   154   152 3   155     3     0     0   169   343 -11.551  -1.585  -0.585                         
    IL   155   155 3   155     3     1     4   176   350  -0.384  -2.121  -8.028                          0.000  0.000  0.000  0.000 
                                             [ MATL   52 ]     94      - A - - -
    ML   156   155 3   158     3     1     2   171   344  -6.232  -0.039  -6.232                          1.225 -1.590 -1.700  0.032 
     D   157   155 3   158     3     0     0   168   342 -11.551  -1.585  -0.585                         
    IL   158   158 3   158     3     1     4   175   349  -0.384  -2.121  -8.028                          0.000  0.000  0.000  0.000 
                                             [ MATL   53 ]     95      - U - - -
    ML   159   158 3   161     3     1     2   170   343  -6.232  -0.039  -6.232                         -3.029 -2.472 -3.229  1.844 
     D   160   158 3   161     3     0     0   167   341 -11.551  -1.585  -0.585                         
    IL   161   161 3   161     3     1     3   174   348  -0.384  -2.121  -8.028                          0.000  0.000  0.000  0.000 
                                             [ MATL   54 ]     96      - U - - -
    ML   162   161 3   164     3     1     2   169   342  -6.232  -0.039  -6.232                         -0.607 -0.348 -1.140  1.073 
     D   163   161 3   164     3     0     0   166   339 -11.551  -1.585  -0.585                         
    IL   164   164 3   164     3     1     3   173   346  -0.384  -2.121  -8.028                          0.000  0.000  0.000  0.000 
                                             [ MATL   55 ]     97      - u - - -
    ML   165   164 3   167     3     1     1   168   341  -5.742  -0.051  -5.990                         -0.785 -0.560 -0.231  0.918 
     D   166   164 3   167     3     0     0   165   339 -11.551  -1.585  -0.585                         
    IL   167   167 3   167     3     1     2   168   342  -1.734  -0.519  -9.377                          0.000  0.000  0.000  0.000 
                                             [ MATL   56 ]     99      - C - - -
    ML   168   167 3   170     3     1     1   167   340  -6.228  -0.042  -6.054                         -0.720  1.410 -1.605 -1.298 
     D   169   167 3   170     3     0     0   164   338 -11.636  -1.429  -0.671                         
    IL   170   170 3   170     3     1     2   171   344  -0.384  -2.121  -8.028                          0.000  0.000  0.000  0.000 
                                             [ MATL   57 ]    100      - U - - -
    ML   171   170 3   173     3     1     1   166   339  -5.712  -0.048  -6.229                         -1.026 -1.287 -0.884  1.355 
     D   172   170 3   173     3     0     0   163   336 -11.612  -1.471  -0.646                         
    IL   173   173 3   173     3     1     2   166   340  -1.791  -0.495  -9.435                          0.000  0.000  0.000  0.000 
                                             [ MATL   58 ]    102      - U - - -
    ML   174   173 3   176     3     1     1   165   338  -6.232  -0.039  -6.232                         -1.908 -1.989 -2.178  1.705 
     D   175   173 3   176     3     0     0   162   335 -11.551  -1.585  -0.585                         
    IL   176   176 3   176     3     1     1   169   342  -0.384  -2.121  -8.028                          0.000  0.000  0.000  0.000 
                                             [ MATL   59 ]    103      - U - - -
    ML   177   176 3   179     3     1     1   164   337  -5.722  -0.047  -6.232                         -1.701 -1.527 -0.801  1.471 
     D   178   176 3   179     3     0     0   161   334 -11.551  -1.585  -0.585                         
    IL   179   179 3   179     3     1     2   164   338  -1.776  -0.501  -9.420                          0.000  0.000  0.000  0.000 
                                             [ MATL   60 ]    105      - U - - -
    ML   180   179 3   182     3     1     1   163   336  -6.232  -0.039  -6.232                         -0.789 -1.763 -2.094  1.532 
     D   181   179 3   182     3     0     0   160   333 -11.551  -1.585  -0.585                         
    IL   182   182 3   182     3     1     1   167   340  -0.384  -2.121  -8.028                          0.000  0.000  0.000  0.000 
                                             [ MATL   61 ]    106      - U - - -
    ML   183   182 3   185     3     1     1   162   335  -6.232  -0.039  -6.232                         -0.092 -1.544 -1.719  1.272 
     D   184   182 3   185     3     0     0   159   332 -11.551  -1.585  -0.585                         
    IL   185   185 3   185     3     1     1   166   339  -0.384  -2.121  -8.028                          0.000  0.000  0.000  0.000 
                                             [ MATL   62 ]    107      - u - - -
    ML   186   185 3   188     3     1     1   161   334  -6.232  -0.039  -6.232                         -0.052  0.232 -1.210  0.515 
     D   187   185 3   188     3     0     0   158   331 -11.551  -1.585  -0.585                         
    IL   188   188 3   188     3     1     1   165   338  -0.384  -2.121  -8.028                          0.000  0.000  0.000  0.000 
                                             [ MATL   63 ]    108      - u - - -
    ML   189   188 3   191     3     1     1   160   333  -6.232  -0.039  -6.232                         -0.057 -1.145  0.333  0.408 
     D   190   188 3   191     3     0     0   157   330 -11.551  -1.585  -0.585                         
    IL   191   191 3   191     3     1     1   164   337  -0.384  -2.121  -8.028                          0.000  0.000  0.000  0.000 
                                             [ MATL   64 ]    109      - g - - -
    ML   192   191 3   194     3     1     1   158   332  -6.232  -0.039  -6.232                         -1.169 -1.453  0.775  0.564 
     D   193   191 3   194     3     0     0   156   329 -11.551  -1.585  -0.585                         
    IL   194   194 3   194     3     1     1   163   336  -0.384  -2.121  -8.028                          0.000  0.000  0.000  0.000 
                                             [ MATL   65 ]    110      - G - - -
    ML   195   194 3   197     3     1     1   157   331  -5.490  -0.052  -6.232                         -1.555 -1.163  1.569 -2.023 
     D   196   194 3   197     3     0     0   155   328 -11.551  -1.585  -0.585                         
    IL   197   197 3   197     3     1     1   158   331  -2.222  -0.350  -9.866                          0.000  0.000  0.000  0.000 
                                             [ MATL   66 ]    112      - G - - -
    ML   198   197 3   200     3     1     1   156   330  -6.232  -0.047  -5.749                         -1.328 -2.135  1.487 -0.810 
     D   199   197 3   200     3     0     0   153   327 -11.551  -1.585  -0.585                         
    IL   200   200 3   200     3     1     1   161   334  -0.384  -2.121  -8.028                          0.000  0.000  0.000  0.000 
                                             [ MATL   67 ]    113      - U - - -
    ML   201   200 3   203     3     1     1   155   329  -6.224  -0.039  -6.224                         -2.050 -0.106 -2.261  1.390 
     D   202   200 3   203     3     0     0   152   326 -11.731  -1.610  -0.573                         
    IL   203   203 3   203     3     1     1   160   333  -0.384  -2.121  -8.028                          0.000  0.000  0.000  0.000 
                                             [ MATL   68 ]    114      - U - - -
    ML   204   203 3   206     3     1     1   154   328  -6.226  -0.039  -6.226                         -1.627 -1.624 -0.352  1.361 
     D   205   203 3   206     3     0     0   151   324 -11.682  -1.716  -0.524                         
    IL   206   206 3   206     3     1     1   159   332  -0.384  -2.121  -8.028                          0.000  0.000  0.000  0.000 
                                             [ MATL   69 ]    115      - U - - -
    ML   207   206 3   209     3     1     1   153   327  -3.582  -0.160  -5.553                         -1.930 -2.122 -2.740  1.748 
     D   208   206 3   209     3     0     0   150   323 -11.682  -1.716  -0.524                         
    IL   209   209 3   209     3     1     1   154   327  -1.131  -0.880 -13.255                          0.000  0.000  0.000  0.000 
                                             [ MATL   70 ]    118      - A - - -
    ML   210   209 3   212     3     1     1   152   326  -6.215  -0.039  -6.215                          1.505 -1.878 -2.036 -0.632 
     D   211   209 3   212     3     0     0   149   322 -11.922  -1.956  -0.430                         
    IL   212   212 3   212     3     1     1   156   330  -0.384  -2.121  -8.028                          0.000  0.000  0.000  0.000 
                                             [ MATL   71 ]    119      - A - - -
    ML   213   212 3   215     3     1     1   151   324  -6.215  -0.039  -6.215                          1.795 -2.801 -2.468 -2.286 
     D   214   212 3   215     3     0     0   147   321 -11.922  -1.956  -0.430                         
    IL   215   215 3   215     3     1     1   155   329  -0.384  -2.121  -8.028                          0.000  0.000  0.000  0.000 
                                             [ MATL   72 ]    120      - a - - -
    ML   216   215 3   218     3     1     1   150   323  -6.215  -0.046  -5.780                          0.795 -1.591  0.557 -1.117 
     D   217   215 3   218     3     0     0   146   320 -11.922  -1.956  -0.430                         
    IL   218   218 3   218     3     1     1   154   328  -0.384  -2.121  -8.028                          0.000  0.000  0.000  0.000 
                                             [ MATL   73 ]    121      - G - - -
    ML   219   218 3   221     3     1     1   149   322  -6.208  -0.043  -5.966                         -1.462 -2.529  1.648 -1.602 
     D   220   218 3   221     3     0     0   145   318 -12.047  -2.081  -0.389                         
    IL   221   221 3   221     3     1     1   153   327  -0.384  -2.121  -8.028                          0.000  0.000  0.000  0.000 
                                             [ MATL   74 ]    122      - U - - -
    ML   222   221 3   224     3     1     1   148   321  -6.204  -0.047  -5.755                         -1.298 -0.933 -0.549  1.255 
     D   223   221 3   224     3     0     0   144   317 -12.108  -2.142  -0.371                         
    IL   224   224 3   224     3     1     1   152   326  -0.384  -2.121  -8.028                          0.000  0.000  0.000  0.000 
                                             [ MATL   75 ]    123      - a - - -
    ML   225   224 3   227     3     1     1   147   320  -6.197  -0.040  -6.197                          0.349 -1.144  0.322  0.033 
     D   226   224 3   227     3     0     0   143   316 -12.223  -1.808  -0.486                         
    IL   227   227 3   227     3     1     1   151   325  -0.384  -2.121  -8.028                          0.000  0.000  0.000  0.000 
                                             [ MATL   76 ]    124      - G - - -
    ML   228   227 3   230     3     1     1   146   319  -6.204  -0.040  -6.204                         -0.394 -2.639  1.524 -2.297 
     D   229   227 3   230     3     0     0   141   315 -12.108  -2.142  -0.371                         
    IL   230   230 3   230     3     1     1   150   323  -0.384  -2.121  -8.028                          0.000  0.000  0.000  0.000 
                                             [ MATL   77 ]    125      - U - - -
    ML   231   230 3   233     3     1     1   145   318  -6.204  -0.040  -6.204                         -1.899 -1.655 -2.524  1.696 
     D   232   230 3   233     3     0     0   140   313 -12.108  -2.142  -0.371                         
    IL   233   233 3   233     3     1     1   149   322  -0.384  -2.121  -8.028                          0.000  0.000  0.000  0.000 
                                             [ MATL   78 ]    126      - u - - -
    ML   234   233 3   236     3     1     1   144   317  -6.204  -0.040  -6.204                         -0.931  0.068  0.238  0.320 
     D   235   233 3   236     3     0     0   138   312 -12.108  -2.142  -0.371                         
    IL   236   236 3   236     3     1     1   148   321  -0.384  -2.121  -8.028                          0.000  0.000  0.000  0.000 
                                             [ MATL   79 ]    127      - u - - -
    ML   237   236 3   239     3     1     1   143   316  -6.204  -0.040  -6.204                         -1.038 -1.033  0.384  0.782 
     D   238   236 3   239     3     0     0   136   310 -12.108  -2.142  -0.371                         
    IL   239   239 3   239     3     1     1   147   320  -0.384  -2.121  -8.028                          0.000  0.000  0.000  0.000 
                                             [ MATL   80 ]    128      - U - - -
    ML   240   239 3   242     3     1     1   142   315  -6.204  -0.040  -6.204                         -1.863 -1.761 -0.873  1.528 
     D   241   239 3   242     3     0     0   134   307 -12.108  -2.142  -0.371                         
    IL   242   242 3   242     3     1     1   146   319  -0.384  -2.121  -8.028                          0.000  0.000  0.000  0.000 
                                             [ MATL   81 ]    129      - U - - -
    ML   243   242 3   245     3     1     1   141   314  -6.204  -0.046  -5.786                         -0.671 -1.691 -1.988  1.491 
     D   244   242 3   245     3     0     0   131   304 -12.108  -2.142  -0.371                         
    IL   245   245 3   245     3     1     1   145   318  -0.384  -2.121  -8.028                          0.000  0.000  0.000  0.000 
                                             [ MATL   82 ]    130      - U - - -
    ML   246   245 3   248     3     1     1   140   313  -6.198  -0.132  -3.754                         -0.703 -1.475 -1.410  1.406 
     D   247   245 3   248     3     0     0   125   298 -12.214  -2.248  -0.341                         
    IL   248   248 3   248     3     1     1   145   318  -0.384  -2.121  -8.028                          0.000  0.000  0.000  0.000 
                                             [ MATL   83 ]    131      - u - - -
    ML   249   248 3   251     3     1     1   139   313  -3.712  -0.160  -5.117                         -1.024  0.154 -0.519  0.763 
     D   250   248 3   251     3     0     0    77   250 -13.166  -0.756  -1.294                         
    IL   251   251 3   251     3     1     1   163   336  -0.153  -3.311 -15.388                          0.000  0.000  0.000  0.000 
                                             [ MATL   84 ]    142      - u - - -
    ML   252   251 3   254     3     1     1    66   138  -6.178  -0.040  -6.178                         -0.025 -1.028  0.299  0.374 
     D   253   251 3   254     3     0     0    60   131 -12.486  -2.520  -0.277                         
    IL   254   254 3   254     3     1     1    75   148  -0.384  -2.121  -8.028                          0.000  0.000  0.000  0.000 
                                             [ MATL   85 ]    143      - a - - -
    ML   255   254 3   257     3     1     1    64   136  -6.178  -0.050  -5.614                          0.660 -0.991 -0.129  0.004 
     D   256   254 3   257     3     0     0    58   129 -12.486  -2.520  -0.277                         
    IL   257   257 3   257     3     1     1    74   146  -0.384  -2.121  -8.028                          0.000  0.000  0.000  0.000 
                                             [ MATL   86 ]    144      - U - - -
    ML   258   257 3   260     3     1     1    62   134  -6.169  -0.041  -6.169                         -2.643 -2.198 -2.461  1.783 
     D   259   257 3   260     3     0     0    56   127 -12.602  -2.636  -0.253                         
    IL   260   260 3   260     3     1     1    72   145  -0.384  -2.121  -8.028                          0.000  0.000  0.000  0.000 
                                             [ MATL   87 ]    145      - G - - -
    ML   261   260 3   263     3     1     1    60   131  -6.169  -0.043  -6.019                         -0.093 -1.442  1.139 -1.024 
     D   262   260 3   263     3     0     0    54   124 -12.602  -2.636  -0.253                         
    IL   263   263 3   263     3     1     1    71   143  -0.384  -2.121  -8.028                          0.000  0.000  0.000  0.000 
                                             [ MATL   88 ]    146      - A - - -
    ML   264   263 3   266     3     1     1    58   129  -6.166  -0.041  -6.166                          1.135 -1.982  0.296 -1.631 
     D   265   263 3   266     3     0     0    51   121 -12.627  -2.661  -0.249                         
    IL   266   266 3   266     3     1     1    69   141  -0.384  -2.121  -8.028                          0.000  0.000  0.000  0.000 
                                             [ MATL   89 ]    147      - A - - -
    ML   267   266 3   269     3     1     1    56   127  -6.166  -0.041  -6.166                          1.904 -3.729 -3.365 -3.535 
     D   268   266 3   269     3     0     0    48   118 -12.627  -2.661  -0.249                         
    IL   269   269 3   269     3     1     1    67   138  -0.384  -2.121  -8.028                          0.000  0.000  0.000  0.000 
                                             [ MATL   90 ]    148      - A - - -
    ML   270   269 3   272     3     1     1    54   124  -6.166  -0.067  -4.989                          1.164 -1.330 -0.138 -1.143 
     D   271   269 3   272     3     0     0    45   115 -12.627  -2.661  -0.249                         
    IL   272   272 3   272     3     1     1    66   136  -0.384  -2.121  -8.028                          0.000  0.000  0.000  0.000 
                                             [ MATL   91 ]    149      - C - - -
    ML   273   272 3   275     3     1     1    51   121  -6.141  -0.041  -6.141                         -0.188  1.327 -2.034 -1.439 
     D   274   272 3   275     3     0     0    40   109 -12.889  -2.924  -0.204                         
    IL   275   275 3   275     3     1     1    64   134  -0.384  -2.121  -8.028                          0.000  0.000  0.000  0.000 
                                             [ MATL   92 ]    150      - G - - -
    ML   276   275 3   278     3     1     1    47   116  -6.141  -0.056  -5.399                         -0.518 -2.611  1.551 -2.271 
     D   277   275 3   278     3     0     0    28    98 -12.889  -2.924  -0.204                         
    IL   278   278 3   278     3     1     1    62   131  -0.384  -2.121  -8.028                          0.000  0.000  0.000  0.000 
                                             [ MATL   93 ]    151      - c - - -
    ML   279   278 3   281     2     1     1     1     1       *   0.000                                 -0.100  0.642 -0.138 -0.742 
     D   280   278 3   281     2     0     0     0     0       *   0.000                                 
    IL   281   281 3   281     2     1     1    13    28  -1.823  -0.479                                  0.000  0.000  0.000  0.000 
                                             [ END    94 ]      -      - - - - -
     E   282   281 3    -1     0     0     0     0     0                                                 
//
HMMER3/f [3.1b3 | July 2016]
NAME  t_pro_aapa_isoa_evalue_round5_0001
LENG  93
MAXL  224
ALPH  RNA
RF    no
MM    no
CONS  yes
CS    yes
MAP   no
DATE  Thu Jan 23 19:47:18 2020
COM   [1] cmbuild /home/co78wid/projects/master/results/ta_systems/aapa_isoa/aapa_isoa_evalue/2_structure_analysis/infernal_search/t_pro_aapa_isoa_evalue_cmbuild.txt /home/co78wid/projects/master/results/ta_systems/aapa_isoa/aapa_isoa_evalue/1_sequence_analysis/fold/t_pro_aapa_isoa_evalue_round5.stk
COM   [2] cmbuild /home/co78wid/projects/master/results/ta_systems/aapa_isoa/aapa_isoa_evalue/2_structure_analysis/infernal_search/t_pro_aapa_isoa_evalue_cmbuild.txt /home/co78wid/projects/master/results/ta_systems/aapa_isoa/aapa_isoa_evalue/1_sequence_analysis/fold/t_pro_aapa_isoa_evalue_round5.stk
NSEQ  224
EFFN  5.314941
STATS LOCAL MSV       -8.6383  0.71836
STATS LOCAL VITERBI   -9.9452  0.71836
STATS LOCAL FORWARD   -3.6904  0.71836
HMM          A        C        G        U   
            m->m     m->i     m->d     i->m     i->i     d->m     d->d
  COMPO   1.24135  1.75820  1.52998  1.13285
          1.38629  1.38629  1.38629  1.38629
          0.16723  5.48966  1.89803  0.39730  1.11515  0.00000        *
      1   1.05197  2.70492  0.69664  2.45783      - g - - :
          1.38629  1.38629  1.38629  1.38629
          0.03098  4.18301  4.18301  1.46634  0.26236  2.53261  0.08279
      2   1.98570  1.43048  1.22971  1.10520      - u - - :
          1.38629  1.38629  1.38629  1.38629
          0.03098  4.18301  4.18301  1.46634  0.26236  2.53261  0.08279
      3   2.55509  0.85975  2.69206  0.84094      - u - - :
          1.38629  1.38629  1.38629  1.38629
          0.03098  4.18301  4.18301  1.46634  0.26236  0.25711  1.48406
      4   0.74627  2.30754  1.23123  2.00673      - a - - :
          1.38629  1.38629  1.38629  1.38629
          0.02729  4.30806  4.30806  1.46634  0.26236  1.34899  0.30043
      5   2.38135  2.43021  1.29767  0.60442      - U - - :
          1.38629  1.38629  1.38629  1.38629
          0.02729  4.30806  4.30806  1.46634  0.26236  1.09139  0.40910
      6   2.68781  3.74305  0.12866  3.53988      - G - - :
          1.38629  1.38629  1.38629  1.38629
          0.02718  4.31200  4.31200  1.46634  0.26236  1.26968  0.32979
      7   0.81636  1.67458  1.61878  1.75773      - a - - :
          1.38629  1.38629  1.38629  1.38629
          0.02718  4.31200  4.31200  1.46634  0.26236  0.90076  0.52132
      8   0.75896  1.37598  1.96587  1.97168      - a - - :
          1.38629  1.38629  1.38629  1.38629
          0.02702  4.31797  4.31797  1.46634  0.26236  1.13576  0.38740
      9   1.15173  2.07096  1.19929  1.36087      - a - - :
          1.38629  1.38629  1.38629  1.38629
          0.02702  4.31797  4.31797  1.46634  0.26236  1.02822  0.44261
     10   0.92604  1.15223  2.11132  1.79055      - a - - :
          1.38629  1.38629  1.38629  1.38629
          0.02697  4.31948  4.31948  1.46634  0.26236  1.09861  0.40547
     11   1.23112  1.61259  1.03324  1.87854      - g - - :
          1.38629  1.38629  1.38629  1.38629
          0.02697  4.31948  4.31948  1.46634  0.26236  1.09861  0.40547
     12   1.30779  1.45755  1.73904  1.13603      - u - - :
          1.38629  1.38629  1.38629  1.38629
          0.02697  4.31948  4.31948  1.46634  0.26236  1.09861  0.40547
     13   0.48692  2.03278  2.07322  2.05003      - A - - :
          1.38629  1.38629  1.38629  1.38629
          0.02697  4.31948  4.31948  1.46634  0.26236  1.09861  0.40547
     14   0.50475  1.79923  2.31077  2.02697      - A - - :
          1.38629  1.38629  1.38629  1.38629
          0.02697  4.31948  4.31948  1.46634  0.26236  1.09861  0.40547
     15   0.42745  2.56712  1.82703  2.20563      - A - - :
          1.38629  1.38629  1.38629  1.38629
          0.03309  3.95056  4.31948  0.33298  1.26155  1.09861  0.40547
     16   0.92000  0.89029  2.55234  2.17996      - c - - :
          1.38629  1.38629  1.38629  1.38629
          0.03100  4.31948  4.06188  1.46634  0.26236  1.09861  0.40547
     17   0.76939  2.64880  0.98738  2.37069      - a - - :
          1.38629  1.38629  1.38629  1.38629
          0.02708  4.31556  4.31556  1.46634  0.26236  0.93445  0.49890
     18   2.80795  1.43051  2.95429  0.43330      - U - - :
          1.38629  1.38629  1.38629  1.38629
          0.02697  4.31948  4.31948  1.46634  0.26236  1.09861  0.40547
     19   1.78446  3.30780  0.28866  3.07375      - G - - :
          1.38629  1.38629  1.38629  1.38629
          0.02697  4.31948  4.31948  1.46634  0.26236  1.09861  0.40547
     20   1.28088  3.03934  0.48893  2.79597      - G - - :
          1.38629  1.38629  1.38629  1.38629
          0.02697  4.31948  4.31948  1.46634  0.26236  1.09861  0.40547
     21   2.72978  0.57326  2.75951  1.17843      - C - - :
          1.38629  1.38629  1.38629  1.38629
          0.02697  4.31948  4.31948  1.46634  0.26236  1.09861  0.40547
     22   0.05975  4.08502  3.81629  3.95427      - A - - :
          1.38629  1.38629  1.38629  1.38629
          0.02697  4.31948  4.31948  1.46634  0.26236  1.09861  0.40547
     23   0.07154  3.97860  3.54675  3.83912      - A - - :
          1.38629  1.38629  1.38629  1.38629
          0.02697  4.31948  4.31948  1.46634  0.26236  1.09861  0.40547
     24   0.05975  4.08502  3.81629  3.95427      - A - - :
          1.38629  1.38629  1.38629  1.38629
          0.02697  4.31948  4.31948  1.46634  0.26236  1.09861  0.40547
     25   1.01763  0.80520  2.56044  2.16909      - c - - :
          1.38629  1.38629  1.38629  1.38629
          0.02697  4.31948  4.31948  1.46634  0.26236  1.09861  0.40547
     26   1.00174  2.89640  0.67940  2.65053      - G - - :
          1.38629  1.38629  1.38629  1.38629
          0.02697  4.31948  4.31948  1.46634  0.26236  1.09861  0.40547
     27   3.34531  0.11492  3.73761  3.00567      - C - - :
          1.38629  1.38629  1.38629  1.38629
          0.02697  4.31948  4.31948  1.46634  0.26236  1.09861  0.40547
     28   3.25193  2.59766  3.41528  0.15784      - U - - :
          1.38629  1.38629  1.38629  1.38629
          0.02697  4.31948  4.31948  1.46634  0.26236  1.09861  0.40547
     29   3.62850  0.09979  3.80657  3.07503      - C - - :
          1.38629  1.38629  1.38629  1.38629
          0.02697  4.31948  4.31948  1.46634  0.26236  1.09861  0.40547
     30   3.29876  2.69828  3.45919  0.14584      - U - - :
          1.38629  1.38629  1.38629  1.38629
          0.02697  4.31948  4.31948  1.46634  0.26236  1.09861  0.40547
     31   3.48595  3.09944  3.62447  0.10799      - U - - :
          1.38629  1.38629  1.38629  1.38629
          0.04352  3.53076  4.31948  0.14726  1.98826  1.09861  0.40547
     32   1.62296  2.16532  0.91628  1.24491      - g - - :
          1.38629  1.38629  1.38629  1.38629
          0.02697  4.31948  4.31948  1.46634  0.26236  1.09861  0.40547
     33   2.21762  2.24836  0.87815  0.99423      - g - - :
          1.38629  1.38629  1.38629  1.38629
          0.05347  3.25047  4.31948  0.09658  2.38532  1.09861  0.40547
     34   0.63915  1.94652  2.25680  1.49253      - A - - :
          1.38629  1.38629  1.38629  1.38629
          0.02697  4.31948  4.31948  1.46634  0.26236  1.09861  0.40547
     35   0.79835  2.18505  1.71930  1.35376      - a - - :
          1.38629  1.38629  1.38629  1.38629
          0.02697  4.31948  4.31948  1.46634  0.26236  1.09861  0.40547
     36   0.17347  3.17784  2.62796  3.09327      - A - - :
          1.38629  1.38629  1.38629  1.38629
          0.02697  4.31948  4.31948  1.46634  0.26236  1.09861  0.40547
     37   1.36571  1.31114  1.30747  1.58580      - g - - :
          1.38629  1.38629  1.38629  1.38629
          0.02697  4.31948  4.31948  1.46634  0.26236  1.09861  0.40547
     38   1.99089  0.78540  2.24737  1.19795      - c - - :
          1.38629  1.38629  1.38629  1.38629
          0.02697  4.31948  4.31948  1.46634  0.26236  1.09861  0.40547
     39   0.05975  4.08502  3.81629  3.95427      - A - - :
          1.38629  1.38629  1.38629  1.38629
          0.25529  4.31948  1.55116  1.46634  0.26236  1.09861  0.40547
     40   2.67858  2.51009  2.44873  0.26961      - U - - :
          1.38629  1.38629  1.38629  1.38629
          0.03378  4.09796  4.09796  1.46634  0.26236  2.88658  0.05738
     41   3.02014  2.71018  3.14841  0.17226      - U - - :
          1.38629  1.38629  1.38629  1.38629
          0.03378  4.09796  4.09796  1.46634  0.26236  2.88658  0.05738
     42   0.15525  3.26613  2.80946  3.09214      - A - - :
          1.38629  1.38629  1.38629  1.38629
          0.03378  4.09796  4.09796  1.46634  0.26236  2.88658  0.05738
     43   2.56766  1.74360  2.70651  0.38327      - U - - :
          1.38629  1.38629  1.38629  1.38629
          0.03378  4.09796  4.09796  1.46634  0.26236  2.88658  0.05738
     44   0.50411  2.58690  1.49031  2.34967      - A - - :
          1.38629  1.38629  1.38629  1.38629
          0.03378  4.09796  4.09796  1.46634  0.26236  2.88658  0.05738
     45   2.96066  0.24265  3.13341  2.11943      - C - - :
          1.38629  1.38629  1.38629  1.38629
          0.03378  4.09796  4.09796  1.46634  0.26236  0.11826  2.19343
     46   1.50167  0.83714  2.32167  1.40167      - c - - :
          1.38629  1.38629  1.38629  1.38629
          0.02697  4.31948  4.31948  1.46634  0.26236  1.09861  0.40547
     47   3.23475  3.01662  3.52803  0.12522      - U - - :
          1.38629  1.38629  1.38629  1.38629
          0.02697  4.31948  4.31948  1.46634  0.26236  1.09861  0.40547
     48   2.78880  2.70268  3.25380  0.18290      - U - - :
          1.38629  1.38629  1.38629  1.38629
          0.02697  4.31948  4.31948  1.46634  0.26236  1.09861  0.40547
     49   1.49030  3.15447  0.38892  2.91427      - G - - :
          1.38629  1.38629  1.38629  1.38629
          0.02697  4.31948  4.31948  1.46634  0.26236  1.09861  0.40547
     50   0.33405  2.71271  2.82560  1.84291      - A - - :
          1.38629  1.38629  1.38629  1.38629
          0.02697  4.31948  4.31948  1.46634  0.26236  1.09861  0.40547
     51   0.77659  2.22556  1.43357  1.64215      - a - - :
          1.38629  1.38629  1.38629  1.38629
          0.02697  4.31948  4.31948  1.46634  0.26236  1.09861  0.40547
     52   0.53707  2.48837  2.56445  1.36439      - A - - :
          1.38629  1.38629  1.38629  1.38629
          0.02697  4.31948  4.31948  1.46634  0.26236  1.09861  0.40547
     53   3.48595  3.09944  3.62447  0.10799      - U - - :
          1.38629  1.38629  1.38629  1.38629
          0.02697  4.31948  4.31948  1.46634  0.26236  1.09861  0.40547
     54   1.80698  1.62722  2.17665  0.64254      - U - - :
          1.38629  1.38629  1.38629  1.38629
          0.02697  4.31948  4.31948  1.46634  0.26236  1.09861  0.40547
     55   1.93014  1.77423  1.54631  0.75030      - u - - :
          1.38629  1.38629  1.38629  1.38629
          0.03503  3.98008  4.15171  0.35833  1.20013  1.09861  0.40547
     56   1.88536  0.40896  2.49882  2.28571      - C - - :
          1.38629  1.38629  1.38629  1.38629
          0.02881  4.31704  4.19597  1.46634  0.26236  0.98995  0.46457
     57   2.09716  2.27870  1.99912  0.44734      - U - - :
          1.38629  1.38629  1.38629  1.38629
          0.03295  3.95918  4.31776  0.34152  1.24026  1.01954  0.44747
     58   2.70910  2.76505  2.89576  0.20435      - U - - :
          1.38629  1.38629  1.38629  1.38629
          0.02697  4.31948  4.31948  1.46634  0.26236  1.09861  0.40547
     59   2.56551  2.44444  1.94175  0.36688      - U - - :
          1.38629  1.38629  1.38629  1.38629
          0.03279  3.96605  4.31948  0.34591  1.22956  1.09861  0.40547
     60   1.93296  2.60859  2.83795  0.32421      - U - - :
          1.38629  1.38629  1.38629  1.38629
          0.02697  4.31948  4.31948  1.46634  0.26236  1.09861  0.40547
     61   1.45031  2.45684  2.57763  0.50444      - U - - :
          1.38629  1.38629  1.38629  1.38629
          0.02697  4.31948  4.31948  1.46634  0.26236  1.09861  0.40547
     62   1.42267  1.22520  2.22527  1.02948      - u - - :
          1.38629  1.38629  1.38629  1.38629
          0.02697  4.31948  4.31948  1.46634  0.26236  1.09861  0.40547
     63   1.42578  2.18012  1.15524  1.10362      - u - - :
          1.38629  1.38629  1.38629  1.38629
          0.02697  4.31948  4.31948  1.46634  0.26236  1.09861  0.40547
     64   2.19672  2.39320  0.84889  0.99532      - g - - :
          1.38629  1.38629  1.38629  1.38629
          0.02697  4.31948  4.31948  1.46634  0.26236  1.09861  0.40547
     65   2.46402  2.19264  0.29871  2.78859      - G - - :
          1.38629  1.38629  1.38629  1.38629
          0.03620  3.80547  4.31948  0.24156  1.53900  1.09861  0.40547
     66   2.30674  2.86633  0.35536  1.94780      - G - - :
          1.38629  1.38629  1.38629  1.38629
          0.03243  4.31948  3.98465  1.46634  0.26236  1.09861  0.40547
     67   2.80704  1.45985  2.95357  0.42283      - U - - :
          1.38629  1.38629  1.38629  1.38629
          0.02712  4.31417  4.31417  1.46634  0.26236  1.11556  0.39710
     68   2.51432  2.51206  1.63003  0.44308      - U - - :
          1.38629  1.38629  1.38629  1.38629
          0.02708  4.31569  4.31569  1.46634  0.26236  1.18911  0.36311
     69   2.72394  2.85730  3.28545  0.17490      - U - - :
          1.38629  1.38629  1.38629  1.38629
          0.11070  2.48302  3.84896  0.61000  0.78384  1.18911  0.36311
     70   0.34290  2.68830  2.79735  1.82435      - A - - :
          1.38629  1.38629  1.38629  1.38629
          0.02730  4.30771  4.30771  1.46634  0.26236  1.35556  0.29814
     71   0.14193  3.32810  3.09685  2.97080      - A - - :
          1.38629  1.38629  1.38629  1.38629
          0.02730  4.30771  4.30771  1.46634  0.26236  1.35556  0.29814
     72   0.83504  2.48908  0.99996  2.16056      - a - - :
          1.38629  1.38629  1.38629  1.38629
          0.03217  4.30771  4.00665  1.46634  0.26236  1.35556  0.29814
     73   2.39986  3.13916  0.24388  2.49653      - G - - :
          1.38629  1.38629  1.38629  1.38629
          0.02997  4.30297  4.13520  1.46634  0.26236  1.44226  0.26970
     74   2.28578  2.03326  1.76669  0.51667      - U - - :
          1.38629  1.38629  1.38629  1.38629
          0.03260  4.30050  3.98921  1.46634  0.26236  1.48453  0.25697
     75   1.14415  2.17951  1.16277  1.36341      - a - - :
          1.38629  1.38629  1.38629  1.38629
          0.02764  4.29553  4.29553  1.46634  0.26236  1.25275  0.33648
     76   1.65932  3.21574  0.33025  2.97867      - G - - :
          1.38629  1.38629  1.38629  1.38629
          0.02750  4.30050  4.30050  1.46634  0.26236  1.48453  0.25697
     77   2.70286  2.53323  3.13591  0.21057      - U - - :
          1.38629  1.38629  1.38629  1.38629
          0.02750  4.30050  4.30050  1.46634  0.26236  1.48453  0.25697
     78   2.03178  1.33936  1.22133  1.16460      - u - - :
          1.38629  1.38629  1.38629  1.38629
          0.02750  4.30050  4.30050  1.46634  0.26236  1.48453  0.25697
     79   2.10596  2.10238  1.12024  0.84419      - u - - :
          1.38629  1.38629  1.38629  1.38629
          0.02750  4.30050  4.30050  1.46634  0.26236  1.48453  0.25697
     80   2.67776  2.60674  1.99147  0.32710      - U - - :
          1.38629  1.38629  1.38629  1.38629
          0.02750  4.30050  4.30050  1.46634  0.26236  1.48453  0.25697
     81   1.85108  2.55827  2.76451  0.35313      - U - - :
          1.38629  1.38629  1.38629  1.38629
          0.03219  4.30050  4.01078  1.46634  0.26236  1.48453  0.25697
     82   1.87338  2.40860  2.36349  0.41194      - U - - :
          1.38629  1.38629  1.38629  1.38629
          0.09184  4.29593  2.60199  1.46634  0.26236  1.55793  0.23645
     83   2.09600  1.27942  1.74579  0.85720      - u - - :
          1.38629  1.38629  1.38629  1.38629
          0.11109  2.57279  3.54669  2.29469  0.10624  0.52416  0.89662
     84   1.40331  2.09879  1.17879  1.12713      - u - - :
          1.38629  1.38629  1.38629  1.38629
          0.02801  4.28239  4.28239  1.46634  0.26236  1.74683  0.19156
     85   0.92880  2.07337  1.47581  1.38384      - a - - :
          1.38629  1.38629  1.38629  1.38629
          0.03483  4.28239  3.89121  1.46634  0.26236  1.74683  0.19156
     86   3.21819  2.90971  3.09222  0.15073      - U - - :
          1.38629  1.38629  1.38629  1.38629
          0.02820  4.27575  4.27575  1.46634  0.26236  1.82698  0.17542
     87   1.45105  2.38593  0.59652  2.09601      - G - - :
          1.38629  1.38629  1.38629  1.38629
          0.02976  4.27575  4.17202  1.46634  0.26236  1.82698  0.17542
     88   0.59976  2.75980  1.18080  2.51678      - A - - :
          1.38629  1.38629  1.38629  1.38629
          0.02824  4.27423  4.27423  1.46634  0.26236  1.84441  0.17212
     89   0.06689  3.97081  3.71839  3.83654      - A - - :
          1.38629  1.38629  1.38629  1.38629
          0.02824  4.27423  4.27423  1.46634  0.26236  1.84441  0.17212
     90   0.57953  2.30839  1.48183  2.17864      - A - - :
          1.38629  1.38629  1.38629  1.38629
          0.04648  4.27423  3.45786  1.46634  0.26236  1.84441  0.17212
     91   1.51680  0.46627  2.79619  2.38369      - C - - :
          1.38629  1.38629  1.38629  1.38629
          0.02875  4.25650  4.25650  1.46634  0.26236  2.02639  0.14134
     92   1.74557  3.19583  0.31098  2.96050      - G - - :
          1.38629  1.38629  1.38629  1.38629
          0.03860  4.25650  3.74249  1.46634  0.26236  2.02639  0.14134
     93   1.45530  0.94159  1.48191  1.90071      - c - - :
          1.38629  1.38629  1.38629  1.38629
                *  0.00000        *  0.45905  0.99936  0.00000        *
//
