INFERNAL1/a [1.1.2 | July 2016]
NAME     t_pro_hok_sok_tadb_r2_round2_0001
STATES   463
NODES    155
CLEN     153
W        252
ALPH     RNA
RF       no
CONS     yes
MAP      yes
DATE     Tue Jan 28 11:34:53 2020
COM      [1] cmbuild /home/co78wid/projects/master/results/ta_systems/hok_sok_ena/hok_sok_tadb_r2/2_structure_analysis/infernal_search/t_pro_hok_sok_tadb_r2_cmbuild.txt /home/co78wid/projects/master/results/ta_systems/hok_sok_ena/hok_sok_tadb_r2/1_sequence_analysis/fold/t_pro_hok_sok_tadb_r2_round2.stk
COM      [2] cmcalibrate --cpu 30 /home/co78wid/projects/master/results/ta_systems/hok_sok_ena/hok_sok_tadb_r2/2_structure_analysis/infernal_search/t_pro_hok_sok_tadb_r2_cmbuild.txt
PBEGIN   0.05
PEND     0.05
WBETA    1e-07
QDBBETA1 1e-07
QDBBETA2 1e-15
N2OMEGA  1.52588e-05
N3OMEGA  1.52588e-05
ELSELF   -0.08926734
NSEQ     781
EFFN     5.586147
CKSUM    3270219194
NULL     0.000  0.000  0.000  0.000 
EFP7GF   -8.3155 0.71775
ECMLC    0.68763   -11.36541    -2.67133     1600000      473718  0.002533
ECMGC    0.35184   -20.90525   -10.97427     1600000       13169  0.030374
ECMLI    0.54563    -9.99692    -0.02317     1600000      277066  0.004331
ECMGI    0.41094    -9.44579    -0.98834     1600000       12926  0.030945
CM
                                             [ ROOT    0 ]      -      - - - - -
     S     0    -1 0     1     4     1     1   252   366  -7.975  -8.183  -0.553  -1.686                 
    IL     1     1 2     1     4    42    90   254   369  -1.686  -2.369  -1.117  -4.855                  0.000  0.000  0.000  0.000 
    IR     2     2 3     2     3    41    90   253   368  -1.442  -0.798  -4.142                          0.000  0.000  0.000  0.000 
                                             [ MATL    1 ]     19      - A - - -
    ML     3     2 3     5     3    41    90   252   367  -5.815  -0.052  -5.815                          1.099 -1.158 -0.187 -0.911 
     D     4     2 3     5     3    35    84   248   363 -14.585  -2.802  -0.223                         
    IL     5     5 3     5     3    43    92   257   372  -0.384  -2.121  -8.028                          0.000  0.000  0.000  0.000 
                                             [ MATL    2 ]     20      - a - - -
    ML     6     5 3     8     3    41    89   251   366  -5.878  -0.097  -4.372                          0.489 -0.659 -0.340  0.230 
     D     7     5 3     8     3    35    83   247   362 -14.428  -4.463  -0.067                         
    IL     8     8 3     8     3    43    91   256   371  -0.384  -2.121  -8.028                          0.000  0.000  0.000  0.000 
                                             [ MATL    3 ]     21      - a - - -
    ML     9     8 3    11     3    41    89   250   365  -4.016  -0.119  -5.832                          0.549 -0.986  0.419 -0.526 
     D    10     8 3    11     3    35    83   247   362 -14.544  -0.994  -1.007                         
    IL    11    11 3    11     3    41    89   250   365  -3.799  -0.108 -11.443                          0.000  0.000  0.000  0.000 
                                             [ MATL    4 ]     23      - A - - -
    ML    12    11 3    14     3    40    88   249   364  -6.087  -0.043  -6.087                          1.058  0.022 -1.355 -0.967 
     D    13    11 3    14     3    34    82   244   359 -13.654  -3.688  -0.117                         
    IL    14    14 3    14     3    42    90   254   369  -0.384  -2.121  -8.028                          0.000  0.000  0.000  0.000 
                                             [ MATL    5 ]     24      - U - - -
    ML    15    14 3    17     3    39    87   248   362  -6.087  -0.043  -6.087                         -0.051 -1.172 -1.328  1.132 
     D    16    14 3    17     3    33    81   244   359 -13.654  -3.688  -0.117                         
    IL    17    17 3    17     3    41    89   253   368  -0.384  -2.121  -8.028                          0.000  0.000  0.000  0.000 
                                             [ MATL    6 ]     25      - G - - -
    ML    18    17 3    20     3    39    86   247   361  -6.087  -0.043  -6.087                         -0.322 -2.150  1.430 -1.834 
     D    19    17 3    20     3    33    81   244   358 -13.654  -1.286  -0.761                         
    IL    20    20 3    20     3    40    88   252   366  -0.384  -2.121  -8.028                          0.000  0.000  0.000  0.000 
                                             [ MATL    7 ]     26      - C - - -
    ML    21    20 3    23     3    38    86   245   360  -6.175  -0.041  -6.119                         -1.616  1.602 -2.321 -1.189 
     D    22    20 3    23     3    32    80   242   357 -13.071  -3.105  -0.178                         
    IL    23    23 3    23     3    40    88   251   365  -0.384  -2.121  -8.028                          0.000  0.000  0.000  0.000 
                                             [ MATL    8 ]     27      - c - - -
    ML    24    23 3    26     3    37    85   244   359  -6.174  -0.041  -6.110                          0.158  0.704 -1.067 -0.362 
     D    25    23 3    26     3    32    80   241   356 -13.078  -1.586  -0.585                         
    IL    26    26 3    26     3    39    87   250   364  -0.384  -2.121  -8.028                          0.000  0.000  0.000  0.000 
                                             [ MATL    9 ]     28      - G - - -
    ML    27    26 3    29     3    37    84   243   358  -6.210  -0.040  -6.210                          0.044 -1.714  1.187 -1.365 
     D    28    26 3    29     3    31    79   240   355 -12.734  -1.124  -0.886                         
    IL    29    29 3    29     3    38    86   248   363  -0.384  -2.121  -8.028                          0.000  0.000  0.000  0.000 
                                             [ MATL   10 ]     29      - c - - -
    ML    30    29 3    32     3    36    83   242   357  -6.251  -0.042  -6.010                         -0.241  0.846 -0.739 -0.400 
     D    31    29 3    32     3    30    77   238   353 -12.194  -2.228  -0.347                         
    IL    32    32 3    32     3    38    85   247   362  -0.384  -2.121  -8.028                          0.000  0.000  0.000  0.000 
                                             [ MATL   11 ]     30      - a - - -
    ML    33    32 3    35     3    36    82   241   356  -6.248  -0.038  -6.248                          0.654 -0.728  0.092 -0.401 
     D    34    32 3    35     3    29    76   237   352 -12.249  -2.283  -0.332                         
    IL    35    35 3    35     3    37    84   246   361  -0.384  -2.121  -8.028                          0.000  0.000  0.000  0.000 
                                             [ MATL   12 ]     31      - a - - -
    ML    36    35 3    38     3    35    82   240   355  -6.248  -0.038  -6.248                          0.945 -0.473 -0.570 -0.554 
     D    37    35 3    38     3    29    76   236   351 -12.249  -1.608  -0.574                         
    IL    38    38 3    38     3    37    84   245   360  -0.384  -2.121  -8.028                          0.000  0.000  0.000  0.000 
                                             [ MATL   13 ]     32      - A - - -
    ML    39    38 3    41     3    34    81   239   354  -4.769  -0.077  -6.004                          1.259 -0.761 -1.168 -0.805 
     D    40    38 3    41     3    28    75   235   350 -12.060  -1.853  -0.468                         
    IL    41    41 3    41     3    36    83   241   356  -0.575  -1.606 -12.473                          0.000  0.000  0.000  0.000 
                                             [ MATL   14 ]     36      - A - - -
    ML    42    41 3    44     3    34    80   238   352  -6.259  -0.038  -6.259                          1.028 -1.056 -0.021 -1.014 
     D    43    41 3    44     3    27    74   234   349 -12.064  -2.098  -0.384                         
    IL    44    44 3    44     3    35    82   243   358  -0.384  -2.121  -8.028                          0.000  0.000  0.000  0.000 
                                             [ MATL   15 ]     37      - a - - -
    ML    45    44 3    47     3    33    79   236   351  -6.259  -0.038  -6.259                          0.299 -0.362  0.010 -0.023 
     D    46    44 3    47     3    27    73   233   347 -12.064  -2.098  -0.384                         
    IL    47    47 3    47     3    35    81   242   356  -0.384  -2.121  -8.028                          0.000  0.000  0.000  0.000 
                                             [ MATL   16 ]     38      - u - - -
    ML    48    47 3    50     3    32    79   235   350  -6.259  -0.038  -6.259                          0.066 -0.354  0.104  0.132 
     D    49    47 3    50     3    26    73   231   346 -12.064  -1.843  -0.472                         
    IL    50    50 3    50     3    34    81   241   355  -0.384  -2.121  -8.028                          0.000  0.000  0.000  0.000 
                                             [ MATL   17 ]     39      - c - - -
    ML    51    50 3    53     3    32    78   234   349  -6.263  -0.038  -6.263                         -0.226  0.839 -0.625 -0.500 
     D    52    50 3    53     3    26    72   230   345 -11.997  -2.032  -0.405                         
    IL    53    53 3    53     3    34    80   239   354  -0.384  -2.121  -8.028                          0.000  0.000  0.000  0.000 
                                             [ MATL   18 ]     40      - u - - -
    ML    54    53 3    56     3    31    77   233   348  -6.263  -0.038  -6.263                         -0.601 -0.032  0.183  0.296 
     D    55    53 3    56     3    25    71   228   343 -11.997  -1.948  -0.433                         
    IL    56    56 3    56     3    33    79   238   353  -0.384  -2.121  -8.028                          0.000  0.000  0.000  0.000 
                                             [ MATL   19 ]     41      - a - - -
    ML    57    56 3    59     3    31    76   232   347  -6.264  -0.038  -6.264                          0.171  0.061  0.048 -0.328 
     D    58    56 3    59     3    25    70   226   340 -11.976  -2.010  -0.412                         
    IL    59    59 3    59     3    32    78   237   352  -0.384  -2.121  -8.028                          0.000  0.000  0.000  0.000 
                                             [ MATL   20 ]     42      - U - - -
    ML    60    59 3    62     3    30    76   231   346  -6.264  -0.038  -6.264                         -0.929 -0.320 -0.785  1.066 
     D    61    59 3    62     3    24    70   223   336 -11.976  -2.010  -0.412                         
    IL    62    62 3    62     3    32    77   236   351  -0.384  -2.121  -8.028                          0.000  0.000  0.000  0.000 
                                             [ MATL   21 ]     43      - g - - -
    ML    63    62 3    65     3    29    75   230   345  -4.205  -0.100  -6.264                         -0.598 -0.273  0.489  0.148 
     D    64    62 3    65     3    23    69   217   311 -11.976  -2.010  -0.412                         
    IL    65    65 3    65     3    32    78   246   362  -0.230  -2.765 -14.421                          0.000  0.000  0.000  0.000 
                                             [ MATL   22 ]     53      - u - - -
    ML    66    65 3    68     3    29    74   219   306  -6.264  -0.038  -6.264                         -0.176 -0.174 -0.115  0.384 
     D    67    65 3    68     3    23    68   216   302 -11.976  -2.010  -0.412                         
    IL    68    68 3    68     3    30    76   226   313  -0.384  -2.121  -8.028                          0.000  0.000  0.000  0.000 
                                             [ MATL   23 ]     54      - U - - -
    ML    69    68 3    71     3    28    73   218   305  -6.264  -0.038  -6.264                         -2.246 -1.620 -2.563  1.720 
     D    70    68 3    71     3    22    67   215   301 -11.976  -2.010  -0.412                         
    IL    71    71 3    71     3    30    75   224   312  -0.384  -2.121  -8.028                          0.000  0.000  0.000  0.000 
                                             [ MATL   24 ]     55      - a - - -
    ML    72    71 3    74     3    27    72   217   303  -6.264  -0.038  -6.264                          0.328  0.040 -0.266 -0.176 
     D    73    71 3    74     3    22    67   214   300 -11.976  -1.763  -0.504                         
    IL    74    74 3    74     3    29    74   223   310  -0.384  -2.121  -8.028                          0.000  0.000  0.000  0.000 
                                             [ MATL   25 ]     56      - u - - -
    ML    75    74 3    77     3    27    71   216   302  -6.267  -0.038  -6.267                         -0.051 -0.553  0.011  0.428 
     D    76    74 3    77     3    21    66   212   299 -11.907  -1.942  -0.436                         
    IL    77    77 3    77     3    28    73   222   309  -0.384  -2.121  -8.028                          0.000  0.000  0.000  0.000 
                                             [ MATL   26 ]     57      - u - - -
    ML    78    77 3    80     3    26    70   215   301  -6.267  -0.038  -6.267                         -0.704 -0.714  0.207  0.698 
     D    79    77 3    80     3    20    65   211   298 -11.907  -1.942  -0.436                         
    IL    80    80 3    80     3    28    72   221   308  -0.384  -2.121  -8.028                          0.000  0.000  0.000  0.000 
                                             [ MATL   27 ]     58      - g - - -
    ML    81    80 3    83     3    25    70   213   300  -6.267  -0.038  -6.267                         -0.492  0.026  0.529 -0.273 
     D    82    80 3    83     3    20    65   210   296 -11.907  -1.722  -0.522                         
    IL    83    83 3    83     3    27    72   220   307  -0.384  -2.121  -8.028                          0.000  0.000  0.000  0.000 
                                             [ MATL   28 ]     59      - u - - -
    ML    84    83 3    86     3    25    69   212   298  -6.270  -0.038  -6.270                         -0.127 -1.158  0.386  0.410 
     D    85    83 3    86     3    19    64   209   295 -11.844  -1.878  -0.458                         
    IL    86    86 3    86     3    26    71   218   305  -0.384  -2.121  -8.028                          0.000  0.000  0.000  0.000 
                                             [ MATL   29 ]     60      - g - - -
    ML    87    86 3    89     3    24    68   211   297  -6.270  -0.038  -6.270                         -0.582  0.083  0.593 -0.388 
     D    88    86 3    89     3    19    63   208   294 -11.844  -1.878  -0.458                         
    IL    89    89 3    89     3    25    70   217   304  -0.384  -2.121  -8.028                          0.000  0.000  0.000  0.000 
                                             [ MATL   30 ]     61      - c - - -
    ML    90    89 3    92     3    23    67   210   296  -6.270  -0.056  -5.326                         -0.267  0.399 -0.599  0.251 
     D    91    89 3    92     3    18    62   207   293 -11.844  -1.466  -0.649                         
    IL    92    92 3    92     3    25    69   216   303  -0.384  -2.121  -8.028                          0.000  0.000  0.000  0.000 
                                             [ MATL   31 ]     62      - c - - -
    ML    93    92 3    95     3    23    66   209   295  -6.259  -0.038  -6.259                         -0.588  0.229  0.082  0.143 
     D    94    92 3    95     3    17    61   206   291 -12.060  -2.094  -0.385                         
    IL    95    95 3    95     3    24    68   215   302  -0.384  -2.121  -8.028                          0.000  0.000  0.000  0.000 
                                             [ MATL   32 ]     63      - U - - -
    ML    96    95 3    98     3    22    65   208   293  -6.259  -0.038  -6.259                         -2.617 -2.011 -2.849  1.787 
     D    97    95 3    98     3    17    61   205   291 -12.060  -1.205  -0.822                         
    IL    98    98 3    98     3    23    67   214   300  -0.384  -2.121  -8.028                          0.000  0.000  0.000  0.000 
                                             [ MATL   33 ]     64      - g - - -
    ML    99    98 3   101     3    21    65   206   292  -6.275  -0.038  -6.275                          0.099 -0.829  0.821 -0.740 
     D   100    98 3   101     3    16    59   203   289 -11.739  -1.673  -0.543                         
    IL   101   101 3   101     3    23    66   213   299  -0.384  -2.121  -8.028                          0.000  0.000  0.000  0.000 
                                             [ MATL   34 ]     65      - a - - -
    ML   102   101 3   104     3    21    64   205   291  -6.276  -0.038  -6.276                          0.547 -0.852 -0.425  0.310 
     D   103   101 3   104     3    15    58   202   288 -11.708  -1.742  -0.513                         
    IL   104   104 3   104     3    22    66   211   298  -0.384  -2.121  -8.028                          0.000  0.000  0.000  0.000 
                                             [ MATL   35 ]     66      - U - - -
    ML   105   104 3   107     3    20    63   204   290  -6.276  -0.038  -6.276                         -2.046 -1.506 -2.527  1.693 
     D   106   104 3   107     3    14    58   201   286 -11.708  -1.742  -0.513                         
    IL   107   107 3   107     3    21    65   210   297  -0.384  -2.121  -8.028                          0.000  0.000  0.000  0.000 
                                             [ MATL   36 ]     67      - c - - -
    ML   108   107 3   110     3    19    62   203   288  -6.276  -0.038  -6.276                         -0.007  0.248 -0.107 -0.169 
     D   109   107 3   110     3    14    57   200   285 -11.708  -1.742  -0.513                         
    IL   110   110 3   110     3    21    64   209   295  -0.384  -2.121  -8.028                          0.000  0.000  0.000  0.000 
                                             [ MATL   37 ]     68      - g - - -
    ML   111   110 3   113     3    19    61   202   287  -6.276  -0.038  -6.276                          0.408 -1.593  0.966 -1.368 
     D   112   110 3   113     3    13    56   198   284 -11.708  -1.742  -0.513                         
    IL   113   113 3   113     3    20    63   208   294  -0.384  -2.121  -8.028                          0.000  0.000  0.000  0.000 
                                             [ MATL   38 ]     69      - U - - -
    ML   114   113 3   116     3    18    61   200   286  -6.276  -0.038  -6.276                         -2.185 -1.786 -2.765  1.741 
     D   115   113 3   116     3    12    55   197   282 -11.708  -1.742  -0.513                         
    IL   116   116 3   116     3    20    62   207   293  -0.384  -2.121  -8.028                          0.000  0.000  0.000  0.000 
                                             [ MATL   39 ]     70      - c - - -
    ML   117   116 3   119     3    17    60   199   285  -6.276  -0.038  -6.276                         -0.435  0.341 -0.211  0.176 
     D   118   116 3   119     3    12    54   196   281 -11.708  -1.742  -0.513                         
    IL   119   119 3   119     3    19    62   206   292  -0.384  -2.121  -8.028                          0.000  0.000  0.000  0.000 
                                             [ MATL   40 ]     71      - a - - -
    ML   120   119 3   122     3    17    59   198   283  -6.276  -0.038  -6.276                          0.581 -0.873  0.477 -0.822 
     D   121   119 3   122     3    11    54   195   280 -11.708  -1.742  -0.513                         
    IL   122   122 3   122     3    18    61   204   290  -0.384  -2.121  -8.028                          0.000  0.000  0.000  0.000 
                                             [ MATL   41 ]     72      - U - - -
    ML   123   122 3   125     3    16    58   197   282  -6.276  -0.038  -6.276                         -2.665 -1.542 -2.908  1.751 
     D   124   122 3   125     3    10    53   194   279 -11.708  -1.742  -0.513                         
    IL   125   125 3   125     3    18    60   203   289  -0.384  -2.121  -8.028                          0.000  0.000  0.000  0.000 
                                             [ MATL   42 ]     73      - c - - -
    ML   126   125 3   128     3    15    57   196   281  -6.276  -0.038  -6.276                         -0.647  0.285  0.039  0.158 
     D   127   125 3   128     3    10    52   193   277 -11.708  -1.742  -0.513                         
    IL   128   128 3   128     3    17    59   202   288  -0.384  -2.121  -8.028                          0.000  0.000  0.000  0.000 
                                             [ MATL   43 ]     74      - U - - -
    ML   129   128 3   131     3    15    56   195   279  -6.276  -0.038  -6.276                         -2.046 -2.045 -2.079  1.713 
     D   130   128 3   131     3     9    51   191   276 -11.708  -1.742  -0.513                         
    IL   131   131 3   131     3    16    58   201   287  -0.384  -2.121  -8.028                          0.000  0.000  0.000  0.000 
                                             [ MATL   44 ]     75      - G - - -
    ML   132   131 3   134     3    14    56   193   278  -6.276  -0.038  -6.276                         -1.900 -2.107  1.737 -2.581 
     D   133   131 3   134     3     9    50   190   275 -11.708  -1.742  -0.513                         
    IL   134   134 3   134     3    16    57   200   285  -0.384  -2.121  -8.028                          0.000  0.000  0.000  0.000 
                                             [ MATL   45 ]     76      - U - - -
    ML   135   134 3   137     3    14    55   192   277  -6.276  -0.038  -6.276                         -1.655 -0.139 -2.057  1.341 
     D   136   134 3   137     3     8    50   189   274 -11.708  -1.742  -0.513                         
    IL   137   137 3   137     3    15    57   198   284  -0.384  -2.121  -8.028                          0.000  0.000  0.000  0.000 
                                             [ MATL   46 ]     77      - u - - -
    ML   138   137 3   140     3    13    54   191   276  -6.276  -0.038  -6.276                          0.070 -0.147 -0.472  0.408 
     D   139   137 3   140     3     7    49   188   272 -11.708  -1.742  -0.513                         
    IL   140   140 3   140     3    14    56   197   283  -0.384  -2.121  -8.028                          0.000  0.000  0.000  0.000 
                                             [ MATL   47 ]     78      - U - - -
    ML   141   140 3   143     3    12    53   190   274  -6.276  -0.038  -6.276                         -1.543 -0.848 -1.139  1.405 
     D   142   140 3   143     3     7    48   187   271 -11.708  -1.742  -0.513                         
    IL   143   143 3   143     3    14    55   196   282  -0.384  -2.121  -8.028                          0.000  0.000  0.000  0.000 
                                             [ MATL   48 ]     79      - c - - -
    ML   144   143 3   146     3    12    52   189   273  -6.276  -0.038  -6.227                         -0.042  0.364 -0.179 -0.220 
     D   145   143 3   146     3     6    47   186   270 -11.708  -1.606  -0.575                         
    IL   146   146 3   146     3    13    54   195   280  -0.384  -2.121  -8.028                          0.000  0.000  0.000  0.000 
                                             [ MATL   49 ]     80      - A - - -
    ML   147   146 3   149     3    11    51   187   272  -6.278  -0.038  -6.278                          1.835 -2.734 -2.903 -2.759 
     D   148   146 3   149     3     6    46   184   268 -11.680  -1.665  -0.547                         
    IL   149   149 3   149     3    12    53   194   279  -0.384  -2.121  -8.028                          0.000  0.000  0.000  0.000 
                                             [ MATL   50 ]     81      - C - - -
    ML   150   149 3   152     3    10    51   186   270  -6.278  -0.038  -6.278                         -3.248  1.850 -3.524 -2.302 
     D   151   149 3   152     3     5    45   183   267 -11.665  -1.699  -0.532                         
    IL   152   152 3   152     3    12    52   193   278  -0.384  -2.121  -8.028                          0.000  0.000  0.000  0.000 
                                             [ MATL   51 ]     82      - g - - -
    ML   153   152 3   155     3    10    50   185   269  -6.278  -0.038  -6.278                         -0.085 -0.159  0.483 -0.389 
     D   154   152 3   155     3     4    45   182   266 -11.665  -1.699  -0.532                         
    IL   155   155 3   155     3    11    51   191   276  -0.384  -2.121  -8.028                          0.000  0.000  0.000  0.000 
                                             [ MATL   52 ]     83      - g - - -
    ML   156   155 3   158     3     9    49   184   268  -6.278  -0.038  -6.278                         -0.126  0.058  0.397 -0.463 
     D   157   155 3   158     3     4    44   181   265 -11.665  -1.699  -0.532                         
    IL   158   158 3   158     3    11    51   190   275  -0.384  -2.121  -8.028                          0.000  0.000  0.000  0.000 
                                             [ MATL   53 ]     84      - U - - -
    ML   159   158 3   161     3     9    48   183   267  -6.278  -0.038  -6.278                         -2.553 -1.265 -2.793  1.709 
     D   160   158 3   161     3     3    43   180   263 -11.665  -1.699  -0.532                         
    IL   161   161 3   161     3    10    50   189   274  -0.384  -2.121  -8.028                          0.000  0.000  0.000  0.000 
                                             [ MATL   54 ]     85      - a - - -
    ML   162   161 3   164     3     8    47   181   265  -6.278  -0.038  -6.278                          0.128 -0.178  0.108 -0.081 
     D   163   161 3   164     3     3    42   178   262 -11.665  -1.583  -0.586                         
    IL   164   164 3   164     3     9    49   188   273  -0.384  -2.121  -8.028                          0.000  0.000  0.000  0.000 
                                             [ MATL   55 ]     86      - u - - -
    ML   165   164 3   167     3     7    46   180   264  -6.280  -0.038  -6.280                          0.072 -0.124 -0.516  0.414 
     D   166   164 3   167     3     2    41   177   261 -11.627  -1.661  -0.549                         
    IL   167   167 3   167     3     9    48   187   271  -0.384  -2.121  -8.028                          0.000  0.000  0.000  0.000 
                                             [ MATL   56 ]     87      - U - - -
    ML   168   167 3   170     3     7    45   179   263  -6.280  -0.038  -6.280                         -2.973 -2.212 -3.197  1.827 
     D   169   167 3   170     3     1    40   176   259 -11.627  -1.661  -0.549                         
    IL   170   170 3   170     3     8    47   185   270  -0.384  -2.121  -8.028                          0.000  0.000  0.000  0.000 
                                             [ MATL   57 ]     88      - g - - -
    ML   171   170 3   173     3     6    45   178   261  -6.280  -0.038  -6.280                          0.157 -0.985  0.814 -0.686 
     D   172   170 3   173     3     1    40   175   258 -11.627  -1.661  -0.549                         
    IL   173   173 3   173     3     8    46   184   269  -0.384  -2.121  -8.028                          0.000  0.000  0.000  0.000 
                                             [ MATL   58 ]     89      - g - - -
    ML   174   173 3   176     3     6    44   177   260  -6.280  -0.038  -6.280                          0.368 -1.200  0.474 -0.176 
     D   175   173 3   176     3     0    39   173   257 -11.627  -1.661  -0.549                         
    IL   176   176 3   176     3     7    46   183   267  -0.384  -2.121  -8.028                          0.000  0.000  0.000  0.000 
                                             [ MATL   59 ]     90      - U - - -
    ML   177   176 3   179     3     5    43   175   259  -6.280  -0.038  -6.280                         -1.188 -0.334 -0.688  1.102 
     D   178   176 3   179     3     0    38   172   256 -11.627  -1.661  -0.549                         
    IL   179   179 3   179     3     6    45   182   266  -0.384  -2.121  -8.028                          0.000  0.000  0.000  0.000 
                                             [ MATL   60 ]     91      - a - - -
    ML   180   179 3   182     3     5    42   174   257  -6.280  -0.039  -6.202                          0.522 -0.646  0.188 -0.348 
     D   181   179 3   182     3     0    37   171   254 -11.627  -1.661  -0.549                         
    IL   182   182 3   182     3     6    44   181   265  -0.384  -2.121  -8.028                          0.000  0.000  0.000  0.000 
                                             [ MATL   61 ]     92      - u - - -
    ML   183   182 3   185     3     4    41   173   256  -6.279  -0.038  -6.279                         -0.260 -0.848 -0.655  0.981 
     D   184   182 3   185     3     0    36   170   253 -11.652  -1.609  -0.574                         
    IL   185   185 3   185     3     5    43   179   264  -0.384  -2.121  -8.028                          0.000  0.000  0.000  0.000 
                                             [ MATL   62 ]     93      - U - - -
    ML   186   185 3   188     3     4    40   172   255  -6.280  -0.038  -6.231                         -1.531 -0.138 -1.304  1.226 
     D   187   185 3   188     3     0    35   169   252 -11.627  -1.661  -0.549                         
    IL   188   188 3   188     3     5    42   178   262  -0.384  -2.121  -8.028                          0.000  0.000  0.000  0.000 
                                             [ MATL   63 ]     94      - c - - -
    ML   189   188 3   191     3     3    40   171   254  -6.279  -0.038  -6.220                         -0.614  0.410  0.072 -0.049 
     D   190   188 3   191     3     0    35   167   250 -11.643  -1.677  -0.542                         
    IL   191   191 3   191     3     4    41   177   261  -0.384  -2.121  -8.028                          0.000  0.000  0.000  0.000 
                                             [ MATL   64 ]     95      - A - - -
    ML   192   191 3   194     3     3    39   169   252  -6.278  -0.038  -6.278                          1.010 -1.707  0.336 -1.260 
     D   193   191 3   194     3     0    34   166   249 -11.661  -1.590  -0.583                         
    IL   194   194 3   194     3     4    41   176   260  -0.384  -2.121  -8.028                          0.000  0.000  0.000  0.000 
                                             [ MATL   65 ]     96      - C - - -
    ML   195   194 3   197     3     2    38   168   251  -6.280  -0.038  -6.280                         -2.459  1.474 -2.703 -0.175 
     D   196   194 3   197     3     0    33   165   248 -11.627  -1.661  -0.549                         
    IL   197   197 3   197     3     4    40   175   258  -0.384  -2.121  -8.028                          0.000  0.000  0.000  0.000 
                                             [ MATL   66 ]     97      - a - - -
    ML   198   197 3   200     3     2    37   167   250  -6.280  -0.038  -6.280                          0.304  0.091 -0.256 -0.213 
     D   199   197 3   200     3     0    32   164   246 -11.627  -1.661  -0.549                         
    IL   200   200 3   200     3     3    39   173   257  -0.384  -2.121  -8.028                          0.000  0.000  0.000  0.000 
                                             [ MATL   67 ]     98      - u - - -
    ML   201   200 3   203     3     2    36   166   248  -6.280  -0.039  -6.211                         -1.332  0.382 -1.605  0.979 
     D   202   200 3   203     3     0    31   163   245 -11.627  -1.661  -0.549                         
    IL   203   203 3   203     3     3    38   172   256  -0.384  -2.121  -8.028                          0.000  0.000  0.000  0.000 
                                             [ MATL   68 ]     99      - u - - -
    ML   204   203 3   206     3     1    36   164   247  -6.279  -0.039  -6.208                         -0.224 -1.000  0.261  0.531 
     D   205   203 3   206     3     0    30   161   244 -11.649  -1.684  -0.539                         
    IL   206   206 3   206     3     2    37   171   255  -0.384  -2.121  -8.028                          0.000  0.000  0.000  0.000 
                                             [ MATL   69 ]    100      - g - - -
    ML   207   206 3   209     3     1    35   163   246  -6.278  -0.038  -6.278                         -0.813 -0.463  0.852 -0.151 
     D   208   206 3   209     3     0    30   160   242 -11.672  -1.706  -0.529                         
    IL   209   209 3   209     3     2    36   170   253  -0.384  -2.121  -8.028                          0.000  0.000  0.000  0.000 
                                             [ MATL   70 ]    101      - a - - -
    ML   210   209 3   212     3     1    34   162   244  -6.278  -0.038  -6.278                          0.327  0.176 -0.089 -0.565 
     D   211   209 3   212     3     0    29   159   241 -11.672  -1.637  -0.560                         
    IL   212   212 3   212     3     2    36   169   252  -0.384  -2.121  -8.028                          0.000  0.000  0.000  0.000 
                                             [ MATL   71 ]    102      - U - - -
    ML   213   212 3   215     3     1    33   161   243  -6.279  -0.038  -6.279                         -2.915 -2.206 -3.011  1.818 
     D   214   212 3   215     3     0    28   158   240 -11.650  -1.613  -0.572                         
    IL   215   215 3   215     3     2    35   167   251  -0.384  -2.121  -8.028                          0.000  0.000  0.000  0.000 
                                             [ MATL   72 ]    103      - g - - -
    ML   216   215 3   218     3     1    32   160   242  -6.280  -0.038  -6.280                          0.029 -1.006  0.731 -0.283 
     D   217   215 3   218     3     0    27   157   239 -11.627  -1.661  -0.549                         
    IL   218   218 3   218     3     1    34   166   249  -0.384  -2.121  -8.028                          0.000  0.000  0.000  0.000 
                                             [ MATL   73 ]    104      - A - - -
    ML   219   218 3   221     3     1    31   158   240  -6.280  -0.038  -6.280                          1.037 -1.452  0.107 -0.983 
     D   220   218 3   221     3     0    26   155   237 -11.627  -1.661  -0.549                         
    IL   221   221 3   221     3     1    33   165   248  -0.384  -2.121  -8.028                          0.000  0.000  0.000  0.000 
                                             [ MATL   74 ]    105      - C - - -
    ML   222   221 3   224     3     1    30   157   239  -6.280  -0.038  -6.280                         -1.375  1.125 -1.894  0.220 
     D   223   221 3   224     3     0    26   154   236 -11.627  -1.661  -0.549                         
    IL   224   224 3   224     3     1    32   164   247  -0.384  -2.121  -8.028                          0.000  0.000  0.000  0.000 
                                             [ MATL   75 ]    106      - g - - -
    ML   225   224 3   227     3     1    30   156   238  -6.280  -0.038  -6.280                          0.073 -0.066  0.185 -0.224 
     D   226   224 3   227     3     0    25   153   235 -11.627  -1.444  -0.661                         
    IL   227   227 3   227     3     1    31   163   245  -0.384  -2.121  -8.028                          0.000  0.000  0.000  0.000 
                                             [ MATL   76 ]    107      - c - - -
    ML   228   227 3   230     3     1    29   155   236  -6.283  -0.038  -6.283                          0.282  0.913 -1.245 -1.062 
     D   229   227 3   230     3     0    24   152   233 -11.551  -1.585  -0.585                         
    IL   230   230 3   230     3     1    31   161   244  -0.384  -2.121  -8.028                          0.000  0.000  0.000  0.000 
                                             [ MATL   77 ]    108      - G - - -
    ML   231   230 3   233     3     1    28   153   235  -6.283  -0.038  -6.283                         -1.607 -3.216  1.776 -2.840 
     D   232   230 3   233     3     0    23   151   232 -11.551  -1.585  -0.585                         
    IL   233   233 3   233     3     1    30   160   243  -0.384  -2.121  -8.028                          0.000  0.000  0.000  0.000 
                                             [ MATL   78 ]    109      - g - - -
    ML   234   233 3   236     3     1    27   152   234  -5.712  -0.047  -6.283                          0.044 -0.085  0.300 -0.330 
     D   235   233 3   236     3     0    22   149   231 -11.551  -1.585  -0.585                         
    IL   236   236 3   236     3     1    28   153   234  -1.899  -0.453  -9.543                          0.000  0.000  0.000  0.000 
                                             [ MATL   79 ]    111      - g - - -
    ML   237   236 3   239     3     1    26   151   233  -6.283  -0.039  -6.205                          0.587 -1.083  0.590 -0.943 
     D   238   236 3   239     3     0    21   148   230 -11.551  -1.585  -0.585                         
    IL   239   239 3   239     3     1    28   158   240  -0.384  -2.121  -8.028                          0.000  0.000  0.000  0.000 
                                             [ MATL   80 ]    112      - A - - -
    ML   240   239 3   242     3     1    26   150   231  -6.282  -0.038  -6.282                          1.218 -1.508 -0.122 -1.313 
     D   241   239 3   242     3     0    21   147   228 -11.578  -1.534  -0.612                         
    IL   242   242 3   242     3     1    27   157   239  -0.384  -2.121  -8.028                          0.000  0.000  0.000  0.000 
                                             [ MATL   81 ]    113      - a - - -
    ML   243   242 3   245     3     1    25   149   230  -6.283  -0.038  -6.283                          0.518 -0.166 -1.076  0.266 
     D   244   242 3   245     3     0    20   146   227 -11.551  -1.585  -0.585                         
    IL   245   245 3   245     3     1    26   156   238  -0.384  -2.121  -8.028                          0.000  0.000  0.000  0.000 
                                             [ MATL   82 ]    114      - u - - -
    ML   246   245 3   248     3     1    24   147   229  -6.283  -0.038  -6.283                         -0.133 -0.734 -0.159  0.670 
     D   247   245 3   248     3     0    19   145   226 -11.551  -1.585  -0.585                         
    IL   248   248 3   248     3     1    26   154   236  -0.384  -2.121  -8.028                          0.000  0.000  0.000  0.000 
                                             [ MATL   83 ]    115      - c - - -
    ML   249   248 3   251     3     1    23   146   227  -6.283  -0.038  -6.283                          0.039  0.838 -0.689 -0.823 
     D   250   248 3   251     3     0    18   143   224 -11.551  -1.585  -0.585                         
    IL   251   251 3   251     3     1    25   153   235  -0.384  -2.121  -8.028                          0.000  0.000  0.000  0.000 
                                             [ MATL   84 ]    116      - g - - -
    ML   252   251 3   254     3     1    22   145   226  -6.283  -0.038  -6.283                         -0.157 -0.144  0.662 -0.699 
     D   253   251 3   254     3     0    17   142   223 -11.551  -1.585  -0.585                         
    IL   254   254 3   254     3     1    24   152   234  -0.384  -2.121  -8.028                          0.000  0.000  0.000  0.000 
                                             [ MATL   85 ]    117      - C - - -
    ML   255   254 3   257     3     1    21   144   225  -6.283  -0.038  -6.283                         -2.451  1.627 -2.874 -0.755 
     D   256   254 3   257     3     0    16   141   221 -11.551  -1.585  -0.585                         
    IL   257   257 3   257     3     1    23   151   232  -0.384  -2.121  -8.028                          0.000  0.000  0.000  0.000 
                                             [ MATL   86 ]    118      - U - - -
    ML   258   257 3   260     3     1    21   143   223  -6.283  -0.038  -6.283                         -2.979 -2.455 -2.897  1.830 
     D   259   257 3   260     3     0    16   140   220 -11.551  -1.585  -0.585                         
    IL   260   260 3   260     3     1    22   149   231  -0.384  -2.121  -8.028                          0.000  0.000  0.000  0.000 
                                             [ MATL   87 ]    119      - g - - -
    ML   261   260 3   263     3     1    20   141   222  -6.283  -0.038  -6.283                         -0.361  0.133  0.325 -0.198 
     D   262   260 3   263     3     0    15   138   219 -11.551  -1.585  -0.585                         
    IL   263   263 3   263     3     1    21   148   230  -0.384  -2.121  -8.028                          0.000  0.000  0.000  0.000 
                                             [ MATL   88 ]    120      - U - - -
    ML   264   263 3   266     3     1    19   140   221  -6.283  -0.038  -6.283                         -3.134 -2.561 -3.336  1.855 
     D   265   263 3   266     3     0    14   137   217 -11.551  -1.585  -0.585                         
    IL   266   266 3   266     3     1    21   147   228  -0.384  -2.121  -8.028                          0.000  0.000  0.000  0.000 
                                             [ MATL   89 ]    121      - G - - -
    ML   267   266 3   269     3     1    18   139   219  -6.283  -0.038  -6.283                         -1.591 -3.331  1.785 -3.026 
     D   268   266 3   269     3     0    13   136   216 -11.551  -1.585  -0.585                         
    IL   269   269 3   269     3     1    20   146   227  -0.384  -2.121  -8.028                          0.000  0.000  0.000  0.000 
                                             [ MATL   90 ]    122      - C - - -
    ML   270   269 3   272     3     1    17   138   218  -6.283  -0.038  -6.283                         -2.101  1.100 -2.267  0.501 
     D   271   269 3   272     3     0    12   135   215 -11.551  -1.585  -0.585                         
    IL   272   272 3   272     3     1    19   145   226  -0.384  -2.121  -8.028                          0.000  0.000  0.000  0.000 
                                             [ MATL   91 ]    123      - G - - -
    ML   273   272 3   275     3     1    17   136   217  -6.283  -0.038  -6.283                         -1.960 -3.406  1.819 -3.041 
     D   274   272 3   275     3     0    11   133   213 -11.551  -1.585  -0.585                         
    IL   275   275 3   275     3     1    18   143   224  -0.384  -2.121  -8.028                          0.000  0.000  0.000  0.000 
                                             [ MATL   92 ]    124      - A - - -
    ML   276   275 3   278     3     1    16   135   215  -6.283  -0.038  -6.283                          1.748 -2.393 -2.006 -2.303 
     D   277   275 3   278     3     0    11   132   212 -11.551  -1.585  -0.585                         
    IL   278   278 3   278     3     1    17   142   223  -0.384  -2.121  -8.028                          0.000  0.000  0.000  0.000 
                                             [ MATL   93 ]    125      - G - - -
    ML   279   278 3   281     3     1    15   134   214  -6.283  -0.039  -6.206                          0.285 -2.063  1.170 -1.779 
     D   280   278 3   281     3     0    10   131   211 -11.551  -1.585  -0.585                         
    IL   281   281 3   281     3     1    17   141   222  -0.384  -2.121  -8.028                          0.000  0.000  0.000  0.000 
                                             [ MATL   94 ]    126      - u - - -
    ML   282   281 3   284     3     1    14   133   212  -6.282  -0.038  -6.282                         -0.119 -0.087  0.092  0.100 
     D   283   281 3   284     3     0     9   129   209 -11.577  -1.611  -0.573                         
    IL   284   284 3   284     3     1    16   140   220  -0.384  -2.121  -8.028                          0.000  0.000  0.000  0.000 
                                             [ MATL   95 ]    127      - U - - -
    ML   285   284 3   287     3     1    14   131   211  -6.282  -0.038  -6.282                         -2.885 -2.477 -3.245  1.840 
     D   286   284 3   287     3     0     8   128   208 -11.577  -1.611  -0.573                         
    IL   287   287 3   287     3     1    15   138   219  -0.384  -2.121  -8.028                          0.000  0.000  0.000  0.000 
                                             [ MATL   96 ]    128      - g - - -
    ML   288   287 3   290     3     1    13   130   210  -6.282  -0.038  -6.282                          0.049 -0.214  0.185 -0.049 
     D   289   287 3   290     3     0     7   127   206 -11.577  -1.611  -0.573                         
    IL   290   290 3   290     3     1    14   137   218  -0.384  -2.121  -8.028                          0.000  0.000  0.000  0.000 
                                             [ MATL   97 ]    129      - C - - -
    ML   291   290 3   293     3     1    12   129   208  -6.282  -0.038  -6.282                         -0.733  1.382 -1.815 -0.975 
     D   292   290 3   293     3     0     7   126   205 -11.577  -1.611  -0.573                         
    IL   293   293 3   293     3     1    14   136   216  -0.384  -2.121  -8.028                          0.000  0.000  0.000  0.000 
                                             [ MATL   98 ]    130      - G - - -
    ML   294   293 3   296     3     1    11   127   207  -6.282  -0.038  -6.282                         -0.423 -1.350  1.344 -1.631 
     D   295   293 3   296     3     0     6   124   204 -11.577  -1.611  -0.573                         
    IL   296   296 3   296     3     1    13   135   215  -0.384  -2.121  -8.028                          0.000  0.000  0.000  0.000 
                                             [ MATL   99 ]    131      - u - - -
    ML   297   296 3   299     3     1    10   126   205  -6.282  -0.038  -6.282                          0.076 -0.277 -0.039  0.198 
     D   298   296 3   299     3     0     5   123   202 -11.577  -1.611  -0.573                         
    IL   299   299 3   299     3     1    12   133   214  -0.384  -2.121  -8.028                          0.000  0.000  0.000  0.000 
                                             [ MATL  100 ]    132      - a - - -
    ML   300   299 3   302     3     1    10   125   204  -6.282  -0.038  -6.282                          0.668 -0.552 -0.782  0.199 
     D   301   299 3   302     3     0     4   122   201 -11.577  -1.611  -0.573                         
    IL   302   302 3   302     3     1    11   132   212  -0.384  -2.121  -8.028                          0.000  0.000  0.000  0.000 
                                             [ MATL  101 ]    133      - U - - -
    ML   303   302 3   305     3     1     9   124   203  -6.282  -0.038  -6.282                         -0.278 -1.415 -1.511  1.292 
     D   304   302 3   305     3     0     3   121   199 -11.577  -1.611  -0.573                         
    IL   305   305 3   305     3     1    11   131   211  -0.384  -2.121  -8.028                          0.000  0.000  0.000  0.000 
                                             [ MATL  102 ]    134      - c - - -
    ML   306   305 3   308     3     1     8   122   201  -6.282  -0.038  -6.220                         -0.454  0.804 -0.652 -0.171 
     D   307   305 3   308     3     0     2   119   198 -11.577  -1.611  -0.573                         
    IL   308   308 3   308     3     1    10   130   209  -0.384  -2.121  -8.028                          0.000  0.000  0.000  0.000 
                                             [ MATL  103 ]    135      - a - - -
    ML   309   308 3   311     3     1     8   121   200  -6.281  -0.038  -6.281                          0.779  0.413 -1.272 -0.895 
     D   310   308 3   311     3     0     1   118   196 -11.598  -1.632  -0.563                         
    IL   311   311 3   311     3     1     9   128   208  -0.384  -2.121  -8.028                          0.000  0.000  0.000  0.000 
                                             [ MATL  104 ]    136      - G - - -
    ML   312   311 3   314     3     1     7   120   198  -6.281  -0.038  -6.281                          0.170 -1.810  1.181 -1.633 
     D   313   311 3   314     3     0     0   117   195 -11.598  -1.632  -0.563                         
    IL   314   314 3   314     3     1     8   127   207  -0.384  -2.121  -8.028                          0.000  0.000  0.000  0.000 
                                             [ MATL  105 ]    137      - a - - -
    ML   315   314 3   317     3     1     6   119   197  -6.281  -0.038  -6.281                          0.654 -1.162  0.529 -0.899 
     D   316   314 3   317     3     0     0   115   194 -11.598  -1.632  -0.563                         
    IL   317   317 3   317     3     1     8   126   205  -0.384  -2.121  -8.028                          0.000  0.000  0.000  0.000 
                                             [ MATL  106 ]    138      - g - - -
    ML   318   317 3   320     3     1     6   117   196  -6.281  -0.038  -6.281                          0.170 -0.240  0.428 -0.550 
     D   319   317 3   320     3     0     0   114   192 -11.598  -1.632  -0.563                         
    IL   320   320 3   320     3     1     7   125   204  -0.384  -2.121  -8.028                          0.000  0.000  0.000  0.000 
                                             [ MATL  107 ]    139      - a - - -
    ML   321   320 3   323     3     1     5   116   194  -6.281  -0.038  -6.281                          0.748 -0.120 -0.571 -0.461 
     D   322   320 3   323     3     0     0   113   191 -11.598  -1.632  -0.563                         
    IL   323   323 3   323     3     1     6   123   202  -0.384  -2.121  -8.028                          0.000  0.000  0.000  0.000 
                                             [ MATL  108 ]    140      - c - - -
    ML   324   323 3   326     3     1     4   115   193  -6.281  -0.038  -6.281                         -0.678  0.505  0.084 -0.158 
     D   325   323 3   326     3     0     0   111   189 -11.598  -1.632  -0.563                         
    IL   326   326 3   326     3     1     6   122   201  -0.384  -2.121  -8.028                          0.000  0.000  0.000  0.000 
                                             [ MATL  109 ]    141      - G - - -
    ML   327   326 3   329     3     1     4   113   191  -6.281  -0.038  -6.281                         -0.915 -1.639  1.514 -1.769 
     D   328   326 3   329     3     0     0   110   188 -11.598  -1.632  -0.563                         
    IL   329   329 3   329     3     1     5   121   200  -0.384  -2.121  -8.028                          0.000  0.000  0.000  0.000 
                                             [ MATL  110 ]    142      - G - - -
    ML   330   329 3   332     3     1     3   112   190  -6.281  -0.040  -6.143                         -0.626 -1.237  1.365 -1.509 
     D   331   329 3   332     3     0     0   109   186 -11.598  -1.632  -0.563                         
    IL   332   332 3   332     3     1     5   119   198  -0.384  -2.121  -8.028                          0.000  0.000  0.000  0.000 
                                             [ MATL  111 ]    143      - a - - -
    ML   333   332 3   335     3     1     3   111   188  -6.279  -0.038  -6.279                          0.250  0.019 -0.237 -0.076 
     D   334   332 3   335     3     0     0   108   185 -11.644  -1.540  -0.609                         
    IL   335   335 3   335     3     1     4   118   197  -0.384  -2.121  -8.028                          0.000  0.000  0.000  0.000 
                                             [ MATL  112 ]    144      - a - - -
    ML   336   335 3   338     3     1     2   109   187  -6.281  -0.038  -6.281                          0.293  0.196 -0.291 -0.301 
     D   337   335 3   338     3     0     0   106   183 -11.598  -1.632  -0.563                         
    IL   338   338 3   338     3     1     3   117   195  -0.384  -2.121  -8.028                          0.000  0.000  0.000  0.000 
                                             [ MATL  113 ]    145      - A - - -
    ML   339   338 3   341     3     1     2   108   185  -6.281  -0.038  -6.281                          1.085 -0.837 -0.444 -0.778 
     D   340   338 3   341     3     0     0   105   182 -11.598  -1.632  -0.563                         
    IL   341   341 3   341     3     1     3   116   194  -0.384  -2.121  -8.028                          0.000  0.000  0.000  0.000 
                                             [ MATL  114 ]    146      - u - - -
    ML   342   341 3   344     3     1     2   107   184  -6.281  -0.038  -6.281                         -0.479  0.182 -0.073  0.260 
     D   343   341 3   344     3     0     0   104   181 -11.598  -1.632  -0.563                         
    IL   344   344 3   344     3     1     3   114   193  -0.384  -2.121  -8.028                          0.000  0.000  0.000  0.000 
                                             [ MATL  115 ]    147      - A - - -
    ML   345   344 3   347     3     1     1   105   183  -6.281  -0.038  -6.281                          1.187 -0.579 -1.252 -0.656 
     D   346   344 3   347     3     0     0   102   179 -11.598  -1.632  -0.563                         
    IL   347   347 3   347     3     1     2   113   191  -0.384  -2.121  -8.028                          0.000  0.000  0.000  0.000 
                                             [ MATL  116 ]    148      - c - - -
    ML   348   347 3   350     3     1     1   104   181  -6.281  -0.038  -6.281                         -0.209  0.352 -0.078 -0.135 
     D   349   347 3   350     3     0     0   101   178 -11.598  -1.632  -0.563                         
    IL   350   350 3   350     3     1     2   112   190  -0.384  -2.121  -8.028                          0.000  0.000  0.000  0.000 
                                             [ MATL  117 ]    149      - G - - -
    ML   351   350 3   353     3     1     1   103   180  -6.281  -0.038  -6.281                         -0.620 -1.192  1.179 -0.627 
     D   352   350 3   353     3     0     0   100   176 -11.598  -1.632  -0.563                         
    IL   353   353 3   353     3     1     2   111   188  -0.384  -2.121  -8.028                          0.000  0.000  0.000  0.000 
                                             [ MATL  118 ]    150      - G - - -
    ML   354   353 3   356     3     1     1   101   178  -6.281  -0.038  -6.281                         -1.648 -3.118  1.779 -2.912 
     D   355   353 3   356     3     0     0    98   175 -11.598  -1.632  -0.563                         
    IL   356   356 3   356     3     1     1   109   187  -0.384  -2.121  -8.028                          0.000  0.000  0.000  0.000 
                                             [ MATL  119 ]    151      - A - - -
    ML   357   356 3   359     3     1     1   100   177  -6.281  -0.038  -6.281                          1.524 -1.487 -1.822 -1.047 
     D   358   356 3   359     3     0     0    97   173 -11.598  -1.632  -0.563                         
    IL   359   359 3   359     3     1     1   108   185  -0.384  -2.121  -8.028                          0.000  0.000  0.000  0.000 
                                             [ MATL  120 ]    152      - G - - -
    ML   360   359 3   362     3     1     1    99   175  -6.281  -0.038  -6.281                         -0.795 -1.856  1.516 -1.796 
     D   361   359 3   362     3     0     0    96   172 -11.598  -1.632  -0.563                         
    IL   362   362 3   362     3     1     1   107   184  -0.384  -2.121  -8.028                          0.000  0.000  0.000  0.000 
                                             [ MATL  121 ]    153      - G - - -
    ML   363   362 3   365     3     1     1    97   174  -6.281  -0.039  -6.190                         -0.779 -0.727  1.074 -0.499 
     D   364   362 3   365     3     0     0    94   170 -11.598  -1.632  -0.563                         
    IL   365   365 3   365     3     1     1   105   182  -0.384  -2.121  -8.028                          0.000  0.000  0.000  0.000 
                                             [ MATL  122 ]    154      - U - - -
    ML   366   365 3   368     3     1     1    96   172  -6.280  -0.038  -6.280                         -2.212 -1.842 -2.799  1.749 
     D   367   365 3   368     3     0     0    93   168 -11.628  -1.571  -0.593                         
    IL   368   368 3   368     3     1     1   104   181  -0.384  -2.121  -8.028                          0.000  0.000  0.000  0.000 
                                             [ MATL  123 ]    155      - u - - -
    ML   369   368 3   371     3     1     1    95   170  -6.281  -0.038  -6.281                         -0.820 -0.095  0.203  0.429 
     D   370   368 3   371     3     0     0    91   167 -11.598  -1.632  -0.563                         
    IL   371   371 3   371     3     1     1   103   179  -0.384  -2.121  -8.028                          0.000  0.000  0.000  0.000 
                                             [ MATL  124 ]    156      - G - - -
    ML   372   371 3   374     3     1     1    93   169  -6.281  -0.038  -6.281                         -0.456 -1.393  1.329 -1.402 
     D   373   371 3   374     3     0     0    90   165 -11.598  -1.632  -0.563                         
    IL   374   374 3   374     3     1     1   101   178  -0.384  -2.121  -8.028                          0.000  0.000  0.000  0.000 
                                             [ MATL  125 ]    157      - C - - -
    ML   375   374 3   377     3     1     1    92   167  -6.281  -0.038  -6.281                         -0.903  1.182 -1.478 -0.255 
     D   376   374 3   377     3     0     0    89   164 -11.598  -1.632  -0.563                         
    IL   377   377 3   377     3     1     1   100   176  -0.384  -2.121  -8.028                          0.000  0.000  0.000  0.000 
                                             [ MATL  126 ]    158      - g - - -
    ML   378   377 3   380     3     1     1    91   166  -6.281  -0.038  -6.281                         -0.634 -1.022  0.869  0.052 
     D   379   377 3   380     3     0     0    87   162 -11.598  -1.632  -0.563                         
    IL   380   380 3   380     3     1     1    99   175  -0.384  -2.121  -8.028                          0.000  0.000  0.000  0.000 
                                             [ MATL  127 ]    159      - G - - -
    ML   381   380 3   383     3     1     1    89   164  -6.281  -0.042  -5.983                         -1.678 -2.935  1.763 -2.624 
     D   382   380 3   383     3     0     0    86   161 -11.598  -1.632  -0.563                         
    IL   383   383 3   383     3     1     1    97   173  -0.384  -2.121  -8.028                          0.000  0.000  0.000  0.000 
                                             [ MATL  128 ]    160      - C - - -
    ML   384   383 3   386     3     1     1    88   163  -6.277  -0.038  -6.277                         -2.230  1.402 -2.440 -0.060 
     D   385   383 3   386     3     0     0    84   159 -11.701  -1.437  -0.666                         
    IL   386   386 3   386     3     1     1    96   172  -0.384  -2.121  -8.028                          0.000  0.000  0.000  0.000 
                                             [ MATL  129 ]    161      - u - - -
    ML   387   386 3   389     3     1     1    86   161  -6.281  -0.040  -6.076                          0.116  0.102 -0.419  0.131 
     D   388   386 3   389     3     0     0    83   157 -11.598  -1.632  -0.563                         
    IL   389   389 3   389     3     1     1    95   170  -0.384  -2.121  -8.028                          0.000  0.000  0.000  0.000 
                                             [ MATL  130 ]    162      - u - - -
    ML   390   389 3   392     3     1     1    85   159  -6.278  -0.038  -6.278                          0.173 -0.591 -0.518  0.596 
     D   391   389 3   392     3     0     0    81   155 -11.667  -1.701  -0.531                         
    IL   392   392 3   392     3     1     1    93   169  -0.384  -2.121  -8.028                          0.000  0.000  0.000  0.000 
                                             [ MATL  131 ]    163      - u - - -
    ML   393   392 3   395     3     1     1    83   158  -6.278  -0.038  -6.278                         -0.559 -0.584 -0.500  0.961 
     D   394   392 3   395     3     0     0    80   154 -11.667  -1.701  -0.531                         
    IL   395   395 3   395     3     1     1    92   167  -0.384  -2.121  -8.028                          0.000  0.000  0.000  0.000 
                                             [ MATL  132 ]    164      - c - - -
    ML   396   395 3   398     3     1     1    82   156  -6.278  -0.038  -6.278                         -0.432  0.400 -0.458  0.277 
     D   397   395 3   398     3     0     0    78   152 -11.667  -1.701  -0.531                         
    IL   398   398 3   398     3     1     1    91   166  -0.384  -2.121  -8.028                          0.000  0.000  0.000  0.000 
                                             [ MATL  133 ]    165      - u - - -
    ML   399   398 3   401     3     1     1    80   154  -6.278  -0.038  -6.278                          0.378 -0.238 -0.871  0.385 
     D   400   398 3   401     3     0     0    77   150 -11.667  -1.701  -0.531                         
    IL   401   401 3   401     3     1     1    89   164  -0.384  -2.121  -8.028                          0.000  0.000  0.000  0.000 
                                             [ MATL  134 ]    166      - U - - -
    ML   402   401 3   404     3     1     1    79   153  -6.278  -0.038  -6.278                         -2.091 -0.213 -2.246  1.428 
     D   403   401 3   404     3     0     0    75   149 -11.667  -1.701  -0.531                         
    IL   404   404 3   404     3     1     1    88   162  -0.384  -2.121  -8.028                          0.000  0.000  0.000  0.000 
                                             [ MATL  135 ]    167      - g - - -
    ML   405   404 3   407     3     1     1    77   151  -4.788  -0.073  -6.278                          0.238 -0.756  0.707 -0.747 
     D   406   404 3   407     3     0     0    74   147 -11.667  -1.701  -0.531                         
    IL   407   407 3   407     3     1     1    81   154  -0.575  -1.606 -12.473                          0.000  0.000  0.000  0.000 
                                             [ MATL  136 ]    171      - G - - -
    ML   408   407 3   410     3     1     1    76   150  -6.278  -0.038  -6.278                         -1.412 -2.945  1.727 -2.443 
     D   409   407 3   410     3     0     0    72   146 -11.667  -1.701  -0.531                         
    IL   410   410 3   410     3     1     1    85   159  -0.384  -2.121  -8.028                          0.000  0.000  0.000  0.000 
                                             [ MATL  137 ]    172      - C - - -
    ML   411   410 3   413     3     1     1    75   148  -6.278  -0.038  -6.278                         -1.081  1.506 -2.146 -1.115 
     D   412   410 3   413     3     0     0    71   144 -11.667  -1.701  -0.531                         
    IL   413   413 3   413     3     1     1    84   158  -0.384  -2.121  -8.028                          0.000  0.000  0.000  0.000 
                                             [ MATL  138 ]    173      - U - - -
    ML   414   413 3   416     3     1     1    73   146  -6.278  -0.044  -5.891                         -1.679  0.365 -1.632  1.055 
     D   415   413 3   416     3     0     0    69   142 -11.667  -1.701  -0.531                         
    IL   416   416 3   416     3     1     1    82   156  -0.384  -2.121  -8.028                          0.000  0.000  0.000  0.000 
                                             [ MATL  139 ]    174      - U - - -
    ML   417   416 3   419     3     1     1    72   144  -6.272  -0.038  -6.272                         -2.556 -1.888 -2.358  1.751 
     D   418   416 3   419     3     0     0    67   140 -11.798  -1.832  -0.476                         
    IL   419   419 3   419     3     1     1    81   154  -0.384  -2.121  -8.028                          0.000  0.000  0.000  0.000 
                                             [ MATL  140 ]    175      - A - - -
    ML   420   419 3   422     3     1     1    70   142  -6.272  -0.038  -6.272                          1.083 -1.424  0.071 -1.128 
     D   421   419 3   422     3     0     0    66   138 -11.798  -1.832  -0.476                         
    IL   422   422 3   422     3     1     1    79   153  -0.384  -2.121  -8.028                          0.000  0.000  0.000  0.000 
                                             [ MATL  141 ]    176      - C - - -
    ML   423   422 3   425     3     1     1    68   140  -6.272  -0.052  -5.481                         -2.148  1.501 -2.589 -0.362 
     D   424   422 3   425     3     0     0    64   135 -11.798  -1.832  -0.476                         
    IL   425   425 3   425     3     1     1    78   151  -0.384  -2.121  -8.028                          0.000  0.000  0.000  0.000 
                                             [ MATL  142 ]    177      - G - - -
    ML   426   425 3   428     3     1     1    67   138  -6.259  -0.049  -5.602                         -0.664 -1.731  1.477 -1.816 
     D   427   425 3   428     3     0     0    62   133 -12.067  -2.101  -0.383                         
    IL   428   428 3   428     3     1     1    76   149  -0.384  -2.121  -8.028                          0.000  0.000  0.000  0.000 
                                             [ MATL  143 ]    178      - A - - -
    ML   429   428 3   431     3     1     1    65   136  -6.248  -0.038  -6.248                          1.369 -1.077 -1.165 -1.007 
     D   430   428 3   431     3     0     0    59   131 -12.249  -2.111  -0.380                         
    IL   431   431 3   431     3     1     1    75   147  -0.384  -2.121  -8.028                          0.000  0.000  0.000  0.000 
                                             [ MATL  144 ]    179      - A - - -
    ML   432   431 3   434     3     1     1    63   134  -6.250  -0.133  -3.743                          1.036 -0.760 -0.646 -0.474 
     D   433   431 3   434     3     0     0    57   128 -12.211  -2.245  -0.342                         
    IL   434   434 3   434     3     1     1    74   146  -0.384  -2.121  -8.028                          0.000  0.000  0.000  0.000 
                                             [ MATL  145 ]    180      - u - - -
    ML   435   434 3   437     3     1     1    61   132  -6.159  -0.041  -6.159                         -0.435 -0.351 -0.373  0.769 
     D   436   434 3   437     3     0     0    54   124 -13.202  -2.580  -0.264                         
    IL   437   437 3   437     3     1     1    72   144  -0.384  -2.121  -8.028                          0.000  0.000  0.000  0.000 
                                             [ MATL  146 ]    181      - C - - -
    ML   438   437 3   440     3     1     1    59   130  -6.170  -0.043  -5.999                         -1.146  1.200 -1.346 -0.223 
     D   439   437 3   440     3     0     0    51   121 -13.111  -3.146  -0.173                         
    IL   440   440 3   440     3     1     1    70   142  -0.384  -2.121  -8.028                          0.000  0.000  0.000  0.000 
                                             [ MATL  147 ]    182      - c - - -
    ML   441   440 3   443     3     1     1    57   127  -6.168  -0.103  -4.184                         -0.437  0.470 -0.471  0.207 
     D   442   440 3   443     3     0     0    48   118 -13.132  -3.166  -0.171                         
    IL   443   443 3   443     3     1     1    69   139  -0.384  -2.121  -8.028                          0.000  0.000  0.000  0.000 
                                             [ MATL  148 ]    183      - G - - -
    ML   444   443 3   446     3     1     1    54   124  -5.186  -0.062  -6.107                         -0.078 -1.809  1.277 -1.537 
     D   445   443 3   446     3     0     0    46   115 -13.543  -3.577  -0.126                         
    IL   446   446 3   446     3     1     1    58   127  -0.566  -1.625 -11.522                          0.000  0.000  0.000  0.000 
                                             [ MATL  149 ]    187      - a - - -
    ML   447   446 3   449     3     1     1    53   123  -6.107  -0.042  -6.107                          0.598 -0.950  0.386 -0.595 
     D   448   446 3   449     3     0     0    42   112 -13.543  -3.577  -0.126                         
    IL   449   449 3   449     3     1     1    66   136  -0.384  -2.121  -8.028                          0.000  0.000  0.000  0.000 
                                             [ MATL  150 ]    188      - g - - -
    ML   450   449 3   452     3     1     1    49   118  -4.595  -0.328  -2.626                          0.089 -0.287  0.155  0.004 
     D   451   449 3   452     3     0     0    40   109 -13.543  -3.577  -0.126                         
    IL   452   452 3   452     3     1     1    50   119  -3.401  -0.144 -11.045                          0.000  0.000  0.000  0.000 
                                             [ MATL  151 ]    190      - a - - -
    ML   453   452 3   455     3     1     1    49   118  -5.877  -0.050  -5.877                          0.361  0.022  0.031 -0.559 
     D   454   452 3   455     3     0     0    26    95 -14.432  -4.466  -0.067                         
    IL   455   455 3   455     3     1     1    63   132  -0.384  -2.121  -8.028                          0.000  0.000  0.000  0.000 
                                             [ MATL  152 ]    191      - a - - -
    ML   456   455 3   458     3     1     1    23    53  -5.129  -0.093  -4.871                          0.706 -0.986  0.261 -0.587 
     D   457   455 3   458     3     0     0    12    42 -14.432  -4.466  -0.067                         
    IL   458   458 3   458     3     1     1    28    58  -0.881  -1.131 -10.661                          0.000  0.000  0.000  0.000 
                                             [ MATL  153 ]    194      - G - - -
    ML   459   458 3   461     2     1     1     1     1       *   0.000                                 -0.953 -1.522  1.365 -0.837 
     D   460   458 3   461     2     0     0     0     0       *   0.000                                 
    IL   461   461 3   461     2     1     1    13    28  -1.823  -0.479                                  0.000  0.000  0.000  0.000 
                                             [ END   154 ]      -      - - - - -
     E   462   461 3    -1     0     0     0     0     0                                                 
//
HMMER3/f [3.1b3 | July 2016]
NAME  t_pro_hok_sok_tadb_r2_round2_0001
LENG  153
MAXL  252
ALPH  RNA
RF    no
MM    no
CONS  yes
CS    yes
MAP   no
DATE  Tue Jan 28 11:34:53 2020
COM   [1] cmbuild /home/co78wid/projects/master/results/ta_systems/hok_sok_ena/hok_sok_tadb_r2/2_structure_analysis/infernal_search/t_pro_hok_sok_tadb_r2_cmbuild.txt /home/co78wid/projects/master/results/ta_systems/hok_sok_ena/hok_sok_tadb_r2/1_sequence_analysis/fold/t_pro_hok_sok_tadb_r2_round2.stk
COM   [2] cmbuild /home/co78wid/projects/master/results/ta_systems/hok_sok_ena/hok_sok_tadb_r2/2_structure_analysis/infernal_search/t_pro_hok_sok_tadb_r2_cmbuild.txt /home/co78wid/projects/master/results/ta_systems/hok_sok_ena/hok_sok_tadb_r2/1_sequence_analysis/fold/t_pro_hok_sok_tadb_r2_round2.stk
NSEQ  781
EFFN  5.586147
STATS LOCAL MSV      -10.3802  0.71775
STATS LOCAL VITERBI  -11.2605  0.71775
STATS LOCAL FORWARD   -3.9312  0.71775
HMM          A        C        G        U   
            m->m     m->i     m->d     i->m     i->i     d->m     d->d
  COMPO   1.43867  1.52152  1.33538  1.26827
          1.38629  1.38629  1.38629  1.38629
          0.37855  5.52818  1.16741  0.39730  1.11515  0.00000        *
      1   0.62474  2.18867  1.51604  2.01775      - A - - :
          1.38629  1.38629  1.38629  1.38629
          0.03618  4.03053  4.03053  1.46634  0.26236  1.94245  0.15473
      2   1.04721  1.84323  1.62193  1.22669      - a - - :
          1.38629  1.38629  1.38629  1.38629
          0.06753  4.07436  3.03032  1.46634  0.26236  3.09325  0.04642
      3   1.00549  2.06939  1.09583  1.75093      - a - - :
          1.38629  1.38629  1.38629  1.38629
          0.08271  2.78345  4.04256  0.07460  2.63272  0.68863  0.69768
      4   0.65299  1.37089  2.32519  2.05675      - A - - :
          1.38629  1.38629  1.38629  1.38629
          0.02987  4.21908  4.21908  1.46634  0.26236  2.55650  0.08075
      5   1.42150  2.19851  2.30653  0.60134      - U - - :
          1.38629  1.38629  1.38629  1.38629
          0.02987  4.21908  4.21908  1.46634  0.26236  2.55650  0.08075
      6   1.60973  2.87673  0.39512  2.65721      - G - - :
          1.38629  1.38629  1.38629  1.38629
          0.02987  4.21908  4.21908  1.46634  0.26236  0.89143  0.52775
      7   2.50676  0.27601  2.99537  2.21052      - C - - :
          1.38629  1.38629  1.38629  1.38629
          0.02863  4.28023  4.24171  1.46634  0.26236  2.15229  0.12354
      8   1.27693  0.89811  2.12611  1.63748      - c - - :
          1.38629  1.38629  1.38629  1.38629
          0.02873  4.27969  4.23526  1.46634  0.26236  1.09907  0.40523
      9   1.35612  2.57426  0.56379  2.33221      - G - - :
          1.38629  1.38629  1.38629  1.38629
          0.02738  4.30477  4.30477  1.46634  0.26236  0.77891  0.61416
     10   1.55365  0.80002  1.89852  1.66382      - c - - :
          1.38629  1.38629  1.38629  1.38629
          0.02906  4.33306  4.16610  1.46634  0.26236  1.54425  0.24013
     11   0.93324  1.89104  1.32238  1.66437      - a - - :
          1.38629  1.38629  1.38629  1.38629
          0.02667  4.33067  4.33067  1.46634  0.26236  1.58231  0.23004
     12   0.73152  1.71409  1.78139  1.77024      - a - - :
          1.38629  1.38629  1.38629  1.38629
          0.02667  4.33067  4.33067  1.46634  0.26236  1.11421  0.39776
     13   0.51387  1.91406  2.19599  1.94426      - A - - :
          1.38629  1.38629  1.38629  1.38629
          0.05366  3.30579  4.16200  1.11278  0.39845  1.28448  0.32406
     14   0.67390  2.11859  1.40113  2.08938      - A - - :
          1.38629  1.38629  1.38629  1.38629
          0.02646  4.33835  4.33835  1.46634  0.26236  1.45408  0.26607
     15   1.17874  1.63719  1.37924  1.40227      - a - - :
          1.38629  1.38629  1.38629  1.38629
          0.02646  4.33835  4.33835  1.46634  0.26236  1.45408  0.26607
     16   1.34056  1.63161  1.31403  1.29480      - u - - :
          1.38629  1.38629  1.38629  1.38629
          0.02646  4.33835  4.33835  1.46634  0.26236  1.27758  0.32671
     17   1.54281  0.80464  1.81931  1.73254      - c - - :
          1.38629  1.38629  1.38629  1.38629
          0.02640  4.34087  4.34087  1.46634  0.26236  1.40794  0.28057
     18   1.80274  1.40873  1.25966  1.18107      - u - - :
          1.38629  1.38629  1.38629  1.38629
          0.02640  4.34087  4.34087  1.46634  0.26236  1.34967  0.30019
     19   1.26762  1.34370  1.35320  1.61340      - a - - :
          1.38629  1.38629  1.38629  1.38629
          0.02637  4.34165  4.34165  1.46634  0.26236  1.39315  0.28541
     20   2.03025  1.60783  1.93023  0.64768      - U - - :
          1.38629  1.38629  1.38629  1.38629
          0.02637  4.34165  4.34165  1.46634  0.26236  1.39315  0.28541
     21   1.80072  1.57564  1.04737  1.28343      - g - - :
          1.38629  1.38629  1.38629  1.38629
          0.06960  2.91474  4.34165  1.91660  0.15912  1.39315  0.28541
     22   1.50823  1.50714  1.46591  1.11997      - u - - :
          1.38629  1.38629  1.38629  1.38629
          0.02637  4.34165  4.34165  1.46634  0.26236  1.39315  0.28541
     23   2.94292  2.50895  3.16299  0.19403      - U - - :
          1.38629  1.38629  1.38629  1.38629
          0.02637  4.34165  4.34165  1.46634  0.26236  1.39315  0.28541
     24   1.15886  1.35883  1.57063  1.50832      - a - - :
          1.38629  1.38629  1.38629  1.38629
          0.02637  4.34165  4.34165  1.46634  0.26236  1.22168  0.34918
     25   1.42148  1.76950  1.37899  1.08948      - u - - :
          1.38629  1.38629  1.38629  1.38629
          0.02631  4.34408  4.34408  1.46634  0.26236  1.34559  0.30163
     26   1.87452  1.88113  1.24282  0.90243      - u - - :
          1.38629  1.38629  1.38629  1.38629
          0.02631  4.34408  4.34408  1.46634  0.26236  1.34559  0.30163
     27   1.72726  1.36840  1.01930  1.57568      - g - - :
          1.38629  1.38629  1.38629  1.38629
          0.02631  4.34408  4.34408  1.46634  0.26236  1.19311  0.36137
     28   1.47408  2.18870  1.11868  1.10190      - u - - :
          1.38629  1.38629  1.38629  1.38629
          0.02625  4.34621  4.34621  1.46634  0.26236  1.30176  0.31753
     29   1.78937  1.32849  0.97549  1.65521      - g - - :
          1.38629  1.38629  1.38629  1.38629
          0.02625  4.34621  4.34621  1.46634  0.26236  1.30176  0.31753
     30   1.57111  1.10974  1.80164  1.21230      - c - - :
          1.38629  1.38629  1.38629  1.38629
          0.03862  4.34621  3.69164  1.46634  0.26236  1.01600  0.44948
     31   1.79394  1.22757  1.32921  1.28733      - c - - :
          1.38629  1.38629  1.38629  1.38629
          0.02646  4.33850  4.33850  1.46634  0.26236  1.45145  0.26687
     32   3.20055  2.77999  3.36100  0.14790      - U - - :
          1.38629  1.38629  1.38629  1.38629
          0.02646  4.33850  4.33850  1.46634  0.26236  0.83466  0.56920
     33   1.31763  1.96075  0.81688  1.89932      - g - - :
          1.38629  1.38629  1.38629  1.38629
          0.02616  4.34957  4.34957  1.46634  0.26236  1.15965  0.37629
     34   1.00681  1.97668  1.68105  1.17148      - a - - :
          1.38629  1.38629  1.38629  1.38629
          0.02614  4.35049  4.35049  1.46634  0.26236  1.20746  0.35518
     35   2.80479  2.43034  3.13773  0.21308      - U - - :
          1.38629  1.38629  1.38629  1.38629
          0.02614  4.35049  4.35049  1.46634  0.26236  1.20746  0.35518
     36   1.39147  1.21471  1.46036  1.50354      - c - - :
          1.38629  1.38629  1.38629  1.38629
          0.02614  4.35049  4.35049  1.46634  0.26236  1.20746  0.35518
     37   1.10335  2.49029  0.71647  2.33425      - g - - :
          1.38629  1.38629  1.38629  1.38629
          0.02614  4.35049  4.35049  1.46634  0.26236  1.20746  0.35518
     38   2.90077  2.62444  3.30277  0.17942      - U - - :
          1.38629  1.38629  1.38629  1.38629
          0.02614  4.35049  4.35049  1.46634  0.26236  1.20746  0.35518
     39   1.68760  1.15020  1.53277  1.26398      - c - - :
          1.38629  1.38629  1.38629  1.38629
          0.02614  4.35049  4.35049  1.46634  0.26236  1.20746  0.35518
     40   0.98332  1.99153  1.05551  1.95594      - a - - :
          1.38629  1.38629  1.38629  1.38629
          0.02614  4.35049  4.35049  1.46634  0.26236  1.20746  0.35518
     41   3.23387  2.45527  3.40205  0.17263      - U - - :
          1.38629  1.38629  1.38629  1.38629
          0.02614  4.35049  4.35049  1.46634  0.26236  1.20746  0.35518
     42   1.83502  1.18886  1.35895  1.27693      - c - - :
          1.38629  1.38629  1.38629  1.38629
          0.02614  4.35049  4.35049  1.46634  0.26236  1.20746  0.35518
     43   2.80443  2.80344  2.82722  0.19884      - U - - :
          1.38629  1.38629  1.38629  1.38629
          0.02614  4.35049  4.35049  1.46634  0.26236  1.20746  0.35518
     44   2.70350  2.84683  0.18246  3.17524      - G - - :
          1.38629  1.38629  1.38629  1.38629
          0.02614  4.35049  4.35049  1.46634  0.26236  1.20746  0.35518
     45   2.53346  1.48250  2.81197  0.45656      - U - - :
          1.38629  1.38629  1.38629  1.38629
          0.02614  4.35049  4.35049  1.46634  0.26236  1.20746  0.35518
     46   1.33811  1.48797  1.71371  1.10373      - u - - :
          1.38629  1.38629  1.38629  1.38629
          0.02614  4.35049  4.35049  1.46634  0.26236  1.20746  0.35518
     47   2.45609  1.97400  2.17582  0.41277      - U - - :
          1.38629  1.38629  1.38629  1.38629
          0.02614  4.35049  4.35049  1.46634  0.26236  1.20746  0.35518
     48   1.41565  1.13398  1.51058  1.53852      - c - - :
          1.38629  1.38629  1.38629  1.38629
          0.02660  4.35049  4.31634  1.46634  0.26236  1.11280  0.39844
     49   0.11421  3.28138  3.39871  3.29848      - A - - :
          1.38629  1.38629  1.38629  1.38629
          0.02612  4.35132  4.35132  1.46634  0.26236  1.15383  0.37896
     50   3.63749  0.10397  3.82871  2.98206      - C - - :
          1.38629  1.38629  1.38629  1.38629
          0.02611  4.35177  4.35177  1.46634  0.26236  1.17733  0.36831
     51   1.44491  1.49663  1.05160  1.65564      - g - - :
          1.38629  1.38629  1.38629  1.38629
          0.02611  4.35177  4.35177  1.46634  0.26236  1.17733  0.36831
     52   1.47348  1.34586  1.11096  1.70752      - g - - :
          1.38629  1.38629  1.38629  1.38629
          0.02611  4.35177  4.35177  1.46634  0.26236  1.17733  0.36831
     53   3.15557  2.26303  3.32214  0.20178      - U - - :
          1.38629  1.38629  1.38629  1.38629
          0.02611  4.35177  4.35177  1.46634  0.26236  1.17733  0.36831
     54   1.29737  1.50962  1.31157  1.44241      - a - - :
          1.38629  1.38629  1.38629  1.38629
          0.02611  4.35177  4.35177  1.46634  0.26236  1.09723  0.40616
     55   1.33639  1.47248  1.74423  1.09940      - u - - :
          1.38629  1.38629  1.38629  1.38629
          0.02608  4.35284  4.35284  1.46634  0.26236  1.15130  0.38013
     56   3.44721  2.91978  3.60201  0.11997      - U - - :
          1.38629  1.38629  1.38629  1.38629
          0.02608  4.35284  4.35284  1.46634  0.26236  1.15130  0.38013
     57   1.27753  2.06932  0.82184  1.86187      - g - - :
          1.38629  1.38629  1.38629  1.38629
          0.02608  4.35284  4.35284  1.46634  0.26236  1.15130  0.38013
     58   1.13117  2.21834  1.05755  1.50847      - g - - :
          1.38629  1.38629  1.38629  1.38629
          0.02608  4.35284  4.35284  1.46634  0.26236  1.15130  0.38013
     59   2.20943  1.61747  1.86304  0.62243      - U - - :
          1.38629  1.38629  1.38629  1.38629
          0.02608  4.35284  4.35284  1.46634  0.26236  1.15130  0.38013
     60   1.02457  1.83415  1.25573  1.62744      - a - - :
          1.38629  1.38629  1.38629  1.38629
          0.02681  4.35284  4.29882  1.46634  0.26236  1.15130  0.38013
     61   1.56646  1.97387  1.84027  0.70618      - u - - :
          1.38629  1.38629  1.38629  1.38629
          0.02610  4.35213  4.35213  1.46634  0.26236  1.11468  0.39753
     62   2.44774  1.48171  2.28990  0.53617      - U - - :
          1.38629  1.38629  1.38629  1.38629
          0.02653  4.35284  4.31899  1.46634  0.26236  1.15130  0.38013
     63   1.81174  1.10201  1.33659  1.42012      - c - - :
          1.38629  1.38629  1.38629  1.38629
          0.02664  4.35240  4.31170  1.46634  0.26236  1.16213  0.37516
     64   0.68611  2.56973  1.15350  2.25971      - A - - :
          1.38629  1.38629  1.38629  1.38629
          0.02610  4.35187  4.35187  1.46634  0.26236  1.10181  0.40387
     65   3.09081  0.36435  3.26020  1.50731      - C - - :
          1.38629  1.38629  1.38629  1.38629
          0.02608  4.35284  4.35284  1.46634  0.26236  1.15130  0.38013
     66   1.17563  1.32324  1.56361  1.53375      - a - - :
          1.38629  1.38629  1.38629  1.38629
          0.02608  4.35284  4.35284  1.46634  0.26236  1.15130  0.38013
     67   2.30946  1.12169  2.49850  0.70776      - u - - :
          1.38629  1.38629  1.38629  1.38629
          0.02672  4.35284  4.30511  1.46634  0.26236  1.15130  0.38013
     68   1.54135  2.07925  1.20554  1.01790      - u - - :
          1.38629  1.38629  1.38629  1.38629
          0.02676  4.35222  4.30305  1.46634  0.26236  1.16664  0.37311
     69   1.95012  1.70747  0.79578  1.49081      - g - - :
          1.38629  1.38629  1.38629  1.38629
          0.02611  4.35157  4.35157  1.46634  0.26236  1.18221  0.36615
     70   1.15931  1.26463  1.44811  1.77821      - a - - :
          1.38629  1.38629  1.38629  1.38629
          0.02611  4.35157  4.35157  1.46634  0.26236  1.13448  0.38800
     71   3.40671  2.91556  3.47369  0.12593      - U - - :
          1.38629  1.38629  1.38629  1.38629
          0.02609  4.35220  4.35220  1.46634  0.26236  1.11795  0.39594
     72   1.36594  2.08380  0.87966  1.58241      - g - - :
          1.38629  1.38629  1.38629  1.38629
          0.02608  4.35284  4.35284  1.46634  0.26236  1.15130  0.38013
     73   0.66762  2.39269  1.31229  2.06760      - A - - :
          1.38629  1.38629  1.38629  1.38629
          0.02608  4.35284  4.35284  1.46634  0.26236  1.15130  0.38013
     74   2.33939  0.60675  2.69923  1.23362      - C - - :
          1.38629  1.38629  1.38629  1.38629
          0.02608  4.35284  4.35284  1.46634  0.26236  1.15130  0.38013
     75   1.33554  1.43237  1.25805  1.54162      - g - - :
          1.38629  1.38629  1.38629  1.38629
          0.02608  4.35284  4.35284  1.46634  0.26236  1.00090  0.45815
     76   1.19073  0.75342  2.24905  2.12239      - c - - :
          1.38629  1.38629  1.38629  1.38629
          0.02602  4.35493  4.35493  1.46634  0.26236  1.09861  0.40547
     77   2.50053  3.61578  0.15530  3.35509      - G - - :
          1.38629  1.38629  1.38629  1.38629
          0.02602  4.35493  4.35493  1.46634  0.26236  1.09861  0.40547
     78   1.35584  1.44555  1.17860  1.61473      - g - - :
          1.38629  1.38629  1.38629  1.38629
          0.03244  3.95956  4.35493  0.31263  1.31498  1.09861  0.40547
     79   0.97917  2.13731  0.97726  2.03973      - g - - :
          1.38629  1.38629  1.38629  1.38629
          0.02675  4.35493  4.30091  1.46634  0.26236  1.09861  0.40547
     80   0.54175  2.43148  1.47085  2.29627      - A - - :
          1.38629  1.38629  1.38629  1.38629
          0.02604  4.35422  4.35422  1.46634  0.26236  1.06292  0.42380
     81   1.02717  1.50138  2.13192  1.20214      - a - - :
          1.38629  1.38629  1.38629  1.38629
          0.02602  4.35493  4.35493  1.46634  0.26236  1.09861  0.40547
     82   1.47838  1.89473  1.49670  0.92189      - u - - :
          1.38629  1.38629  1.38629  1.38629
          0.02602  4.35493  4.35493  1.46634  0.26236  1.09861  0.40547
     83   1.35913  0.80571  1.86404  1.95686      - c - - :
          1.38629  1.38629  1.38629  1.38629
          0.02602  4.35493  4.35493  1.46634  0.26236  1.09861  0.40547
     84   1.49541  1.48636  0.92718  1.87093      - g - - :
          1.38629  1.38629  1.38629  1.38629
          0.02602  4.35493  4.35493  1.46634  0.26236  1.09861  0.40547
     85   3.08533  0.25872  3.37851  1.90952      - C - - :
          1.38629  1.38629  1.38629  1.38629
          0.02602  4.35493  4.35493  1.46634  0.26236  1.09861  0.40547
     86   3.45099  3.08789  3.39409  0.11753      - U - - :
          1.38629  1.38629  1.38629  1.38629
          0.02602  4.35493  4.35493  1.46634  0.26236  1.09861  0.40547
     87   1.63641  1.29379  1.16125  1.52326      - g - - :
          1.38629  1.38629  1.38629  1.38629
          0.02602  4.35493  4.35493  1.46634  0.26236  1.09861  0.40547
     88   3.55863  3.16134  3.69831  0.10050      - U - - :
          1.38629  1.38629  1.38629  1.38629
          0.02602  4.35493  4.35493  1.46634  0.26236  1.09861  0.40547
     89   2.48894  3.69520  0.14912  3.48366      - G - - :
          1.38629  1.38629  1.38629  1.38629
          0.02602  4.35493  4.35493  1.46634  0.26236  1.09861  0.40547
     90   2.84285  0.62357  2.95768  1.03910      - C - - :
          1.38629  1.38629  1.38629  1.38629
          0.02602  4.35493  4.35493  1.46634  0.26236  1.09861  0.40547
     91   2.74502  3.74750  0.12579  3.49407      - G - - :
          1.38629  1.38629  1.38629  1.38629
          0.02602  4.35493  4.35493  1.46634  0.26236  1.09861  0.40547
     92   0.17496  3.04472  2.77649  2.98296      - A - - :
          1.38629  1.38629  1.38629  1.38629
          0.02602  4.35493  4.35493  1.46634  0.26236  1.09861  0.40547
     93   1.18843  2.81619  0.57515  2.61940      - G - - :
          1.38629  1.38629  1.38629  1.38629
          0.02674  4.35493  4.30192  1.46634  0.26236  1.09861  0.40547
     94   1.46848  1.44650  1.32265  1.31712      - u - - :
          1.38629  1.38629  1.38629  1.38629
          0.02604  4.35423  4.35423  1.46634  0.26236  1.11660  0.39659
     95   3.38579  3.10346  3.63537  0.11106      - U - - :
          1.38629  1.38629  1.38629  1.38629
          0.02604  4.35423  4.35423  1.46634  0.26236  1.11660  0.39659
     96   1.35255  1.53481  1.25787  1.42020      - g - - :
          1.38629  1.38629  1.38629  1.38629
          0.02604  4.35423  4.35423  1.46634  0.26236  1.11660  0.39659
     97   1.89444  0.42861  2.64468  2.06237      - C - - :
          1.38629  1.38629  1.38629  1.38629
          0.02604  4.35423  4.35423  1.46634  0.26236  1.11660  0.39659
     98   1.67952  2.32204  0.45451  2.51693      - G - - :
          1.38629  1.38629  1.38629  1.38629
          0.02604  4.35423  4.35423  1.46634  0.26236  1.11660  0.39659
     99   1.33389  1.57816  1.41304  1.24899      - u - - :
          1.38629  1.38629  1.38629  1.38629
          0.02604  4.35423  4.35423  1.46634  0.26236  1.11660  0.39659
    100   0.92350  1.76903  1.92830  1.24834      - a - - :
          1.38629  1.38629  1.38629  1.38629
          0.02604  4.35423  4.35423  1.46634  0.26236  1.11660  0.39659
    101   1.57885  2.36681  2.43386  0.49052      - U - - :
          1.38629  1.38629  1.38629  1.38629
          0.02604  4.35423  4.35423  1.46634  0.26236  1.11660  0.39659
    102   1.70120  0.82901  1.83841  1.50516      - c - - :
          1.38629  1.38629  1.38629  1.38629
          0.02662  4.35423  4.31106  1.46634  0.26236  1.11660  0.39659
    103   0.84599  1.09988  2.26781  2.00679      - a - - :
          1.38629  1.38629  1.38629  1.38629
          0.02606  4.35366  4.35366  1.46634  0.26236  1.13094  0.38969
    104   1.26850  2.64120  0.56764  2.51811      - G - - :
          1.38629  1.38629  1.38629  1.38629
          0.02606  4.35366  4.35366  1.46634  0.26236  1.13094  0.38969
    105   0.93264  2.19180  1.01977  2.00922      - a - - :
          1.38629  1.38629  1.38629  1.38629
          0.02606  4.35366  4.35366  1.46634  0.26236  1.13094  0.38969
    106   1.26861  1.55281  1.08967  1.76727      - g - - :
          1.38629  1.38629  1.38629  1.38629
          0.02606  4.35366  4.35366  1.46634  0.26236  1.13094  0.38969
    107   0.86750  1.46947  1.78206  1.70562      - a - - :
          1.38629  1.38629  1.38629  1.38629
          0.02606  4.35366  4.35366  1.46634  0.26236  1.13094  0.38969
    108   1.85613  1.03620  1.32834  1.49608      - c - - :
          1.38629  1.38629  1.38629  1.38629
          0.02606  4.35366  4.35366  1.46634  0.26236  1.13094  0.38969
    109   2.02071  2.52265  0.33709  2.61256      - G - - :
          1.38629  1.38629  1.38629  1.38629
          0.02606  4.35366  4.35366  1.46634  0.26236  1.13094  0.38969
    110   1.82001  2.24338  0.44000  2.43222      - G - - :
          1.38629  1.38629  1.38629  1.38629
          0.02739  4.35366  4.25771  1.46634  0.26236  1.13094  0.38969
    111   1.21309  1.37280  1.55083  1.43863      - a - - :
          1.38629  1.38629  1.38629  1.38629
          0.02609  4.35237  4.35237  1.46634  0.26236  1.06697  0.42167
    112   1.18342  1.25018  1.58787  1.59477      - a - - :
          1.38629  1.38629  1.38629  1.38629
          0.02606  4.35366  4.35366  1.46634  0.26236  1.13094  0.38969
    113   0.63389  1.96677  1.69424  1.92533      - A - - :
          1.38629  1.38629  1.38629  1.38629
          0.02606  4.35366  4.35366  1.46634  0.26236  1.13094  0.38969
    114   1.71836  1.25980  1.43703  1.20632      - u - - :
          1.38629  1.38629  1.38629  1.38629
          0.02606  4.35366  4.35366  1.46634  0.26236  1.13094  0.38969
    115   0.56381  1.78771  2.25394  1.84116      - A - - :
          1.38629  1.38629  1.38629  1.38629
          0.02606  4.35366  4.35366  1.46634  0.26236  1.13094  0.38969
    116   1.53092  1.14227  1.44010  1.47988      - c - - :
          1.38629  1.38629  1.38629  1.38629
          0.02606  4.35366  4.35366  1.46634  0.26236  1.13094  0.38969
    117   1.81621  2.21220  0.56911  1.82096      - G - - :
          1.38629  1.38629  1.38629  1.38629
          0.02606  4.35366  4.35366  1.46634  0.26236  1.13094  0.38969
    118   2.52886  3.54752  0.15287  3.40483      - G - - :
          1.38629  1.38629  1.38629  1.38629
          0.02606  4.35366  4.35366  1.46634  0.26236  1.13094  0.38969
    119   0.32971  2.41720  2.64937  2.11195      - A - - :
          1.38629  1.38629  1.38629  1.38629
          0.02606  4.35366  4.35366  1.46634  0.26236  1.13094  0.38969
    120   1.93743  2.67298  0.33561  2.63137      - G - - :
          1.38629  1.38629  1.38629  1.38629
          0.02606  4.35366  4.35366  1.46634  0.26236  1.13094  0.38969
    121   1.92648  1.88991  0.64183  1.73202      - G - - :
          1.38629  1.38629  1.38629  1.38629
          0.02692  4.35366  4.29057  1.46634  0.26236  1.13094  0.38969
    122   2.91947  2.66298  3.32623  0.17391      - U - - :
          1.38629  1.38629  1.38629  1.38629
          0.02608  4.35283  4.35283  1.46634  0.26236  1.08864  0.41049
    123   1.95446  1.45202  1.24584  1.08897      - u - - :
          1.38629  1.38629  1.38629  1.38629
          0.02606  4.35366  4.35366  1.46634  0.26236  1.13094  0.38969
    124   1.70246  2.35206  0.46525  2.35794      - G - - :
          1.38629  1.38629  1.38629  1.38629
          0.02606  4.35366  4.35366  1.46634  0.26236  1.13094  0.38969
    125   2.01189  0.56732  2.41075  1.56316      - C - - :
          1.38629  1.38629  1.38629  1.38629
          0.02606  4.35366  4.35366  1.46634  0.26236  1.13094  0.38969
    126   1.82590  2.09444  0.78387  1.35034      - g - - :
          1.38629  1.38629  1.38629  1.38629
          0.02606  4.35366  4.35366  1.46634  0.26236  1.13094  0.38969
    127   2.54960  3.42040  0.16411  3.20543      - G - - :
          1.38629  1.38629  1.38629  1.38629
          0.02909  4.35366  4.14677  1.46634  0.26236  1.13094  0.38969
    128   2.93197  0.41421  3.07744  1.42808      - C - - :
          1.38629  1.38629  1.38629  1.38629
          0.02613  4.35070  4.35070  1.46634  0.26236  0.99560  0.46125
    129   1.30567  1.31594  1.67661  1.29543      - u - - :
          1.38629  1.38629  1.38629  1.38629
          0.02807  4.35366  4.21175  1.46634  0.26236  1.13094  0.38969
    130   1.26665  1.79620  1.74561  0.97350      - u - - :
          1.38629  1.38629  1.38629  1.38629
          0.02611  4.35170  4.35170  1.46634  0.26236  1.17897  0.36758
    131   1.77367  1.79098  1.73306  0.72000      - u - - :
          1.38629  1.38629  1.38629  1.38629
          0.02611  4.35170  4.35170  1.46634  0.26236  1.17897  0.36758
    132   1.68580  1.10901  1.70408  1.19442      - c - - :
          1.38629  1.38629  1.38629  1.38629
          0.02611  4.35170  4.35170  1.46634  0.26236  1.17897  0.36758
    133   1.12452  1.55126  1.98999  1.11928      - u - - :
          1.38629  1.38629  1.38629  1.38629
          0.02611  4.35170  4.35170  1.46634  0.26236  1.17897  0.36758
    134   2.83571  1.53367  2.94317  0.39618      - U - - :
          1.38629  1.38629  1.38629  1.38629
          0.02611  4.35170  4.35170  1.46634  0.26236  1.17897  0.36758
    135   1.22110  1.91057  0.89608  1.90427      - g - - :
          1.38629  1.38629  1.38629  1.38629
          0.05032  3.31900  4.35170  1.11278  0.39845  1.17897  0.36758
    136   2.36473  3.42778  0.18925  3.07936      - G - - :
          1.38629  1.38629  1.38629  1.38629
          0.02611  4.35170  4.35170  1.46634  0.26236  1.17897  0.36758
    137   2.13565  0.34258  2.87393  2.15917      - C - - :
          1.38629  1.38629  1.38629  1.38629
          0.02611  4.35170  4.35170  1.46634  0.26236  1.17897  0.36758
    138   2.55025  1.13356  2.51777  0.65506      - U - - :
          1.38629  1.38629  1.38629  1.38629
          0.03019  4.35170  4.08324  1.46634  0.26236  1.17897  0.36758
    139   3.15813  2.69525  3.02101  0.17291      - U - - :
          1.38629  1.38629  1.38629  1.38629
          0.02621  4.34773  4.34773  1.46634  0.26236  1.26948  0.32986
    140   0.63529  2.37356  1.33686  2.16803      - A - - :
          1.38629  1.38629  1.38629  1.38629
          0.02621  4.34773  4.34773  1.46634  0.26236  1.26948  0.32986
    141   2.87489  0.34596  3.18058  1.63745      - C - - :
          1.38629  1.38629  1.38629  1.38629
          0.03596  4.34773  3.79938  1.46634  0.26236  1.26948  0.32986
    142   1.84686  2.58627  0.36245  2.64504      - G - - :
          1.38629  1.38629  1.38629  1.38629
          0.03423  4.33823  3.88280  1.46634  0.26236  1.45614  0.26544
    143   0.43759  2.13284  2.19365  2.08427      - A - - :
          1.38629  1.38629  1.38629  1.38629
          0.02667  4.33067  4.33067  1.46634  0.26236  1.46332  0.26327
    144   0.66824  1.91330  1.83402  1.71464      - A - - :
          1.38629  1.38629  1.38629  1.38629
          0.09192  4.33233  2.59442  1.46634  0.26236  1.55601  0.23696
    145   1.68773  1.62964  1.64476  0.85331      - u - - :
          1.38629  1.38629  1.38629  1.38629
          0.02840  4.26880  4.26880  1.46634  0.26236  1.78797  0.18308
    146   2.18068  0.55423  2.31937  1.54090      - C - - :
          1.38629  1.38629  1.38629  1.38629
          0.02997  4.27685  4.15785  1.46634  0.26236  2.18025  0.11993
    147   1.68891  1.06021  1.71252  1.24312      - c - - :
          1.38629  1.38629  1.38629  1.38629
          0.07143  4.27509  2.89990  1.46634  0.26236  2.19443  0.11813
    148   1.44068  2.64019  0.50131  2.45171      - G - - :
          1.38629  1.38629  1.38629  1.38629
          0.04288  3.59476  4.23310  1.12620  0.39195  2.47912  0.08754
    149   0.97155  2.04506  1.11891  1.79881      - a - - :
          1.38629  1.38629  1.38629  1.38629
          0.02944  4.23310  4.23310  1.46634  0.26236  2.47912  0.08754
    150   1.32426  1.58528  1.27876  1.38339      - g - - :
          1.38629  1.38629  1.38629  1.38629
          0.22738  3.18514  1.82009  0.09949  2.35699  2.47912  0.08754
    151   1.13581  1.37135  1.36501  1.77374      - a - - :
          1.38629  1.38629  1.38629  1.38629
          0.03463  4.07352  4.07352  1.46634  0.26236  3.09550  0.04631
    152   0.89710  2.06960  1.20529  1.79332      - a - - :
          1.38629  1.38629  1.38629  1.38629
          0.06480  3.55520  3.37642  0.78362  0.61018  3.09550  0.04631
    153   2.04690  2.44105  0.44030  1.96646      - G - - :
          1.38629  1.38629  1.38629  1.38629
                *  0.00000        *  0.45905  0.99936  0.00000        *
//
