INFERNAL1/a [1.1.2 | July 2016]
NAME     t_nt_bsrg_sr4_round5_0001
STATES   355
NODES    84
CLEN     117
W        134
ALPH     RNA
RF       no
CONS     yes
MAP      yes
DATE     Mon Dec 16 18:42:45 2019
COM      [1] cmbuild /home/co78wid/projects/master/results/ta_systems/bsrg_sr4/2_structure_analysis/infernal_search/t_nt_bsrg_sr4_cmbuild.txt /home/co78wid/projects/master/results/ta_systems/bsrg_sr4/1_sequence_analysis/fold/t_nt_bsrg_sr4_round5.stk
COM      [2] cmcalibrate /home/co78wid/projects/master/results/ta_systems/bsrg_sr4/2_structure_analysis/infernal_search/t_nt_bsrg_sr4_cmbuild.txt
PBEGIN   0.05
PEND     0.05
WBETA    1e-07
QDBBETA1 1e-07
QDBBETA2 1e-15
N2OMEGA  1.52588e-05
N3OMEGA  1.52588e-05
ELSELF   -0.08926734
NSEQ     5
EFFN     0.786133
CKSUM    4193645694
NULL     0.000  0.000  0.000  0.000 
EFP7GF   -5.3288 0.71838
ECMLC    0.57222    -6.41950     3.36812     1600000      324740  0.003695
ECMGC    0.36888   -14.75656    -3.22894     1600000       28106  0.014232
ECMLI    0.54070    -4.35708     5.33668     1600000      226726  0.005293
ECMGI    0.44444    -7.03015     2.42429     1600000       26725  0.014967
CM
                                             [ ROOT    0 ]      -      - - - - -
     S     0    -1 0     1     4     1     1   134   155  -6.381  -6.588  -0.079  -5.003                 
    IL     1     1 2     1     4    10    55   138   159  -1.686  -2.369  -1.117  -4.855                  0.000  0.000  0.000  0.000 
    IR     2     2 3     2     3    10    55   137   158  -1.442  -0.798  -4.142                          0.000  0.000  0.000  0.000 
                                             [ MATL    1 ]      1      - A - - -
    ML     3     2 3     5     3     9    54   134   155  -7.877  -0.104  -3.939                          1.374 -1.378 -1.105 -0.842 
     D     4     2 3     5     3     6    51   133   154  -5.620  -0.734  -1.403                         
    IL     5     5 3     5     3     9    54   135   156  -1.925  -0.554  -4.164                          0.000  0.000  0.000  0.000 
                                             [ MATR    2 ]      -    117 - G - -
    MR     6     5 3     8     3    10    54   133   154  -7.801  -0.027  -6.119                         -0.364 -1.342  1.158 -0.742 
     D     7     5 3     8     3     4    49   131   152  -6.778  -1.956  -0.448                         
    IR     8     8 3     8     3     8    53   134   155  -1.925  -0.554  -4.164                          0.000  0.000  0.000  0.000 
                                             [ MATR    3 ]      -    116 - A - -
    MR     9     8 3    11     3     9    53   132   153  -7.801  -0.027  -6.119                          1.288 -1.230 -0.968 -0.687 
     D    10     8 3    11     3     4    48   130   151  -6.778  -1.956  -0.448                         
    IR    11    11 3    11     3     8    53   133   154  -1.925  -0.554  -4.164                          0.000  0.000  0.000  0.000 
                                             [ MATR    4 ]      -    115 - U - -
    MR    12    11 3    14     3     9    52   131   152  -7.801  -0.027  -6.119                         -0.475 -0.683 -1.127  1.138 
     D    13    11 3    14     3     3    47   129   150  -6.778  -1.956  -0.448                         
    IR    14    14 3    14     3     8    52   132   153  -1.925  -0.554  -4.164                          0.000  0.000  0.000  0.000 
                                             [ MATR    5 ]      -    114 - A - -
    MR    15    14 3    17     3     8    51   130   151  -7.801  -0.027  -6.119                          1.288 -1.230 -0.968 -0.687 
     D    16    14 3    17     3     3    47   128   149  -6.778  -1.956  -0.448                         
    IR    17    17 3    17     3     7    51   131   152  -1.925  -0.554  -4.164                          0.000  0.000  0.000  0.000 
                                             [ MATR    6 ]      -    113 - A - -
    MR    18    17 3    20     3     8    50   129   150  -7.801  -0.027  -6.119                          1.288 -1.230 -0.968 -0.687 
     D    19    17 3    20     3     3    46   127   148  -6.778  -1.956  -0.448                         
    IR    20    20 3    20     3     7    50   130   151  -1.925  -0.554  -4.164                          0.000  0.000  0.000  0.000 
                                             [ MATR    7 ]      -    112 - A - -
    MR    21    20 3    23     3     7    50   128   149  -7.801  -0.027  -6.119                          1.288 -1.230 -0.968 -0.687 
     D    22    20 3    23     3     2    45   126   147  -6.778  -1.956  -0.448                         
    IR    23    23 3    23     3     6    49   129   150  -1.925  -0.554  -4.164                          0.000  0.000  0.000  0.000 
                                             [ MATR    8 ]      -    111 - A - -
    MR    24    23 3    26     3     7    49   127   148  -7.801  -0.027  -6.119                          1.288 -1.230 -0.968 -0.687 
     D    25    23 3    26     3     2    44   126   146  -6.778  -1.956  -0.448                         
    IR    26    26 3    26     3     6    48   128   149  -1.925  -0.554  -4.164                          0.000  0.000  0.000  0.000 
                                             [ MATR    9 ]      -    110 - A - -
    MR    27    26 3    29     3     6    48   126   147  -7.801  -0.027  -6.119                          1.288 -1.230 -0.968 -0.687 
     D    28    26 3    29     3     2    44   125   145  -6.778  -1.956  -0.448                         
    IR    29    29 3    29     3     5    48   127   148  -1.925  -0.554  -4.164                          0.000  0.000  0.000  0.000 
                                             [ MATR   10 ]      -    109 - A - -
    MR    30    29 3    32     3     5    47   125   146  -7.801  -0.027  -6.119                          1.288 -1.230 -0.968 -0.687 
     D    31    29 3    32     3     1    43   124   144  -6.778  -1.019  -1.008                         
    IR    32    32 3    32     3     4    47   126   147  -1.925  -0.554  -4.164                          0.000  0.000  0.000  0.000 
                                             [ MATR   11 ]      -    108 - G - -
    MR    33    32 3    35     3     5    46   124   145  -7.877  -0.026  -6.195                         -0.518 -1.532  1.280 -0.925 
     D    34    32 3    35     3     1    42   123   143  -6.390  -1.568  -0.620                         
    IR    35    35 3    35     3     4    46   125   146  -1.925  -0.554  -4.164                          0.000  0.000  0.000  0.000 
                                             [ MATR   12 ]      -    107 - A - -
    MR    36    35 3    38     3     5    45   123   144  -7.877  -0.026  -6.195                          1.374 -1.378 -1.105 -0.842 
     D    37    35 3    38     3     0    41   122   142  -6.390  -1.568  -0.620                         
    IR    38    38 3    38     3     3    45   124   145  -1.925  -0.554  -4.164                          0.000  0.000  0.000  0.000 
                                             [ MATR   13 ]      -    106 - A - -
    MR    39    38 3    41     3     4    44   122   143  -7.877  -0.026  -6.195                          1.374 -1.378 -1.105 -0.842 
     D    40    38 3    41     3     0    40   121   141  -6.390  -1.568  -0.620                         
    IR    41    41 3    41     3     3    44   123   144  -1.925  -0.554  -4.164                          0.000  0.000  0.000  0.000 
                                             [ MATR   14 ]      -    105 - A - -
    MR    42    41 3    44     3     4    43   121   142  -7.877  -0.026  -6.195                          1.374 -1.378 -1.105 -0.842 
     D    43    41 3    44     3     0    39   120   140  -6.390  -1.568  -0.620                         
    IR    44    44 3    44     3     3    43   122   143  -1.925  -0.554  -4.164                          0.000  0.000  0.000  0.000 
                                             [ MATR   15 ]      -    104 - A - -
    MR    45    44 3    47     3     3    43   120   141  -7.877  -0.026  -6.195                          1.374 -1.378 -1.105 -0.842 
     D    46    44 3    47     3     0    37   119   139  -6.390  -1.568  -0.620                         
    IR    47    47 3    47     3     2    42   121   142  -1.925  -0.554  -4.164                          0.000  0.000  0.000  0.000 
                                             [ MATR   16 ]      -    103 - C - -
    MR    48    47 3    50     3     3    42   119   140  -7.877  -0.026  -6.195                         -0.613  1.090 -1.368 -0.270 
     D    49    47 3    50     3     0    36   118   138  -6.390  -1.568  -0.620                         
    IR    50    50 3    50     3     2    41   120   141  -1.925  -0.554  -4.164                          0.000  0.000  0.000  0.000 
                                             [ MATR   17 ]      -    102 - C - -
    MR    51    50 3    53     3     3    41   118   139  -7.877  -0.026  -6.195                         -0.613  1.090 -1.368 -0.270 
     D    52    50 3    53     3     0    35   117   137  -6.390  -1.568  -0.620                         
    IR    53    53 3    53     3     2    40   119   140  -1.925  -0.554  -4.164                          0.000  0.000  0.000  0.000 
                                             [ MATR   18 ]      -    101 - g - -
    MR    54    53 3    56     3     2    40   117   138  -7.877  -0.026  -6.195                          0.436 -1.022  0.493 -0.420 
     D    55    53 3    56     3     0    34   116   136  -6.390  -1.568  -0.620                         
    IR    56    56 3    56     3     1    39   118   139  -1.925  -0.554  -4.164                          0.000  0.000  0.000  0.000 
                                             [ MATR   19 ]      -    100 - A - -
    MR    57    56 3    59     5     2    39   116   137  -6.653  -0.053  -6.468  -6.681  -7.572          1.374 -1.378 -1.105 -0.842 
     D    58    56 3    59     5     0    33   115   136  -5.352  -0.707  -2.978  -4.409  -2.404         
    IR    59    59 3    59     5     1    38   117   137  -2.408  -0.496  -5.920  -4.087  -5.193          0.000  0.000  0.000  0.000 
                                             [ MATP   20 ]      2     99 u a - -
    MP    60    59 3    64     6     3    39   115   136  -8.917  -8.856  -0.024  -7.632  -7.912  -8.307 -3.152 -3.019 -3.102  0.578 -2.281 -3.734  1.997 -2.914 -3.137  0.983 -3.558 -1.041  2.398 -3.314  0.562 -2.045 
    ML    61    59 3    64     6     1    34   114   134  -6.250  -6.596  -1.310  -1.005  -6.446  -3.975  0.368 -0.385 -0.191  0.094 
    MR    62    59 3    64     6     1    33   114   134  -6.988  -5.717  -1.625  -5.695  -0.829  -3.908  0.368 -0.385 -0.191  0.094 
     D    63    59 3    64     6     0    29   111   132  -9.049  -7.747  -3.544  -4.226  -4.244  -0.319 
    IL    64    64 5    64     6     1    36   115   136  -2.579  -2.842  -0.760  -4.497  -5.274  -4.934  0.000  0.000  0.000  0.000 
    IR    65    65 6    65     5     1    36   115   135  -2.408  -0.496  -5.920  -4.087  -5.193          0.000  0.000  0.000  0.000 
                                             [ MATP   21 ]      3     98 G C - -
    MP    66    65 6    70     6     3    37   113   134  -8.917  -8.856  -0.024  -7.632  -7.912  -8.307 -3.765 -2.640 -3.820  0.811 -3.856 -4.265  0.560 -3.953 -3.615  3.270 -4.031 -0.325  0.135 -3.809 -1.436 -2.711 
    ML    67    65 6    70     6     1    33   112   133  -6.250  -6.596  -1.310  -1.005  -6.446  -3.975  0.368 -0.385 -0.191  0.094 
    MR    68    65 6    70     6     1    32   112   132  -6.988  -5.717  -1.625  -5.695  -0.829  -3.908  0.368 -0.385 -0.191  0.094 
     D    69    65 6    70     6     0    28   110   130  -9.049  -7.747  -3.544  -4.226  -4.244  -0.319 
    IL    70    70 5    70     6     1    35   113   134  -2.579  -2.842  -0.760  -4.497  -5.274  -4.934  0.000  0.000  0.000  0.000 
    IR    71    71 6    71     5     1    35   113   133  -2.408  -0.496  -5.920  -4.087  -5.193          0.000  0.000  0.000  0.000 
                                             [ MATP   22 ]      4     97 a u - -
    MP    72    71 6    76     6     3    35   111   132  -8.917  -8.856  -0.024  -7.632  -7.912  -8.307 -3.140 -2.358 -3.189  2.580 -3.188 -4.227  1.086 -3.251 -3.117  1.826 -3.627  0.034  0.652 -3.529 -0.866 -2.071 
    ML    73    71 6    76     6     1    32   110   131  -6.250  -6.596  -1.310  -1.005  -6.446  -3.975  0.368 -0.385 -0.191  0.094 
    MR    74    71 6    76     6     1    30   110   131  -6.988  -5.717  -1.625  -5.695  -0.829  -3.908  0.368 -0.385 -0.191  0.094 
     D    75    71 6    76     6     0    28   108   129  -9.049  -7.747  -3.544  -4.226  -4.244  -0.319 
    IL    76    76 5    76     6     1    34   111   132  -2.579  -2.842  -0.760  -4.497  -5.274  -4.934  0.000  0.000  0.000  0.000 
    IR    77    77 6    77     5     1    33   111   131  -2.408  -0.496  -5.920  -4.087  -5.193          0.000  0.000  0.000  0.000 
                                             [ MATP   23 ]      5     96 C G - -
    MP    78    77 6    82     4     2    34   109   130  -6.381  -6.588  -0.079  -5.003                 -3.625 -3.410 -3.455  0.249 -2.424 -3.981  3.100 -3.128 -3.488  0.703 -3.832 -1.341  1.162 -3.743 -0.122 -2.365 
    ML    79    77 6    82     4     1    31   109   130  -3.758  -3.940  -0.507  -2.670                  0.368 -0.385 -0.191  0.094 
    MR    80    77 6    82     4     1    29   109   130  -4.809  -3.838  -1.706  -0.766                  0.368 -0.385 -0.191  0.094 
     D    81    77 6    82     4     0    27   108   129  -4.568  -4.250  -2.265  -0.520                 
    IL    82    82 5    82     4     1    33   111   131  -1.686  -2.369  -1.117  -4.855                  0.000  0.000  0.000  0.000 
    IR    83    83 6    83     3     1    32   110   130  -1.442  -0.798  -4.142                          0.000  0.000  0.000  0.000 
                                             [ MATL   24 ]      6      - U - - -
    ML    84    83 6    86     5     1    32   107   127  -6.653  -0.053  -6.468  -6.681  -7.572         -0.605 -0.779 -1.272  1.230 
     D    85    83 6    86     5     0    26   106   126  -4.959  -0.803  -4.221  -2.596  -2.508         
    IL    86    86 3    86     5     1    31   107   128  -2.408  -0.496  -4.087  -5.920  -5.193          0.000  0.000  0.000  0.000 
                                             [ MATP   25 ]      7     95 G C - -
    MP    87    86 3    91     6     2    32   106   126  -8.917  -8.856  -0.024  -7.632  -7.912  -8.307 -3.765 -2.640 -3.820  0.811 -3.856 -4.265  0.560 -3.953 -3.615  3.270 -4.031 -0.325  0.135 -3.809 -1.436 -2.711 
    ML    88    86 3    91     6     1    28   105   125  -6.250  -6.596  -1.310  -1.005  -6.446  -3.975  0.368 -0.385 -0.191  0.094 
    MR    89    86 3    91     6     1    26   105   125  -6.988  -5.717  -1.625  -5.695  -0.829  -3.908  0.368 -0.385 -0.191  0.094 
     D    90    86 3    91     6     0    22   102   123  -9.049  -7.747  -3.544  -4.226  -4.244  -0.319 
    IL    91    91 5    91     6     1    29   106   126  -2.579  -2.842  -0.760  -4.497  -5.274  -4.934  0.000  0.000  0.000  0.000 
    IR    92    92 6    92     5     1    29   105   126  -2.408  -0.496  -5.920  -4.087  -5.193          0.000  0.000  0.000  0.000 
                                             [ MATP   26 ]      8     94 u a - -
    MP    93    92 6    97     6     2    30   104   124  -8.917  -8.856  -0.024  -7.632  -7.912  -8.307 -3.351 -3.101 -3.268  0.527 -2.419 -3.897  1.882 -3.042 -3.287  0.991 -3.693 -1.010  2.652 -3.519 -0.116 -2.176 
    ML    94    92 6    97     6     1    26   103   123  -6.250  -6.596  -1.310  -1.005  -6.446  -3.975  0.368 -0.385 -0.191  0.094 
    MR    95    92 6    97     6     1    25   103   123  -6.988  -5.717  -1.625  -5.695  -0.829  -3.908  0.368 -0.385 -0.191  0.094 
     D    96    92 6    97     6     0    22   101   122  -9.049  -7.747  -3.544  -4.226  -4.244  -0.319 
    IL    97    97 5    97     6     1    28   104   124  -2.579  -2.842  -0.760  -4.497  -5.274  -4.934  0.000  0.000  0.000  0.000 
    IR    98    98 6    98     5     1    28   103   124  -2.408  -0.496  -5.920  -4.087  -5.193          0.000  0.000  0.000  0.000 
                                             [ MATP   27 ]      9     93 u a - -
    MP    99    98 6   103     4     2    28   102   122  -6.381  -6.588  -0.079  -5.003                 -3.351 -3.101 -3.268  0.527 -2.419 -3.897  1.882 -3.042 -3.287  0.991 -3.693 -1.010  2.652 -3.519 -0.116 -2.176 
    ML   100    98 6   103     4     1    25   102   123  -3.758  -3.940  -0.507  -2.670                  0.368 -0.385 -0.191  0.094 
    MR   101    98 6   103     4     1    23   102   122  -4.809  -3.838  -1.706  -0.766                  0.368 -0.385 -0.191  0.094 
     D   102    98 6   103     4     0    21   101   121  -4.568  -4.250  -2.265  -0.520                 
    IL   103   103 5   103     4     1    27   103   124  -1.686  -2.369  -1.117  -4.855                  0.000  0.000  0.000  0.000 
    IR   104   104 6   104     3     1    27   102   123  -1.442  -0.798  -4.142                          0.000  0.000  0.000  0.000 
                                             [ MATL   28 ]     10      - U - - -
    ML   105   104 6   107     5     1    26   100   120  -6.653  -0.053  -6.468  -6.681  -7.572         -0.605 -0.779 -1.272  1.230 
     D   106   104 6   107     5     0    20    98   119  -4.959  -0.803  -4.221  -2.596  -2.508         
    IL   107   107 3   107     5     1    25   100   120  -2.408  -0.496  -4.087  -5.920  -5.193          0.000  0.000  0.000  0.000 
                                             [ MATP   29 ]     11     92 a u - -
    MP   108   107 3   112     6     2    26    99   119  -8.917  -8.856  -0.024  -7.632  -7.912  -8.307 -3.140 -2.358 -3.189  2.580 -3.188 -4.227  1.086 -3.251 -3.117  1.826 -3.627  0.034  0.652 -3.529 -0.866 -2.071 
    ML   109   107 3   112     6     1    22    98   118  -6.250  -6.596  -1.310  -1.005  -6.446  -3.975  0.368 -0.385 -0.191  0.094 
    MR   110   107 3   112     6     1    20    97   118  -6.988  -5.717  -1.625  -5.695  -0.829  -3.908  0.368 -0.385 -0.191  0.094 
     D   111   107 3   112     6     0    17    96   116  -9.049  -7.747  -3.544  -4.226  -4.244  -0.319 
    IL   112   112 5   112     6     1    23    98   119  -2.579  -2.842  -0.760  -4.497  -5.274  -4.934  0.000  0.000  0.000  0.000 
    IR   113   113 6   113     5     1    23    98   118  -2.408  -0.496  -5.920  -4.087  -5.193          0.000  0.000  0.000  0.000 
                                             [ MATP   30 ]     12     91 C G - -
    MP   114   113 6   118     4     2    24    97   117  -6.381  -6.588  -0.079  -5.003                 -3.625 -3.410 -3.455  0.249 -2.424 -3.981  3.100 -3.128 -3.488  0.703 -3.832 -1.341  1.162 -3.743 -0.122 -2.365 
    ML   115   113 6   118     4     1    21    97   117  -3.758  -3.940  -0.507  -2.670                  0.368 -0.385 -0.191  0.094 
    MR   116   113 6   118     4     1    18    96   117  -4.809  -3.838  -1.706  -0.766                  0.368 -0.385 -0.191  0.094 
     D   117   113 6   118     4     0    16    95   116  -4.568  -4.250  -2.265  -0.520                 
    IL   118   118 5   118     4     1    23    98   118  -1.686  -2.369  -1.117  -4.855                  0.000  0.000  0.000  0.000 
    IR   119   119 6   119     3     1    22    97   117  -1.442  -0.798  -4.142                          0.000  0.000  0.000  0.000 
                                             [ MATL   31 ]     13      - G - - -
    ML   120   119 6   122     5     1    24    94   114  -6.653  -0.053  -6.468  -6.681  -7.572         -0.518 -1.532  1.280 -0.925 
     D   121   119 6   122     5     0    15    93   113  -4.959  -0.803  -4.221  -2.596  -2.508         
    IL   122   122 3   122     5     1    20    95   115  -2.408  -0.496  -4.087  -5.920  -5.193          0.000  0.000  0.000  0.000 
                                             [ MATP   32 ]     14     90 a u - -
    MP   123   122 3   127     6     2    25    93   113  -8.917  -8.856  -0.024  -7.632  -7.912  -8.307 -3.140 -2.358 -3.189  2.580 -3.188 -4.227  1.086 -3.251 -3.117  1.826 -3.627  0.034  0.652 -3.529 -0.866 -2.071 
    ML   124   122 3   127     6     1    17    92   112  -6.250  -6.596  -1.310  -1.005  -6.446  -3.975  0.368 -0.385 -0.191  0.094 
    MR   125   122 3   127     6     1    17    92   112  -6.988  -5.717  -1.625  -5.695  -0.829  -3.908  0.368 -0.385 -0.191  0.094 
     D   126   122 3   127     6     0    11    89   109  -9.049  -7.747  -3.544  -4.226  -4.244  -0.319 
    IL   127   127 5   127     6     1    19    93   113  -2.579  -2.842  -0.760  -4.497  -5.274  -4.934  0.000  0.000  0.000  0.000 
    IR   128   128 6   128     5     1    20    93   113  -2.408  -0.496  -5.920  -4.087  -5.193          0.000  0.000  0.000  0.000 
                                             [ MATP   33 ]     15     89 a u - -
    MP   129   128 6   133     6     2    24    91   111  -8.917  -8.856  -0.024  -7.632  -7.912  -8.307 -3.140 -2.358 -3.189  2.580 -3.188 -4.227  1.086 -3.251 -3.117  1.826 -3.627  0.034  0.652 -3.529 -0.866 -2.071 
    ML   130   128 6   133     6     1    17    90   110  -6.250  -6.596  -1.310  -1.005  -6.446  -3.975  0.368 -0.385 -0.191  0.094 
    MR   131   128 6   133     6     1    16    90   110  -6.988  -5.717  -1.625  -5.695  -0.829  -3.908  0.368 -0.385 -0.191  0.094 
     D   132   128 6   133     6     0    11    87   107  -9.049  -7.747  -3.544  -4.226  -4.244  -0.319 
    IL   133   133 5   133     6     1    19    91   111  -2.579  -2.842  -0.760  -4.497  -5.274  -4.934  0.000  0.000  0.000  0.000 
    IR   134   134 6   134     5     1    19    91   110  -2.408  -0.496  -5.920  -4.087  -5.193          0.000  0.000  0.000  0.000 
                                             [ MATP   34 ]     16     88 u a - -
    MP   135   134 6   139     6     2    22    89   109  -8.917  -8.856  -0.024  -7.632  -7.912  -8.307 -2.520 -2.418 -2.623  0.925 -2.312 -3.396  1.667 -2.759 -2.679  1.405 -3.185 -0.593  2.260 -1.301 -0.185 -1.700 
    ML   136   134 6   139     6     1    16    88   108  -6.250  -6.596  -1.310  -1.005  -6.446  -3.975  0.368 -0.385 -0.191  0.094 
    MR   137   134 6   139     6     1    16    88   108  -6.988  -5.717  -1.625  -5.695  -0.829  -3.908  0.368 -0.385 -0.191  0.094 
     D   138   134 6   139     6     0    10    85   105  -9.049  -7.747  -3.544  -4.226  -4.244  -0.319 
    IL   139   139 5   139     6     1    18    89   109  -2.579  -2.842  -0.760  -4.497  -5.274  -4.934  0.000  0.000  0.000  0.000 
    IR   140   140 6   140     5     1    18    89   108  -2.408  -0.496  -5.920  -4.087  -5.193          0.000  0.000  0.000  0.000 
                                             [ MATP   35 ]     17     87 C G - -
    MP   141   140 6   145     6     2    21    87   107  -8.917  -8.856  -0.024  -7.632  -7.912  -8.307 -3.625 -3.410 -3.455  0.249 -2.424 -3.981  3.100 -3.128 -3.488  0.703 -3.832 -1.341  1.162 -3.743 -0.122 -2.365 
    ML   142   140 6   145     6     1    15    86   106  -6.250  -6.596  -1.310  -1.005  -6.446  -3.975  0.368 -0.385 -0.191  0.094 
    MR   143   140 6   145     6     1    15    86   106  -6.988  -5.717  -1.625  -5.695  -0.829  -3.908  0.368 -0.385 -0.191  0.094 
     D   144   140 6   145     6     0    10    83   103  -9.049  -7.747  -3.544  -4.226  -4.244  -0.319 
    IL   145   145 5   145     6     1    17    87   107  -2.579  -2.842  -0.760  -4.497  -5.274  -4.934  0.000  0.000  0.000  0.000 
    IR   146   146 6   146     5     1    18    87   106  -2.408  -0.496  -5.920  -4.087  -5.193          0.000  0.000  0.000  0.000 
                                             [ MATP   36 ]     18     86 a u - -
    MP   147   146 6   151     6     2    20    85   105  -8.917  -8.856  -0.024  -7.632  -7.912  -8.307 -3.140 -2.358 -3.189  2.580 -3.188 -4.227  1.086 -3.251 -3.117  1.826 -3.627  0.034  0.652 -3.529 -0.866 -2.071 
    ML   148   146 6   151     6     1    14    84   104  -6.250  -6.596  -1.310  -1.005  -6.446  -3.975  0.368 -0.385 -0.191  0.094 
    MR   149   146 6   151     6     1    14    84   104  -6.988  -5.717  -1.625  -5.695  -0.829  -3.908  0.368 -0.385 -0.191  0.094 
     D   150   146 6   151     6     0     9    81   101  -9.049  -7.747  -3.544  -4.226  -4.244  -0.319 
    IL   151   151 5   151     6     1    16    85   105  -2.579  -2.842  -0.760  -4.497  -5.274  -4.934  0.000  0.000  0.000  0.000 
    IR   152   152 6   152     5     1    17    85   104  -2.408  -0.496  -5.920  -4.087  -5.193          0.000  0.000  0.000  0.000 
                                             [ MATP   37 ]     19     85 u a - -
    MP   153   152 6   157     6     2    18    83   103  -8.917  -8.856  -0.024  -7.632  -7.912  -8.307 -3.351 -3.101 -3.268  0.527 -2.419 -3.897  1.882 -3.042 -3.287  0.991 -3.693 -1.010  2.652 -3.519 -0.116 -2.176 
    ML   154   152 6   157     6     1    13    82   102  -6.250  -6.596  -1.310  -1.005  -6.446  -3.975  0.368 -0.385 -0.191  0.094 
    MR   155   152 6   157     6     1    14    82   102  -6.988  -5.717  -1.625  -5.695  -0.829  -3.908  0.368 -0.385 -0.191  0.094 
     D   156   152 6   157     6     0     9    79    99  -9.049  -7.747  -3.544  -4.226  -4.244  -0.319 
    IL   157   157 5   157     6     1    15    83   103  -2.579  -2.842  -0.760  -4.497  -5.274  -4.934  0.000  0.000  0.000  0.000 
    IR   158   158 6   158     5     1    16    83   102  -2.408  -0.496  -5.920  -4.087  -5.193          0.000  0.000  0.000  0.000 
                                             [ MATP   38 ]     20     84 c g - -
    MP   159   158 6   163     6     2    16    81   101  -8.917  -8.856  -0.024  -7.632  -7.912  -8.307 -3.092 -2.985 -3.027  0.578 -2.176 -3.635  2.075 -2.825 -3.066  0.953 -3.474 -1.044  1.732 -3.254  1.666 -1.990 
    ML   160   158 6   163     6     1    12    80   100  -6.250  -6.596  -1.310  -1.005  -6.446  -3.975  0.368 -0.385 -0.191  0.094 
    MR   161   158 6   163     6     1    13    80   100  -6.988  -5.717  -1.625  -5.695  -0.829  -3.908  0.368 -0.385 -0.191  0.094 
     D   162   158 6   163     6     0     8    78    97  -9.049  -7.747  -3.544  -4.226  -4.244  -0.319 
    IL   163   163 5   163     6     1    14    81   101  -2.579  -2.842  -0.760  -4.497  -5.274  -4.934  0.000  0.000  0.000  0.000 
    IR   164   164 6   164     5     1    14    81   100  -2.408  -0.496  -5.920  -4.087  -5.193          0.000  0.000  0.000  0.000 
                                             [ MATP   39 ]     21     83 a u - -
    MP   165   164 6   169     4     2    14    79    99  -6.353  -7.599  -0.117  -4.052                 -3.140 -2.358 -3.189  2.580 -3.188 -4.227  1.086 -3.251 -3.117  1.826 -3.627  0.034  0.652 -3.529 -0.866 -2.071 
    ML   166   164 6   169     4     1    10    79    98  -2.408  -4.532  -1.293  -1.473                  0.368 -0.385 -0.191  0.094 
    MR   167   164 6   169     4     1    12    78    98  -4.102 -12.528  -0.390  -2.485                  0.368 -0.385 -0.191  0.094 
     D   168   164 6   169     4     0     8    76    96 -12.737 -14.007  -2.036  -0.404                 
    IL   169   169 5   169     4     1    12    79    99  -2.817  -4.319  -0.613  -2.698                  0.000  0.000  0.000  0.000 
    IR   170   170 6   170     3     1    13    79    99  -1.925  -0.554  -4.164                          0.000  0.000  0.000  0.000 
                                             [ MATR   40 ]      -     82 - A - -
    MR   171   170 6   173     3     1    13    77    97  -7.877  -0.026  -6.195                          1.374 -1.378 -1.105 -0.842 
     D   172   170 6   173     3     0     7    76    96  -6.390  -1.568  -0.620                         
    IR   173   173 3   173     3     1    12    78    98  -1.925  -0.554  -4.164                          0.000  0.000  0.000  0.000 
                                             [ MATR   41 ]      -     81 - A - -
    MR   174   173 3   176     5     1    13    76    96  -6.653  -0.053  -6.468  -6.681  -7.572          1.374 -1.378 -1.105 -0.842 
     D   175   173 3   176     5     0     6    75    95  -5.352  -0.707  -2.978  -4.409  -2.404         
    IR   176   176 3   176     5     1    11    77    96  -2.408  -0.496  -5.920  -4.087  -5.193          0.000  0.000  0.000  0.000 
                                             [ MATP   42 ]     22     80 a u - -
    MP   177   176 3   181     6     2    12    75    95  -8.917  -8.856  -0.024  -7.632  -7.912  -8.307 -3.140 -2.358 -3.189  2.580 -3.188 -4.227  1.086 -3.251 -3.117  1.826 -3.627  0.034  0.652 -3.529 -0.866 -2.071 
    ML   178   176 3   181     6     1     8    74    94  -6.250  -6.596  -1.310  -1.005  -6.446  -3.975  0.368 -0.385 -0.191  0.094 
    MR   179   176 3   181     6     1     7    74    94  -6.988  -5.717  -1.625  -5.695  -0.829  -3.908  0.368 -0.385 -0.191  0.094 
     D   180   176 3   181     6     0     3    71    91  -9.049  -7.747  -3.544  -4.226  -4.244  -0.319 
    IL   181   181 5   181     6     1     9    75    95  -2.579  -2.842  -0.760  -4.497  -5.274  -4.934  0.000  0.000  0.000  0.000 
    IR   182   182 6   182     5     1    10    75    94  -2.408  -0.496  -5.920  -4.087  -5.193          0.000  0.000  0.000  0.000 
                                             [ MATP   43 ]     23     79 u a - -
    MP   183   182 6   187     6     2    11    73    93  -8.917  -8.856  -0.024  -7.632  -7.912  -8.307 -3.351 -3.101 -3.268  0.527 -2.419 -3.897  1.882 -3.042 -3.287  0.991 -3.693 -1.010  2.652 -3.519 -0.116 -2.176 
    ML   184   182 6   187     6     1     7    72    92  -6.250  -6.596  -1.310  -1.005  -6.446  -3.975  0.368 -0.385 -0.191  0.094 
    MR   185   182 6   187     6     1     6    72    92  -6.988  -5.717  -1.625  -5.695  -0.829  -3.908  0.368 -0.385 -0.191  0.094 
     D   186   182 6   187     6     0     3    70    90  -9.049  -7.747  -3.544  -4.226  -4.244  -0.319 
    IL   187   187 5   187     6     1     8    73    93  -2.579  -2.842  -0.760  -4.497  -5.274  -4.934  0.000  0.000  0.000  0.000 
    IR   188   188 6   188     5     1     8    73    93  -2.408  -0.496  -5.920  -4.087  -5.193          0.000  0.000  0.000  0.000 
                                             [ MATP   44 ]     24     78 g c - -
    MP   189   188 6   193     4     2     9    71    91  -6.381  -6.588  -0.079  -5.003                 -3.064 -2.123 -3.175  1.400 -3.425 -4.220  0.853 -3.282 -3.020  2.090 -3.521  2.059  0.488 -3.508 -1.083 -2.020 
    ML   190   188 6   193     4     1     6    71    91  -3.758  -3.940  -0.507  -2.670                  0.368 -0.385 -0.191  0.094 
    MR   191   188 6   193     4     1     4    71    91  -4.809  -3.838  -1.706  -0.766                  0.368 -0.385 -0.191  0.094 
     D   192   188 6   193     4     0     3    70    90  -4.568  -4.250  -2.265  -0.520                 
    IL   193   193 5   193     4     1     8    73    93  -1.686  -2.369  -1.117  -4.855                  0.000  0.000  0.000  0.000 
    IR   194   194 6   194     3     1     7    72    92  -1.442  -0.798  -4.142                          0.000  0.000  0.000  0.000 
                                             [ MATL   45 ]     25      - A - - -
    ML   195   194 6   197     3     1     7    69    88  -7.447  -0.030  -6.101                          1.001 -1.046 -0.327 -0.480 
     D   196   194 6   197     3     0     2    67    87  -6.174  -1.687  -0.566                         
    IL   197   197 3   197     3     1     7    71    91  -1.442  -0.798  -4.142                          0.000  0.000  0.000  0.000 
                                             [ MATL   46 ]     26      - U - - -
    ML   198   197 3   200     3     1     7    68    87  -7.447  -0.030  -6.101                         -0.605 -0.779 -1.272  1.230 
     D   199   197 3   200     3     0     2    66    86  -6.174  -1.687  -0.566                         
    IL   200   200 3   200     3     1     6    70    90  -1.442  -0.798  -4.142                          0.000  0.000  0.000  0.000 
                                             [ MATL   47 ]     27      - A - - -
    ML   201   200 3   203     3     1     6    67    86  -7.447  -0.030  -6.101                          1.374 -1.378 -1.105 -0.842 
     D   202   200 3   203     3     0     1    65    85  -6.174  -1.687  -0.566                         
    IL   203   203 3   203     3     1     5    69    88  -1.442  -0.798  -4.142                          0.000  0.000  0.000  0.000 
                                             [ MATL   48 ]     28      - A - - -
    ML   204   203 3   206     3     1     5    66    85  -7.447  -0.030  -6.101                          1.374 -1.378 -1.105 -0.842 
     D   205   203 3   206     3     0     1    64    84  -6.174  -1.687  -0.566                         
    IL   206   206 3   206     3     1     5    68    87  -1.442  -0.798  -4.142                          0.000  0.000  0.000  0.000 
                                             [ MATL   49 ]     29      - U - - -
    ML   207   206 3   209     3     1     4    64    84  -7.877  -0.026  -6.195                         -0.605 -0.779 -1.272  1.230 
     D   208   206 3   209     3     0     0    63    83  -5.620  -0.734  -1.403                         
    IL   209   209 3   209     3     1     3    65    85  -1.925  -0.554  -4.164                          0.000  0.000  0.000  0.000 
                                             [ MATR   50 ]      -     77 - A - -
    MR   210   209 3   212     3     1     4    63    83  -7.877  -0.026  -6.195                          1.374 -1.378 -1.105 -0.842 
     D   211   209 3   212     3     0     0    62    81  -6.390  -1.568  -0.620                         
    IR   212   212 3   212     3     1     3    64    84  -1.925  -0.554  -4.164                          0.000  0.000  0.000  0.000 
                                             [ MATR   51 ]      -     76 - A - -
    MR   213   212 3   215     3     1     3    62    82  -7.877  -0.026  -6.195                          1.374 -1.378 -1.105 -0.842 
     D   214   212 3   215     3     0     0    61    80  -6.390  -1.568  -0.620                         
    IR   215   215 3   215     3     1     2    63    83  -1.925  -0.554  -4.164                          0.000  0.000  0.000  0.000 
                                             [ MATR   52 ]      -     75 - c - -
    MR   216   215 3   218     3     1     3    61    81  -7.877  -0.026  -6.195                         -0.385  0.676 -1.129  0.238 
     D   217   215 3   218     3     0     0    60    79  -6.390  -1.568  -0.620                         
    IR   218   218 3   218     3     1     2    62    82  -1.925  -0.554  -4.164                          0.000  0.000  0.000  0.000 
                                             [ MATR   53 ]      -     74 - U - -
    MR   219   218 3   221     3     1     2    60    80  -7.877  -0.026  -6.195                         -0.605 -0.779 -1.272  1.230 
     D   220   218 3   221     3     0     0    59    78  -6.390  -1.568  -0.620                         
    IR   221   221 3   221     3     1     1    61    81  -1.925  -0.554  -4.164                          0.000  0.000  0.000  0.000 
                                             [ MATR   54 ]      -     73 - U - -
    MR   222   221 3   224     5     1     2    59    79  -6.653  -0.053  -6.468  -6.681  -7.572         -0.605 -0.779 -1.272  1.230 
     D   223   221 3   224     5     0     0    58    78  -5.352  -0.707  -2.978  -4.409  -2.404         
    IR   224   224 3   224     5     1     1    60    79  -2.408  -0.496  -5.920  -4.087  -5.193          0.000  0.000  0.000  0.000 
                                             [ MATP   55 ]     30     72 G C - -
    MP   225   224 3   229     6     2     4    58    78  -8.917  -8.856  -0.024  -7.632  -7.912  -8.307 -3.765 -2.640 -3.820  0.811 -3.856 -4.265  0.560 -3.953 -3.615  3.270 -4.031 -0.325  0.135 -3.809 -1.436 -2.711 
    ML   226   224 3   229     6     1     1    57    76  -6.250  -6.596  -1.310  -1.005  -6.446  -3.975  0.368 -0.385 -0.191  0.094 
    MR   227   224 3   229     6     1     1    57    76  -6.988  -5.717  -1.625  -5.695  -0.829  -3.908  0.368 -0.385 -0.191  0.094 
     D   228   224 3   229     6     0     0    54    74  -9.049  -7.747  -3.544  -4.226  -4.244  -0.319 
    IL   229   229 5   229     6     1     1    58    78  -2.579  -2.842  -0.760  -4.497  -5.274  -4.934  0.000  0.000  0.000  0.000 
    IR   230   230 6   230     5     1     1    58    77  -2.408  -0.496  -5.920  -4.087  -5.193          0.000  0.000  0.000  0.000 
                                             [ MATP   56 ]     31     71 a u - -
    MP   231   230 6   235     6     2     3    56    76  -8.917  -8.856  -0.024  -7.632  -7.912  -8.307 -3.140 -2.358 -3.189  2.580 -3.188 -4.227  1.086 -3.251 -3.117  1.826 -3.627  0.034  0.652 -3.529 -0.866 -2.071 
    ML   232   230 6   235     6     1     1    55    74  -6.250  -6.596  -1.310  -1.005  -6.446  -3.975  0.368 -0.385 -0.191  0.094 
    MR   233   230 6   235     6     1     1    55    74  -6.988  -5.717  -1.625  -5.695  -0.829  -3.908  0.368 -0.385 -0.191  0.094 
     D   234   230 6   235     6     0     0    52    72  -9.049  -7.747  -3.544  -4.226  -4.244  -0.319 
    IL   235   235 5   235     6     1     1    56    76  -2.579  -2.842  -0.760  -4.497  -5.274  -4.934  0.000  0.000  0.000  0.000 
    IR   236   236 6   236     5     1     1    56    75  -2.408  -0.496  -5.920  -4.087  -5.193          0.000  0.000  0.000  0.000 
                                             [ MATP   57 ]     32     70 u a - -
    MP   237   236 6   241     6     2     3    54    74  -8.917  -8.856  -0.024  -7.632  -7.912  -8.307 -3.351 -3.101 -3.268  0.527 -2.419 -3.897  1.882 -3.042 -3.287  0.991 -3.693 -1.010  2.652 -3.519 -0.116 -2.176 
    ML   238   236 6   241     6     1     1    53    72  -6.250  -6.596  -1.310  -1.005  -6.446  -3.975  0.368 -0.385 -0.191  0.094 
    MR   239   236 6   241     6     1     1    53    72  -6.988  -5.717  -1.625  -5.695  -0.829  -3.908  0.368 -0.385 -0.191  0.094 
     D   240   236 6   241     6     0     0    50    70  -9.049  -7.747  -3.544  -4.226  -4.244  -0.319 
    IL   241   241 5   241     6     1     1    54    74  -2.579  -2.842  -0.760  -4.497  -5.274  -4.934  0.000  0.000  0.000  0.000 
    IR   242   242 6   242     5     1     1    54    73  -2.408  -0.496  -5.920  -4.087  -5.193          0.000  0.000  0.000  0.000 
                                             [ MATP   58 ]     33     69 c g - -
    MP   243   242 6   247     6     2     3    52    72  -8.917  -8.856  -0.024  -7.632  -7.912  -8.307 -3.162 -3.152 -3.137  0.377 -0.626 -3.780  2.950 -2.984 -3.176  0.626 -3.603 -1.292  1.256 -3.358 -0.104 -2.130 
    ML   244   242 6   247     6     1     1    51    70  -6.250  -6.596  -1.310  -1.005  -6.446  -3.975  0.368 -0.385 -0.191  0.094 
    MR   245   242 6   247     6     1     1    51    70  -6.988  -5.717  -1.625  -5.695  -0.829  -3.908  0.368 -0.385 -0.191  0.094 
     D   246   242 6   247     6     0     0    48    68  -9.049  -7.747  -3.544  -4.226  -4.244  -0.319 
    IL   247   247 5   247     6     1     1    52    72  -2.579  -2.842  -0.760  -4.497  -5.274  -4.934  0.000  0.000  0.000  0.000 
    IR   248   248 6   248     5     1     1    52    71  -2.408  -0.496  -5.920  -4.087  -5.193          0.000  0.000  0.000  0.000 
                                             [ MATP   59 ]     34     68 a u - -
    MP   249   248 6   253     6     2     3    50    70  -8.917  -8.856  -0.024  -7.632  -7.912  -8.307 -3.140 -2.358 -3.189  2.580 -3.188 -4.227  1.086 -3.251 -3.117  1.826 -3.627  0.034  0.652 -3.529 -0.866 -2.071 
    ML   250   248 6   253     6     1     1    49    69  -6.250  -6.596  -1.310  -1.005  -6.446  -3.975  0.368 -0.385 -0.191  0.094 
    MR   251   248 6   253     6     1     1    49    68  -6.988  -5.717  -1.625  -5.695  -0.829  -3.908  0.368 -0.385 -0.191  0.094 
     D   252   248 6   253     6     0     0    47    66  -9.049  -7.747  -3.544  -4.226  -4.244  -0.319 
    IL   253   253 5   253     6     1     1    50    70  -2.579  -2.842  -0.760  -4.497  -5.274  -4.934  0.000  0.000  0.000  0.000 
    IR   254   254 6   254     5     1     1    50    69  -2.408  -0.496  -5.920  -4.087  -5.193          0.000  0.000  0.000  0.000 
                                             [ MATP   60 ]     35     67 a u - -
    MP   255   254 6   259     6     2     2    48    68  -8.917  -8.856  -0.024  -7.632  -7.912  -8.307 -3.140 -2.358 -3.189  2.580 -3.188 -4.227  1.086 -3.251 -3.117  1.826 -3.627  0.034  0.652 -3.529 -0.866 -2.071 
    ML   256   254 6   259     6     1     1    48    67  -6.250  -6.596  -1.310  -1.005  -6.446  -3.975  0.368 -0.385 -0.191  0.094 
    MR   257   254 6   259     6     1     1    47    67  -6.988  -5.717  -1.625  -5.695  -0.829  -3.908  0.368 -0.385 -0.191  0.094 
     D   258   254 6   259     6     0     0    46    65  -9.049  -7.747  -3.544  -4.226  -4.244  -0.319 
    IL   259   259 5   259     6     1     1    48    68  -2.579  -2.842  -0.760  -4.497  -5.274  -4.934  0.000  0.000  0.000  0.000 
    IR   260   260 6   260     5     1     1    48    67  -2.408  -0.496  -5.920  -4.087  -5.193          0.000  0.000  0.000  0.000 
                                             [ MATP   61 ]     36     66 c g - -
    MP   261   260 6   265     4     2     2    46    66  -6.381  -6.588  -0.079  -5.003                 -3.213 -3.067 -3.104  0.507 -2.184 -3.679  2.073 -2.851 -3.139  0.894 -3.523 -1.083  1.380 -3.367  2.043 -2.055 
    ML   262   260 6   265     4     1     1    47    66  -3.758  -3.940  -0.507  -2.670                  0.368 -0.385 -0.191  0.094 
    MR   263   260 6   265     4     1     1    46    66  -4.809  -3.838  -1.706  -0.766                  0.368 -0.385 -0.191  0.094 
     D   264   260 6   265     4     0     0    45    65  -4.568  -4.250  -2.265  -0.520                 
    IL   265   265 5   265     4     1     1    48    68  -1.686  -2.369  -1.117  -4.855                  0.000  0.000  0.000  0.000 
    IR   266   266 6   266     3     1     1    47    67  -1.442  -0.798  -4.142                          0.000  0.000  0.000  0.000 
                                             [ MATL   62 ]     37      - U - - -
    ML   267   266 6   269     3     1     1    44    63  -7.447  -0.030  -6.101                         -0.605 -0.779 -1.272  1.230 
     D   268   266 6   269     3     0     0    42    62  -6.174  -1.687  -0.566                         
    IL   269   269 3   269     3     1     1    46    65  -1.442  -0.798  -4.142                          0.000  0.000  0.000  0.000 
                                             [ MATL   63 ]     38      - U - - -
    ML   270   269 3   272     3     1     1    43    62  -7.447  -0.030  -6.101                         -0.605 -0.779 -1.272  1.230 
     D   271   269 3   272     3     0     0    41    61  -6.174  -1.687  -0.566                         
    IL   272   272 3   272     3     1     1    45    64  -1.442  -0.798  -4.142                          0.000  0.000  0.000  0.000 
                                             [ MATL   64 ]     39      - U - - -
    ML   273   272 3   275     3     1     1    42    61  -7.877  -0.026  -6.195                         -0.605 -0.779 -1.272  1.230 
     D   274   272 3   275     3     0     0    40    59  -5.620  -0.734  -1.403                         
    IL   275   275 3   275     3     1     1    42    61  -1.925  -0.554  -4.164                          0.000  0.000  0.000  0.000 
                                             [ MATR   65 ]      -     65 - U - -
    MR   276   275 3   278     3     1     1    41    60  -7.877  -0.026  -6.195                         -0.605 -0.779 -1.272  1.230 
     D   277   275 3   278     3     0     0    39    58  -6.390  -1.568  -0.620                         
    IR   278   278 3   278     3     1     1    41    60  -1.925  -0.554  -4.164                          0.000  0.000  0.000  0.000 
                                             [ MATR   66 ]      -     64 - U - -
    MR   279   278 3   281     5     1     1    40    59  -6.653  -0.053  -6.468  -6.681  -7.572         -0.605 -0.779 -1.272  1.230 
     D   280   278 3   281     5     0     0    38    57  -5.352  -0.707  -2.978  -4.409  -2.404         
    IR   281   281 3   281     5     1     1    40    59  -2.408  -0.496  -5.920  -4.087  -5.193          0.000  0.000  0.000  0.000 
                                             [ MATP   67 ]     40     63 G C - -
    MP   282   281 3   286     6     2     2    38    58  -8.917  -8.856  -0.024  -7.632  -7.912  -8.307 -3.426 -2.420 -3.497  1.073 -3.733 -4.163  0.638 -3.717 -3.391  3.059 -3.842  0.439  0.308 -3.558 -1.329 -2.406 
    ML   283   281 3   286     6     1     1    37    56  -6.250  -6.596  -1.310  -1.005  -6.446  -3.975  0.368 -0.385 -0.191  0.094 
    MR   284   281 3   286     6     1     1    37    56  -6.988  -5.717  -1.625  -5.695  -0.829  -3.908  0.368 -0.385 -0.191  0.094 
     D   285   281 3   286     6     0     0    35    54  -9.049  -7.747  -3.544  -4.226  -4.244  -0.319 
    IL   286   286 5   286     6     1     1    38    57  -2.579  -2.842  -0.760  -4.497  -5.274  -4.934  0.000  0.000  0.000  0.000 
    IR   287   287 6   287     5     1     1    38    57  -2.408  -0.496  -5.920  -4.087  -5.193          0.000  0.000  0.000  0.000 
                                             [ MATP   68 ]     41     62 g c - -
    MP   288   287 6   292     6     2     2    36    56  -8.917  -8.856  -0.024  -7.632  -7.912  -8.307 -3.064 -2.123 -3.175  1.400 -3.425 -4.220  0.853 -3.282 -3.020  2.090 -3.521  2.059  0.488 -3.508 -1.083 -2.020 
    ML   289   287 6   292     6     1     1    35    54  -6.250  -6.596  -1.310  -1.005  -6.446  -3.975  0.368 -0.385 -0.191  0.094 
    MR   290   287 6   292     6     1     1    35    54  -6.988  -5.717  -1.625  -5.695  -0.829  -3.908  0.368 -0.385 -0.191  0.094 
     D   291   287 6   292     6     0     0    33    52  -9.049  -7.747  -3.544  -4.226  -4.244  -0.319 
    IL   292   292 5   292     6     1     1    36    55  -2.579  -2.842  -0.760  -4.497  -5.274  -4.934  0.000  0.000  0.000  0.000 
    IR   293   293 6   293     5     1     1    36    55  -2.408  -0.496  -5.920  -4.087  -5.193          0.000  0.000  0.000  0.000 
                                             [ MATP   69 ]     42     61 C G - -
    MP   294   293 6   298     6     2     2    34    54  -8.917  -8.856  -0.024  -7.632  -7.912  -8.307 -3.625 -3.410 -3.455  0.249 -2.424 -3.981  3.100 -3.128 -3.488  0.703 -3.832 -1.341  1.162 -3.743 -0.122 -2.365 
    ML   295   293 6   298     6     1     1    33    52  -6.250  -6.596  -1.310  -1.005  -6.446  -3.975  0.368 -0.385 -0.191  0.094 
    MR   296   293 6   298     6     1     1    33    52  -6.988  -5.717  -1.625  -5.695  -0.829  -3.908  0.368 -0.385 -0.191  0.094 
     D   297   293 6   298     6     0     0    31    50  -9.049  -7.747  -3.544  -4.226  -4.244  -0.319 
    IL   298   298 5   298     6     1     1    34    53  -2.579  -2.842  -0.760  -4.497  -5.274  -4.934  0.000  0.000  0.000  0.000 
    IR   299   299 6   299     5     1     1    34    53  -2.408  -0.496  -5.920  -4.087  -5.193          0.000  0.000  0.000  0.000 
                                             [ MATP   70 ]     43     60 G C - -
    MP   300   299 6   304     6     2     2    32    52  -8.917  -8.856  -0.024  -7.632  -7.912  -8.307 -3.765 -2.640 -3.820  0.811 -3.856 -4.265  0.560 -3.953 -3.615  3.270 -4.031 -0.325  0.135 -3.809 -1.436 -2.711 
    ML   301   299 6   304     6     1     1    31    50  -6.250  -6.596  -1.310  -1.005  -6.446  -3.975  0.368 -0.385 -0.191  0.094 
    MR   302   299 6   304     6     1     1    31    50  -6.988  -5.717  -1.625  -5.695  -0.829  -3.908  0.368 -0.385 -0.191  0.094 
     D   303   299 6   304     6     0     0    29    48  -9.049  -7.747  -3.544  -4.226  -4.244  -0.319 
    IL   304   304 5   304     6     1     1    32    51  -2.579  -2.842  -0.760  -4.497  -5.274  -4.934  0.000  0.000  0.000  0.000 
    IR   305   305 6   305     5     1     1    32    51  -2.408  -0.496  -5.920  -4.087  -5.193          0.000  0.000  0.000  0.000 
                                             [ MATP   71 ]     44     59 G C - -
    MP   306   305 6   310     4     2     2    30    50  -6.353  -7.599  -0.117  -4.052                 -3.765 -2.640 -3.820  0.811 -3.856 -4.265  0.560 -3.953 -3.615  3.270 -4.031 -0.325  0.135 -3.809 -1.436 -2.711 
    ML   307   305 6   310     4     1     1    30    49  -2.408  -4.532  -1.293  -1.473                  0.368 -0.385 -0.191  0.094 
    MR   308   305 6   310     4     1     1    30    49  -4.102 -12.528  -0.390  -2.485                  0.368 -0.385 -0.191  0.094 
     D   309   305 6   310     4     0     0    28    47 -12.737 -14.007  -2.036  -0.404                 
    IL   310   310 5   310     4     1     1    30    49  -2.817  -4.319  -0.613  -2.698                  0.000  0.000  0.000  0.000 
    IR   311   311 6   311     3     1     1    30    49  -1.925  -0.554  -4.164                          0.000  0.000  0.000  0.000 
                                             [ MATR   72 ]      -     58 - A - -
    MR   312   311 6   314     5     1     1    28    47  -6.653  -0.053  -6.468  -6.681  -7.572          1.374 -1.378 -1.105 -0.842 
     D   313   311 6   314     5     0     0    27    46  -5.352  -0.707  -2.978  -4.409  -2.404         
    IR   314   314 3   314     5     1     1    29    48  -2.408  -0.496  -5.920  -4.087  -5.193          0.000  0.000  0.000  0.000 
                                             [ MATP   73 ]     45     57 g c - -
    MP   315   314 3   319     6     2     2    27    46  -8.917  -8.856  -0.024  -7.632  -7.912  -8.307 -2.940 -2.110 -3.044  1.905 -3.299 -4.085  0.929 -3.213 -2.959  2.073 -3.473  1.473  0.617 -3.323 -0.988 -1.936 
    ML   316   314 3   319     6     1     1    26    45  -6.250  -6.596  -1.310  -1.005  -6.446  -3.975  0.368 -0.385 -0.191  0.094 
    MR   317   314 3   319     6     1     1    26    45  -6.988  -5.717  -1.625  -5.695  -0.829  -3.908  0.368 -0.385 -0.191  0.094 
     D   318   314 3   319     6     0     0    24    43  -9.049  -7.747  -3.544  -4.226  -4.244  -0.319 
    IL   319   319 5   319     6     1     1    27    46  -2.579  -2.842  -0.760  -4.497  -5.274  -4.934  0.000  0.000  0.000  0.000 
    IR   320   320 6   320     5     1     1    27    46  -2.408  -0.496  -5.920  -4.087  -5.193          0.000  0.000  0.000  0.000 
                                             [ MATP   74 ]     46     56 u a - -
    MP   321   320 6   325     6     2     2    25    44  -8.917  -8.856  -0.024  -7.632  -7.912  -8.307 -3.351 -3.101 -3.268  0.527 -2.419 -3.897  1.882 -3.042 -3.287  0.991 -3.693 -1.010  2.652 -3.519 -0.116 -2.176 
    ML   322   320 6   325     6     1     1    25    44  -6.250  -6.596  -1.310  -1.005  -6.446  -3.975  0.368 -0.385 -0.191  0.094 
    MR   323   320 6   325     6     1     1    25    44  -6.988  -5.717  -1.625  -5.695  -0.829  -3.908  0.368 -0.385 -0.191  0.094 
     D   324   320 6   325     6     0     0    23    42  -9.049  -7.747  -3.544  -4.226  -4.244  -0.319 
    IL   325   325 5   325     6     1     1    25    44  -2.579  -2.842  -0.760  -4.497  -5.274  -4.934  0.000  0.000  0.000  0.000 
    IR   326   326 6   326     5     1     1    25    44  -2.408  -0.496  -5.920  -4.087  -5.193          0.000  0.000  0.000  0.000 
                                             [ MATP   75 ]     47     55 u a - -
    MP   327   326 6   331     4     2     2    23    42  -6.381  -6.588  -0.079  -5.003                 -3.351 -3.101 -3.268  0.527 -2.419 -3.897  1.882 -3.042 -3.287  0.991 -3.693 -1.010  2.652 -3.519 -0.116 -2.176 
    ML   328   326 6   331     4     1     1    24    43  -3.758  -3.940  -0.507  -2.670                  0.368 -0.385 -0.191  0.094 
    MR   329   326 6   331     4     1     1    23    43  -4.809  -3.838  -1.706  -0.766                  0.368 -0.385 -0.191  0.094 
     D   330   326 6   331     4     0     0    22    42  -4.568  -4.250  -2.265  -0.520                 
    IL   331   331 5   331     4     1     1    25    44  -1.686  -2.369  -1.117  -4.855                  0.000  0.000  0.000  0.000 
    IR   332   332 6   332     3     1     1    24    43  -1.442  -0.798  -4.142                          0.000  0.000  0.000  0.000 
                                             [ MATL   76 ]     48      - g - - -
    ML   333   332 6   335     3     1     1    20    39  -7.447  -0.030  -6.101                          0.135 -1.140  0.813 -0.533 
     D   334   332 6   335     3     0     0    19    38  -6.174  -1.687  -0.566                         
    IL   335   335 3   335     3     1     1    23    42  -1.442  -0.798  -4.142                          0.000  0.000  0.000  0.000 
                                             [ MATL   77 ]     49      - a - - -
    ML   336   335 3   338     3     1     1    19    38  -7.447  -0.030  -6.101                          0.919 -0.832 -0.822 -0.026 
     D   337   335 3   338     3     0     0    18    37  -6.174  -1.687  -0.566                         
    IL   338   338 3   338     3     1     1    22    41  -1.442  -0.798  -4.142                          0.000  0.000  0.000  0.000 
                                             [ MATL   78 ]     50      - U - - -
    ML   339   338 3   341     3     1     1    18    37  -7.447  -0.030  -6.101                         -0.605 -0.779 -1.272  1.230 
     D   340   338 3   341     3     0     0    17    36  -6.174  -1.687  -0.566                         
    IL   341   341 3   341     3     1     1    21    40  -1.442  -0.798  -4.142                          0.000  0.000  0.000  0.000 
                                             [ MATL   79 ]     51      - A - - -
    ML   342   341 3   344     3     1     1    17    35  -7.447  -0.030  -6.101                          1.374 -1.378 -1.105 -0.842 
     D   343   341 3   344     3     0     0    16    35  -6.174  -1.687  -0.566                         
    IL   344   344 3   344     3     1     1    20    39  -1.442  -0.798  -4.142                          0.000  0.000  0.000  0.000 
                                             [ MATL   80 ]     52      - u - - -
    ML   345   344 3   347     3     1     1    15    34  -7.447  -0.030  -6.101                         -0.371 -0.200 -1.076  0.912 
     D   346   344 3   347     3     0     0    15    33  -6.174  -1.687  -0.566                         
    IL   347   347 3   347     3     1     1    19    37  -1.442  -0.798  -4.142                          0.000  0.000  0.000  0.000 
                                             [ MATL   81 ]     53      - U - - -
    ML   348   347 3   350     3     1     1    13    32  -7.447  -0.030  -6.101                         -0.605 -0.779 -1.272  1.230 
     D   349   347 3   350     3     0     0    13    32  -6.174  -1.687  -0.566                         
    IL   350   350 3   350     3     1     1    18    36  -1.442  -0.798  -4.142                          0.000  0.000  0.000  0.000 
                                             [ MATL   82 ]     54      - A - - -
    ML   351   350 3   353     2     1     1     1     1       *   0.000                                  1.374 -1.378 -1.105 -0.842 
     D   352   350 3   353     2     0     0     0     0       *   0.000                                 
    IL   353   353 3   353     2     1     1    13    28  -1.823  -0.479                                  0.000  0.000  0.000  0.000 
                                             [ END    83 ]      -      - - - - -
     E   354   353 3    -1     0     0     0     0     0                                                 
//
HMMER3/f [3.1b3 | July 2016]
NAME  t_nt_bsrg_sr4_round5_0001
LENG  117
MAXL  225
ALPH  RNA
RF    no
MM    no
CONS  yes
CS    yes
MAP   yes
DATE  Mon Dec 16 18:42:45 2019
COM   [1] cmbuild /home/co78wid/projects/master/results/ta_systems/bsrg_sr4/2_structure_analysis/infernal_search/t_nt_bsrg_sr4_cmbuild.txt /home/co78wid/projects/master/results/ta_systems/bsrg_sr4/1_sequence_analysis/fold/t_nt_bsrg_sr4_round5.stk
NSEQ  5
EFFN  1.254883
CKSUM 4193645694
STATS LOCAL MSV       -9.7253  0.71838
STATS LOCAL VITERBI  -10.9808  0.71838
STATS LOCAL FORWARD   -3.0590  0.71838
HMM          A        C        G        U   
            m->m     m->i     m->d     i->m     i->i     d->m     d->d
  COMPO   1.21729  1.62806  1.46997  1.28113
          1.38629  1.38629  1.38629  1.38629
          0.05574  3.60801  3.60801  1.46634  0.26236  0.00000        *
      1   0.30191  2.64314  2.42669  2.29138      1 A - - :
          1.38629  1.38629  1.38629  1.38629
          0.05574  3.60801  3.60801  1.46634  0.26236  1.09861  0.40547
      2   2.25421  1.36524  1.96218  0.69481      2 u - - <
          1.38629  1.38629  1.38629  1.38629
          0.05574  3.60801  3.60801  1.46634  0.26236  1.09861  0.40547
      3   2.21041  2.59906  0.30344  2.55456      3 G - - <
          1.38629  1.38629  1.38629  1.38629
          0.05574  3.60801  3.60801  1.46634  0.26236  1.09861  0.40547
      4   0.67720  2.13762  1.38274  2.09445      4 A - - <
          1.38629  1.38629  1.38629  1.38629
          0.05574  3.60801  3.60801  1.46634  0.26236  1.09861  0.40547
      5   2.62449  0.43827  2.31081  1.69721      5 C - - <
          1.38629  1.38629  1.38629  1.38629
          0.05574  3.60801  3.60801  1.46634  0.26236  1.09861  0.40547
      6   2.06922  2.13097  2.55551  0.38958      6 U - - -
          1.38629  1.38629  1.38629  1.38629
          0.05574  3.60801  3.60801  1.46634  0.26236  1.09861  0.40547
      7   2.21008  2.59879  0.30356  2.55414      7 G - - <
          1.38629  1.38629  1.38629  1.38629
          0.05574  3.60801  3.60801  1.46634  0.26236  1.09861  0.40547
      8   2.39792  1.50439  2.06500  0.57960      8 U - - <
          1.38629  1.38629  1.38629  1.38629
          0.05574  3.60801  3.60801  1.46634  0.26236  1.09861  0.40547
      9   2.39846  1.50436  2.06515  0.57949      9 U - - <
          1.38629  1.38629  1.38629  1.38629
          0.05574  3.60801  3.60801  1.46634  0.26236  1.09861  0.40547
     10   2.06922  2.13097  2.55551  0.38958     10 U - - -
          1.38629  1.38629  1.38629  1.38629
          0.05574  3.60801  3.60801  1.46634  0.26236  1.09861  0.40547
     11   0.67750  2.13712  1.38284  2.09350     11 A - - <
          1.38629  1.38629  1.38629  1.38629
          0.05574  3.60801  3.60801  1.46634  0.26236  1.09861  0.40547
     12   2.62321  0.43854  2.31036  1.69704     12 C - - <
          1.38629  1.38629  1.38629  1.38629
          0.05574  3.60801  3.60801  1.46634  0.26236  1.09861  0.40547
     13   2.06656  2.83915  0.32115  2.41253     13 G - - -
          1.38629  1.38629  1.38629  1.38629
          0.05574  3.60801  3.60801  1.46634  0.26236  1.09861  0.40547
     14   0.67749  2.13713  1.38284  2.09352     14 A - - <
          1.38629  1.38629  1.38629  1.38629
          0.05574  3.60801  3.60801  1.46634  0.26236  1.09861  0.40547
     15   0.67727  2.13751  1.38276  2.09424     15 A - - <
          1.38629  1.38629  1.38629  1.38629
          0.05574  3.60801  3.60801  1.46634  0.26236  1.09861  0.40547
     16   1.93749  1.52398  1.63123  0.81553     16 u - - <
          1.38629  1.38629  1.38629  1.38629
          0.05574  3.60801  3.60801  1.46634  0.26236  1.09861  0.40547
     17   2.62412  0.43835  2.31068  1.69716     17 C - - <
          1.38629  1.38629  1.38629  1.38629
          0.05574  3.60801  3.60801  1.46634  0.26236  1.09861  0.40547
     18   0.67719  2.13765  1.38273  2.09449     18 A - - <
          1.38629  1.38629  1.38629  1.38629
          0.05574  3.60801  3.60801  1.46634  0.26236  1.09861  0.40547
     19   2.39820  1.50437  2.06508  0.57954     19 U - - <
          1.38629  1.38629  1.38629  1.38629
          0.05574  3.60801  3.60801  1.46634  0.26236  1.09861  0.40547
     20   2.28649  1.30684  2.00487  0.70720     20 u - - <
          1.38629  1.38629  1.38629  1.38629
          0.05574  3.60801  3.60801  1.46634  0.26236  1.09861  0.40547
     21   0.67727  2.13751  1.38276  2.09423     21 A - - <
          1.38629  1.38629  1.38629  1.38629
          0.05574  3.60801  3.60801  1.46634  0.26236  1.09861  0.40547
     22   0.67914  2.13432  1.38341  2.08827     22 A - - <
          1.38629  1.38629  1.38629  1.38629
          0.05574  3.60801  3.60801  1.46634  0.26236  1.09861  0.40547
     23   2.39197  1.50471  2.06330  0.58083     23 U - - <
          1.38629  1.38629  1.38629  1.38629
          0.05574  3.60801  3.60801  1.46634  0.26236  1.09861  0.40547
     24   1.69664  2.29948  0.50031  2.20681     24 G - - <
          1.38629  1.38629  1.38629  1.38629
          0.05574  3.60801  3.60801  1.46634  0.26236  1.09861  0.40547
     25   0.60602  2.25168  1.63703  1.86627     25 A - - -
          1.38629  1.38629  1.38629  1.38629
          0.05574  3.60801  3.60801  1.46634  0.26236  1.09861  0.40547
     26   2.06922  2.13097  2.55551  0.38958     26 U - - -
          1.38629  1.38629  1.38629  1.38629
          0.05574  3.60801  3.60801  1.46634  0.26236  1.09861  0.40547
     27   0.30191  2.64314  2.42669  2.29138     27 A - - -
          1.38629  1.38629  1.38629  1.38629
          0.05574  3.60801  3.60801  1.46634  0.26236  1.09861  0.40547
     28   0.30191  2.64314  2.42669  2.29138     28 A - - -
          1.38629  1.38629  1.38629  1.38629
          0.05574  3.60801  3.60801  1.46634  0.26236  1.09861  0.40547
     29   2.06922  2.13097  2.55551  0.38958     29 U - - -
          1.38629  1.38629  1.38629  1.38629
          0.05574  3.60801  3.60801  1.46634  0.26236  1.09861  0.40547
     30   2.20787  2.59700  0.30436  2.55138     30 G - - <
          1.38629  1.38629  1.38629  1.38629
          0.05574  3.60801  3.60801  1.46634  0.26236  1.09861  0.40547
     31   0.67739  2.13731  1.38280  2.09386     31 A - - <
          1.38629  1.38629  1.38629  1.38629
          0.05574  3.60801  3.60801  1.46634  0.26236  1.09861  0.40547
     32   2.39843  1.50436  2.06515  0.57949     32 U - - <
          1.38629  1.38629  1.38629  1.38629
          0.05574  3.60801  3.60801  1.46634  0.26236  1.09861  0.40547
     33   2.40716  0.52216  2.19036  1.58565     33 C - - <
          1.38629  1.38629  1.38629  1.38629
          0.05574  3.60801  3.60801  1.46634  0.26236  1.09861  0.40547
     34   0.67712  2.13776  1.38271  2.09470     34 A - - <
          1.38629  1.38629  1.38629  1.38629
          0.05574  3.60801  3.60801  1.46634  0.26236  1.09861  0.40547
     35   0.67715  2.13771  1.38272  2.09461     35 A - - <
          1.38629  1.38629  1.38629  1.38629
          0.05574  3.60801  3.60801  1.46634  0.26236  1.09861  0.40547
     36   2.40622  1.32617  2.11602  0.64657     36 U - - <
          1.38629  1.38629  1.38629  1.38629
          0.05574  3.60801  3.60801  1.46634  0.26236  1.09861  0.40547
     37   2.06922  2.13097  2.55551  0.38958     37 U - - -
          1.38629  1.38629  1.38629  1.38629
          0.05574  3.60801  3.60801  1.46634  0.26236  1.09861  0.40547
     38   2.06922  2.13097  2.55551  0.38958     38 U - - -
          1.38629  1.38629  1.38629  1.38629
          0.05574  3.60801  3.60801  1.46634  0.26236  1.09861  0.40547
     39   2.06922  2.13097  2.55551  0.38958     39 U - - -
          1.38629  1.38629  1.38629  1.38629
          0.05574  3.60801  3.60801  1.46634  0.26236  1.09861  0.40547
     40   1.95158  2.42730  0.39806  2.32225     40 G - - <
          1.38629  1.38629  1.38629  1.38629
          0.05574  3.60801  3.60801  1.46634  0.26236  1.09861  0.40547
     41   1.69730  2.30026  0.49976  2.20803     41 G - - <
          1.38629  1.38629  1.38629  1.38629
          0.05574  3.60801  3.60801  1.46634  0.26236  1.09861  0.40547
     42   2.62442  0.43829  2.31079  1.69720     42 C - - <
          1.38629  1.38629  1.38629  1.38629
          0.05574  3.60801  3.60801  1.46634  0.26236  1.09861  0.40547
     43   2.21213  2.60045  0.30282  2.55670     43 G - - <
          1.38629  1.38629  1.38629  1.38629
          0.05574  3.60801  3.60801  1.46634  0.26236  1.09861  0.40547
     44   2.21208  2.60041  0.30284  2.55664     44 G - - <
          1.38629  1.38629  1.38629  1.38629
          0.05574  3.60801  3.60801  1.46634  0.26236  1.09861  0.40547
     45   1.23880  2.18596  0.75493  2.05687     45 g - - <
          1.38629  1.38629  1.38629  1.38629
          0.05574  3.60801  3.60801  1.46634  0.26236  1.09861  0.40547
     46   2.38972  1.50484  2.06266  0.58129     46 U - - <
          1.38629  1.38629  1.38629  1.38629
          0.05574  3.60801  3.60801  1.46634  0.26236  1.09861  0.40547
     47   2.39388  1.50461  2.06385  0.58043     47 U - - <
          1.38629  1.38629  1.38629  1.38629
          0.05574  3.60801  3.60801  1.46634  0.26236  1.09861  0.40547
     48   1.34930  2.35397  0.69143  1.93289     48 G - - _
          1.38629  1.38629  1.38629  1.38629
          0.05574  3.60801  3.60801  1.46634  0.26236  1.09861  0.40547
     49   0.67600  2.05416  2.06606  1.44195     49 A - - _
          1.38629  1.38629  1.38629  1.38629
          0.05574  3.60801  3.60801  1.46634  0.26236  1.09861  0.40547
     50   2.06922  2.13097  2.55551  0.38958     50 U - - _
          1.38629  1.38629  1.38629  1.38629
          0.05574  3.60801  3.60801  1.46634  0.26236  1.09861  0.40547
     51   0.30191  2.64314  2.42669  2.29138     51 A - - _
          1.38629  1.38629  1.38629  1.38629
          0.05574  3.60801  3.60801  1.46634  0.26236  1.09861  0.40547
     52   1.78395  1.54237  2.28670  0.66058     52 U - - _
          1.38629  1.38629  1.38629  1.38629
          0.05574  3.60801  3.60801  1.46634  0.26236  1.09861  0.40547
     53   2.06922  2.13097  2.55551  0.38958     53 U - - _
          1.38629  1.38629  1.38629  1.38629
          0.05574  3.60801  3.60801  1.46634  0.26236  1.09861  0.40547
     54   0.30191  2.64314  2.42669  2.29138     54 A - - _
          1.38629  1.38629  1.38629  1.38629
          0.05574  3.60801  3.60801  1.46634  0.26236  1.09861  0.40547
     55   0.66296  2.23662  1.34050  2.15292     55 A - - >
          1.38629  1.38629  1.38629  1.38629
          0.05574  3.60801  3.60801  1.46634  0.26236  1.09861  0.40547
     56   0.66296  2.23662  1.34050  2.15292     56 A - - >
          1.38629  1.38629  1.38629  1.38629
          0.05574  3.60801  3.60801  1.46634  0.26236  1.09861  0.40547
     57   2.28597  1.37761  1.99994  0.67178     57 U - - >
          1.38629  1.38629  1.38629  1.38629
          0.05574  3.60801  3.60801  1.46634  0.26236  1.09861  0.40547
     58   0.30191  2.64314  2.42669  2.29138     58 A - - -
          1.38629  1.38629  1.38629  1.38629
          0.05574  3.60801  3.60801  1.46634  0.26236  1.09861  0.40547
     59   2.78101  0.35157  2.42848  1.92228     59 C - - >
          1.38629  1.38629  1.38629  1.38629
          0.05574  3.60801  3.60801  1.46634  0.26236  1.09861  0.40547
     60   2.78198  0.35141  2.42882  1.92247     60 C - - >
          1.38629  1.38629  1.38629  1.38629
          0.05574  3.60801  3.60801  1.46634  0.26236  1.09861  0.40547
     61   1.96941  2.47567  0.37986  2.38165     61 G - - >
          1.38629  1.38629  1.38629  1.38629
          0.05574  3.60801  3.60801  1.46634  0.26236  1.09861  0.40547
     62   2.43478  1.43296  2.11194  0.59280     62 U - - >
          1.38629  1.38629  1.38629  1.38629
          0.05574  3.60801  3.60801  1.46634  0.26236  1.09861  0.40547
     63   2.55604  0.52465  2.24955  1.49087     63 C - - >
          1.38629  1.38629  1.38629  1.38629
          0.05574  3.60801  3.60801  1.46634  0.26236  1.09861  0.40547
     64   2.06922  2.13097  2.55551  0.38958     64 U - - -
          1.38629  1.38629  1.38629  1.38629
          0.05574  3.60801  3.60801  1.46634  0.26236  1.09861  0.40547
     65   2.06922  2.13097  2.55551  0.38958     65 U - - -
          1.38629  1.38629  1.38629  1.38629
          0.05574  3.60801  3.60801  1.46634  0.26236  1.09861  0.40547
     66   1.78250  2.28298  0.48646  2.16278     66 G - - >
          1.38629  1.38629  1.38629  1.38629
          0.05574  3.60801  3.60801  1.46634  0.26236  1.09861  0.40547
     67   2.32765  1.61371  1.95577  0.57648     67 U - - >
          1.38629  1.38629  1.38629  1.38629
          0.05574  3.60801  3.60801  1.46634  0.26236  1.09861  0.40547
     68   2.32809  1.61371  1.95587  0.57638     68 U - - >
          1.38629  1.38629  1.38629  1.38629
          0.05574  3.60801  3.60801  1.46634  0.26236  1.09861  0.40547
     69   1.60915  2.35384  0.52222  2.19160     69 G - - >
          1.38629  1.38629  1.38629  1.38629
          0.05574  3.60801  3.60801  1.46634  0.26236  1.09861  0.40547
     70   0.66253  2.23755  1.34031  2.15444     70 A - - >
          1.38629  1.38629  1.38629  1.38629
          0.05574  3.60801  3.60801  1.46634  0.26236  1.09861  0.40547
     71   2.32978  1.61368  1.95628  0.57599     71 U - - >
          1.38629  1.38629  1.38629  1.38629
          0.05574  3.60801  3.60801  1.46634  0.26236  1.09861  0.40547
     72   2.78496  0.35089  2.42987  1.92305     72 C - - >
          1.38629  1.38629  1.38629  1.38629
          0.05574  3.60801  3.60801  1.46634  0.26236  1.09861  0.40547
     73   2.06922  2.13097  2.55551  0.38958     73 U - - -
          1.38629  1.38629  1.38629  1.38629
          0.05574  3.60801  3.60801  1.46634  0.26236  1.09861  0.40547
     74   2.06922  2.13097  2.55551  0.38958     74 U - - -
          1.38629  1.38629  1.38629  1.38629
          0.05574  3.60801  3.60801  1.46634  0.26236  1.09861  0.40547
     75   1.81306  0.77937  2.35018  1.26302     75 c - - -
          1.38629  1.38629  1.38629  1.38629
          0.05574  3.60801  3.60801  1.46634  0.26236  1.09861  0.40547
     76   0.30191  2.64314  2.42669  2.29138     76 A - - -
          1.38629  1.38629  1.38629  1.38629
          0.05574  3.60801  3.60801  1.46634  0.26236  1.09861  0.40547
     77   0.30191  2.64314  2.42669  2.29138     77 A - - -
          1.38629  1.38629  1.38629  1.38629
          0.05574  3.60801  3.60801  1.46634  0.26236  1.09861  0.40547
     78   2.43168  1.43319  2.11100  0.59340     78 U - - >
          1.38629  1.38629  1.38629  1.38629
          0.05574  3.60801  3.60801  1.46634  0.26236  1.09861  0.40547
     79   0.66280  2.23697  1.34043  2.15350     79 A - - >
          1.38629  1.38629  1.38629  1.38629
          0.05574  3.60801  3.60801  1.46634  0.26236  1.09861  0.40547
     80   2.32754  1.61372  1.95574  0.57650     80 U - - >
          1.38629  1.38629  1.38629  1.38629
          0.05574  3.60801  3.60801  1.46634  0.26236  1.09861  0.40547
     81   0.30191  2.64314  2.42669  2.29138     81 A - - -
          1.38629  1.38629  1.38629  1.38629
          0.05574  3.60801  3.60801  1.46634  0.26236  1.09861  0.40547
     82   0.30191  2.64314  2.42669  2.29138     82 A - - -
          1.38629  1.38629  1.38629  1.38629
          0.05574  3.60801  3.60801  1.46634  0.26236  1.09861  0.40547
     83   2.32638  1.61373  1.95547  0.57677     83 U - - >
          1.38629  1.38629  1.38629  1.38629
          0.05574  3.60801  3.60801  1.46634  0.26236  1.09861  0.40547
     84   1.43734  2.16429  0.65433  2.05715     84 G - - >
          1.38629  1.38629  1.38629  1.38629
          0.05574  3.60801  3.60801  1.46634  0.26236  1.09861  0.40547
     85   0.66297  2.23661  1.34050  2.15290     85 A - - >
          1.38629  1.38629  1.38629  1.38629
          0.05574  3.60801  3.60801  1.46634  0.26236  1.09861  0.40547
     86   2.32624  1.61374  1.95543  0.57680     86 U - - >
          1.38629  1.38629  1.38629  1.38629
          0.05574  3.60801  3.60801  1.46634  0.26236  1.09861  0.40547
     87   1.96733  2.47365  0.38094  2.37866     87 G - - >
          1.38629  1.38629  1.38629  1.38629
          0.05574  3.60801  3.60801  1.46634  0.26236  1.09861  0.40547
     88   0.99055  1.65327  1.34500  1.73349     88 a - - >
          1.38629  1.38629  1.38629  1.38629
          0.05574  3.60801  3.60801  1.46634  0.26236  1.09861  0.40547
     89   2.32173  1.61381  1.95436  0.57783     89 U - - >
          1.38629  1.38629  1.38629  1.38629
          0.05574  3.60801  3.60801  1.46634  0.26236  1.09861  0.40547
     90   2.31654  1.61390  1.95312  0.57903     90 U - - >
          1.38629  1.38629  1.38629  1.38629
          0.05574  3.60801  3.60801  1.46634  0.26236  1.09861  0.40547
     91   1.96504  2.47142  0.38213  2.37538     91 G - - >
          1.38629  1.38629  1.38629  1.38629
          0.05574  3.60801  3.60801  1.46634  0.26236  1.09861  0.40547
     92   2.31641  1.61390  1.95309  0.57905     92 U - - >
          1.38629  1.38629  1.38629  1.38629
          0.05574  3.60801  3.60801  1.46634  0.26236  1.09861  0.40547
     93   0.66328  2.23594  1.34064  2.15181     93 A - - >
          1.38629  1.38629  1.38629  1.38629
          0.05574  3.60801  3.60801  1.46634  0.26236  1.09861  0.40547
     94   0.66371  2.23505  1.34082  2.15035     94 A - - >
          1.38629  1.38629  1.38629  1.38629
          0.05574  3.60801  3.60801  1.46634  0.26236  1.09861  0.40547
     95   2.76038  0.35519  2.42114  1.91820     95 C - - >
          1.38629  1.38629  1.38629  1.38629
          0.05574  3.60801  3.60801  1.46634  0.26236  1.09861  0.40547
     96   1.96895  2.47523  0.38010  2.38099     96 G - - >
          1.38629  1.38629  1.38629  1.38629
          0.05574  3.60801  3.60801  1.46634  0.26236  1.09861  0.40547
     97   2.32909  1.61369  1.95611  0.57615     97 U - - >
          1.38629  1.38629  1.38629  1.38629
          0.05574  3.60801  3.60801  1.46634  0.26236  1.09861  0.40547
     98   2.78371  0.35111  2.42943  1.92280     98 C - - >
          1.38629  1.38629  1.38629  1.38629
          0.05574  3.60801  3.60801  1.46634  0.26236  1.09861  0.40547
     99   0.90196  2.12465  1.06799  2.03215     99 a - - >
          1.38629  1.38629  1.38629  1.38629
          0.05574  3.60801  3.60801  1.46634  0.26236  1.09861  0.40547
    100   0.30191  2.64314  2.42669  2.29138    100 A - - :
          1.38629  1.38629  1.38629  1.38629
          0.05574  3.60801  3.60801  1.46634  0.26236  1.09861  0.40547
    101   1.07397  2.22769  0.94933  1.81048    101 g - - :
          1.38629  1.38629  1.38629  1.38629
          0.05574  3.60801  3.60801  1.46634  0.26236  1.09861  0.40547
    102   2.13881  0.42569  2.68746  1.82738    102 C - - :
          1.38629  1.38629  1.38629  1.38629
          0.05574  3.60801  3.60801  1.46634  0.26236  1.09861  0.40547
    103   2.13881  0.42569  2.68746  1.82738    103 C - - :
          1.38629  1.38629  1.38629  1.38629
          0.05574  3.60801  3.60801  1.46634  0.26236  1.09861  0.40547
    104   0.30191  2.64314  2.42669  2.29138    104 A - - :
          1.38629  1.38629  1.38629  1.38629
          0.05574  3.60801  3.60801  1.46634  0.26236  1.09861  0.40547
    105   0.30191  2.64314  2.42669  2.29138    105 A - - :
          1.38629  1.38629  1.38629  1.38629
          0.05574  3.60801  3.60801  1.46634  0.26236  1.09861  0.40547
    106   0.30191  2.64314  2.42669  2.29138    106 A - - :
          1.38629  1.38629  1.38629  1.38629
          0.05574  3.60801  3.60801  1.46634  0.26236  1.09861  0.40547
    107   0.30191  2.64314  2.42669  2.29138    107 A - - :
          1.38629  1.38629  1.38629  1.38629
          0.05574  3.60801  3.60801  1.46634  0.26236  1.09861  0.40547
    108   2.06656  2.83915  0.32115  2.41253    108 G - - :
          1.38629  1.38629  1.38629  1.38629
          0.14083  3.60801  2.26087  1.46634  0.26236  1.09861  0.40547
    109   0.36081  2.49227  2.29015  2.12934    109 A - - :
          1.38629  1.38629  1.38629  1.38629
          0.06054  3.52772  3.52772  1.46634  0.26236  1.76583  0.18759
    110   0.36081  2.49227  2.29015  2.12934    110 A - - :
          1.38629  1.38629  1.38629  1.38629
          0.06054  3.52772  3.52772  1.46634  0.26236  1.76583  0.18759
    111   0.36081  2.49227  2.29015  2.12934    111 A - - :
          1.38629  1.38629  1.38629  1.38629
          0.06054  3.52772  3.52772  1.46634  0.26236  1.76583  0.18759
    112   0.36081  2.49227  2.29015  2.12934    112 A - - :
          1.38629  1.38629  1.38629  1.38629
          0.06054  3.52772  3.52772  1.46634  0.26236  1.76583  0.18759
    113   0.36081  2.49227  2.29015  2.12934    113 A - - :
          1.38629  1.38629  1.38629  1.38629
          0.06054  3.52772  3.52772  1.46634  0.26236  1.76583  0.18759
    114   0.36081  2.49227  2.29015  2.12934    114 A - - :
          1.38629  1.38629  1.38629  1.38629
          0.06054  3.52772  3.52772  1.46634  0.26236  1.76583  0.18759
    115   1.93728  2.02654  2.41226  0.45492    115 U - - :
          1.38629  1.38629  1.38629  1.38629
          0.06054  3.52772  3.52772  1.46634  0.26236  1.76583  0.18759
    116   0.36081  2.49227  2.29015  2.12934    116 A - - :
          1.38629  1.38629  1.38629  1.38629
          0.06054  3.52772  3.52772  1.46634  0.26236  1.76583  0.18759
    117   1.90443  2.64355  0.39869  2.21836    117 G - - :
          1.38629  1.38629  1.38629  1.38629
          0.03073  3.49791        *  1.46634  0.26236  0.00000        *
//
