INFERNAL1/a [1.1.2 | July 2016]
NAME     t_pro_bsrg_sr4_round5_0001
STATES   346
NODES    81
CLEN     114
W        131
ALPH     RNA
RF       no
CONS     yes
MAP      yes
DATE     Mon Dec 16 19:02:54 2019
COM      [1] cmbuild /home/co78wid/projects/master/results/ta_systems/bsrg_sr4/2_structure_analysis/infernal_search/t_pro_bsrg_sr4_cmbuild.txt /home/co78wid/projects/master/results/ta_systems/bsrg_sr4/1_sequence_analysis/fold/t_pro_bsrg_sr4_round5.stk
COM      [2] cmcalibrate /home/co78wid/projects/master/results/ta_systems/bsrg_sr4/2_structure_analysis/infernal_search/t_pro_bsrg_sr4_cmbuild.txt
PBEGIN   0.05
PEND     0.05
WBETA    1e-07
QDBBETA1 1e-07
QDBBETA2 1e-15
N2OMEGA  1.52588e-05
N3OMEGA  1.52588e-05
ELSELF   -0.08926734
NSEQ     5
EFFN     0.766602
CKSUM    1863489313
NULL     0.000  0.000  0.000  0.000 
EFP7GF   -5.4879 0.71838
ECMLC    0.57028    -6.41049     3.44031     1600000      330308  0.003633
ECMGC    0.38390   -14.30187    -2.85249     1600000       32433  0.012333
ECMLI    0.53037    -4.60629     5.34495     1600000      235128  0.005104
ECMGI    0.43162    -7.47101     2.50877     1600000       29701  0.013468
CM
                                             [ ROOT    0 ]      -      - - - - -
     S     0    -1 0     1     4     1     1   131   152  -6.370  -6.577  -0.080  -4.991                 
    IL     1     1 2     1     4     8    53   135   156  -1.686  -2.369  -1.117  -4.855                  0.000  0.000  0.000  0.000 
    IR     2     2 3     2     3     8    53   134   155  -1.442  -0.798  -4.142                          0.000  0.000  0.000  0.000 
                                             [ MATL    1 ]      1      - A - - -
    ML     3     2 3     5     3     7    52   131   152  -7.868  -0.103  -3.953                          1.364 -1.359 -1.088 -0.822 
     D     4     2 3     5     3     4    49   130   151  -5.620  -0.734  -1.403                         
    IL     5     5 3     5     3     7    52   132   153  -1.925  -0.554  -4.164                          0.000  0.000  0.000  0.000 
                                             [ MATR    2 ]      -    114 - A - -
    MR     6     5 3     8     3     8    51   130   151  -7.792  -0.028  -6.110                          1.277 -1.213 -0.952 -0.670 
     D     7     5 3     8     3     3    47   129   149  -6.771  -1.949  -0.450                         
    IR     8     8 3     8     3     7    51   131   152  -1.925  -0.554  -4.164                          0.000  0.000  0.000  0.000 
                                             [ MATR    3 ]      -    113 - A - -
    MR     9     8 3    11     3     8    50   129   150  -7.792  -0.028  -6.110                          1.277 -1.213 -0.952 -0.670 
     D    10     8 3    11     3     3    46   128   148  -6.771  -1.949  -0.450                         
    IR    11    11 3    11     3     7    50   130   151  -1.925  -0.554  -4.164                          0.000  0.000  0.000  0.000 
                                             [ MATR    4 ]      -    112 - A - -
    MR    12    11 3    14     3     7    49   128   149  -7.792  -0.028  -6.110                          1.277 -1.213 -0.952 -0.670 
     D    13    11 3    14     3     2    45   127   147  -6.771  -1.949  -0.450                         
    IR    14    14 3    14     3     6    49   129   150  -1.925  -0.554  -4.164                          0.000  0.000  0.000  0.000 
                                             [ MATR    5 ]      -    111 - A - -
    MR    15    14 3    17     3     7    49   127   148  -7.792  -0.028  -6.110                          1.277 -1.213 -0.952 -0.670 
     D    16    14 3    17     3     2    44   126   146  -6.771  -1.949  -0.450                         
    IR    17    17 3    17     3     6    48   128   149  -1.925  -0.554  -4.164                          0.000  0.000  0.000  0.000 
                                             [ MATR    6 ]      -    110 - A - -
    MR    18    17 3    20     3     6    48   126   147  -7.792  -0.028  -6.110                          1.277 -1.213 -0.952 -0.670 
     D    19    17 3    20     3     2    44   125   145  -6.771  -1.949  -0.450                         
    IR    20    20 3    20     3     5    48   127   148  -1.925  -0.554  -4.164                          0.000  0.000  0.000  0.000 
                                             [ MATR    7 ]      -    109 - A - -
    MR    21    20 3    23     3     5    47   125   146  -7.792  -0.028  -6.110                          1.277 -1.213 -0.952 -0.670 
     D    22    20 3    23     3     1    43   124   144  -6.771  -1.026  -1.001                         
    IR    23    23 3    23     3     4    47   126   147  -1.925  -0.554  -4.164                          0.000  0.000  0.000  0.000 
                                             [ MATR    8 ]      -    108 - G - -
    MR    24    23 3    26     3     5    46   124   145  -7.868  -0.026  -6.185                         -0.498 -1.508  1.266 -0.901 
     D    25    23 3    26     3     1    42   123   143  -6.390  -1.568  -0.620                         
    IR    26    26 3    26     3     4    46   125   146  -1.925  -0.554  -4.164                          0.000  0.000  0.000  0.000 
                                             [ MATR    9 ]      -    107 - A - -
    MR    27    26 3    29     3     5    45   123   144  -7.868  -0.026  -6.185                          1.364 -1.359 -1.088 -0.822 
     D    28    26 3    29     3     0    41   122   142  -6.390  -1.568  -0.620                         
    IR    29    29 3    29     3     3    45   124   145  -1.925  -0.554  -4.164                          0.000  0.000  0.000  0.000 
                                             [ MATR   10 ]      -    106 - A - -
    MR    30    29 3    32     3     4    44   122   143  -7.868  -0.026  -6.185                          1.364 -1.359 -1.088 -0.822 
     D    31    29 3    32     3     0    40   121   141  -6.390  -1.568  -0.620                         
    IR    32    32 3    32     3     3    44   123   144  -1.925  -0.554  -4.164                          0.000  0.000  0.000  0.000 
                                             [ MATR   11 ]      -    105 - A - -
    MR    33    32 3    35     3     4    43   121   142  -7.868  -0.026  -6.185                          1.364 -1.359 -1.088 -0.822 
     D    34    32 3    35     3     0    38   120   140  -6.390  -1.568  -0.620                         
    IR    35    35 3    35     3     3    43   122   143  -1.925  -0.554  -4.164                          0.000  0.000  0.000  0.000 
                                             [ MATR   12 ]      -    104 - A - -
    MR    36    35 3    38     3     3    42   120   141  -7.868  -0.026  -6.185                          1.364 -1.359 -1.088 -0.822 
     D    37    35 3    38     3     0    37   119   139  -6.390  -1.568  -0.620                         
    IR    38    38 3    38     3     2    42   121   142  -1.925  -0.554  -4.164                          0.000  0.000  0.000  0.000 
                                             [ MATR   13 ]      -    103 - C - -
    MR    39    38 3    41     3     3    42   119   140  -7.868  -0.026  -6.185                         -0.593  1.075 -1.346 -0.255 
     D    40    38 3    41     3     0    36   118   138  -6.390  -1.568  -0.620                         
    IR    41    41 3    41     3     2    41   120   141  -1.925  -0.554  -4.164                          0.000  0.000  0.000  0.000 
                                             [ MATR   14 ]      -    102 - C - -
    MR    42    41 3    44     3     3    41   118   139  -7.868  -0.026  -6.185                         -0.593  1.075 -1.346 -0.255 
     D    43    41 3    44     3     0    35   117   137  -6.390  -1.568  -0.620                         
    IR    44    44 3    44     3     2    40   119   140  -1.925  -0.554  -4.164                          0.000  0.000  0.000  0.000 
                                             [ MATR   15 ]      -    101 - g - -
    MR    45    44 3    47     3     2    40   117   138  -7.868  -0.026  -6.185                          0.436 -1.013  0.485 -0.411 
     D    46    44 3    47     3     0    34   116   136  -6.390  -1.568  -0.620                         
    IR    47    47 3    47     3     1    39   118   139  -1.925  -0.554  -4.164                          0.000  0.000  0.000  0.000 
                                             [ MATR   16 ]      -    100 - A - -
    MR    48    47 3    50     5     2    39   116   137  -6.644  -0.054  -6.460  -6.672  -7.563          1.364 -1.359 -1.088 -0.822 
     D    49    47 3    50     5     0    33   115   136  -5.352  -0.707  -2.978  -4.409  -2.404         
    IR    50    50 3    50     5     1    38   117   137  -2.408  -0.496  -5.920  -4.087  -5.193          0.000  0.000  0.000  0.000 
                                             [ MATP   17 ]      2     99 u a - -
    MP    51    50 3    55     6     3    39   115   136  -8.913  -8.852  -0.024  -7.629  -7.909  -8.304 -3.147 -3.011 -3.096  0.586 -2.277 -3.728  2.001 -2.910 -3.132  0.996 -3.552 -1.031  2.387 -3.308  0.555 -2.040 
    ML    52    50 3    55     6     1    34   114   134  -6.250  -6.596  -1.310  -1.005  -6.446  -3.975  0.368 -0.385 -0.191  0.094 
    MR    53    50 3    55     6     1    33   114   134  -6.988  -5.717  -1.625  -5.695  -0.829  -3.908  0.368 -0.385 -0.191  0.094 
     D    54    50 3    55     6     0    29   111   132  -9.049  -7.747  -3.544  -4.226  -4.244  -0.319 
    IL    55    55 5    55     6     1    36   115   136  -2.579  -2.842  -0.760  -4.497  -5.274  -4.934  0.000  0.000  0.000  0.000 
    IR    56    56 6    56     5     1    36   115   135  -2.408  -0.496  -5.920  -4.087  -5.193          0.000  0.000  0.000  0.000 
                                             [ MATP   18 ]      3     98 G C - -
    MP    57    56 6    61     6     3    37   113   134  -8.913  -8.852  -0.024  -7.629  -7.909  -8.304 -3.746 -2.631 -3.801  0.822 -3.830 -4.256  0.583 -3.931 -3.600  3.259 -4.017 -0.317  0.157 -3.797 -1.413 -2.692 
    ML    58    56 6    61     6     1    33   112   133  -6.250  -6.596  -1.310  -1.005  -6.446  -3.975  0.368 -0.385 -0.191  0.094 
    MR    59    56 6    61     6     1    32   112   132  -6.988  -5.717  -1.625  -5.695  -0.829  -3.908  0.368 -0.385 -0.191  0.094 
     D    60    56 6    61     6     0    28   110   130  -9.049  -7.747  -3.544  -4.226  -4.244  -0.319 
    IL    61    61 5    61     6     1    35   113   134  -2.579  -2.842  -0.760  -4.497  -5.274  -4.934  0.000  0.000  0.000  0.000 
    IR    62    62 6    62     5     1    35   113   133  -2.408  -0.496  -5.920  -4.087  -5.193          0.000  0.000  0.000  0.000 
                                             [ MATP   19 ]      4     97 a u - -
    MP    63    62 6    67     6     3    35   111   132  -8.913  -8.852  -0.024  -7.629  -7.909  -8.304 -3.132 -2.353 -3.181  2.561 -3.174 -4.214  1.100 -3.242 -3.109  1.838 -3.618  0.037  0.665 -3.518 -0.853 -2.063 
    ML    64    62 6    67     6     1    32   110   131  -6.250  -6.596  -1.310  -1.005  -6.446  -3.975  0.368 -0.385 -0.191  0.094 
    MR    65    62 6    67     6     1    30   110   131  -6.988  -5.717  -1.625  -5.695  -0.829  -3.908  0.368 -0.385 -0.191  0.094 
     D    66    62 6    67     6     0    28   108   129  -9.049  -7.747  -3.544  -4.226  -4.244  -0.319 
    IL    67    67 5    67     6     1    33   111   132  -2.579  -2.842  -0.760  -4.497  -5.274  -4.934  0.000  0.000  0.000  0.000 
    IR    68    68 6    68     5     1    33   111   131  -2.408  -0.496  -5.920  -4.087  -5.193          0.000  0.000  0.000  0.000 
                                             [ MATP   20 ]      5     96 C G - -
    MP    69    68 6    73     4     2    33   109   130  -6.370  -6.577  -0.080  -4.991                 -3.610 -3.391 -3.442  0.265 -2.416 -3.970  3.088 -3.118 -3.475  0.726 -3.820 -1.322  1.171 -3.729 -0.114 -2.352 
    ML    70    68 6    73     4     1    31   109   130  -3.758  -3.940  -0.507  -2.670                  0.368 -0.385 -0.191  0.094 
    MR    71    68 6    73     4     1    29   109   130  -4.809  -3.838  -1.706  -0.766                  0.368 -0.385 -0.191  0.094 
     D    72    68 6    73     4     0    27   108   129  -4.568  -4.250  -2.265  -0.520                 
    IL    73    73 5    73     4     1    33   111   131  -1.686  -2.369  -1.117  -4.855                  0.000  0.000  0.000  0.000 
    IR    74    74 6    74     3     1    32   110   130  -1.442  -0.798  -4.142                          0.000  0.000  0.000  0.000 
                                             [ MATL   21 ]      6      - U - - -
    ML    75    74 6    77     5     1    32   107   127  -6.644  -0.054  -6.460  -6.672  -7.563         -0.589 -0.766 -1.254  1.219 
     D    76    74 6    77     5     0    26   106   126  -4.959  -0.803  -4.221  -2.596  -2.508         
    IL    77    77 3    77     5     1    31   107   128  -2.408  -0.496  -4.087  -5.920  -5.193          0.000  0.000  0.000  0.000 
                                             [ MATP   22 ]      7     95 G C - -
    MP    78    77 3    82     6     2    32   106   126  -8.913  -8.852  -0.024  -7.629  -7.909  -8.304 -3.746 -2.631 -3.801  0.822 -3.830 -4.256  0.583 -3.931 -3.600  3.259 -4.017 -0.317  0.157 -3.797 -1.413 -2.692 
    ML    79    77 3    82     6     1    28   105   125  -6.250  -6.596  -1.310  -1.005  -6.446  -3.975  0.368 -0.385 -0.191  0.094 
    MR    80    77 3    82     6     1    26   105   125  -6.988  -5.717  -1.625  -5.695  -0.829  -3.908  0.368 -0.385 -0.191  0.094 
     D    81    77 3    82     6     0    22   102   123  -9.049  -7.747  -3.544  -4.226  -4.244  -0.319 
    IL    82    82 5    82     6     1    29   106   126  -2.579  -2.842  -0.760  -4.497  -5.274  -4.934  0.000  0.000  0.000  0.000 
    IR    83    83 6    83     5     1    29   105   126  -2.408  -0.496  -5.920  -4.087  -5.193          0.000  0.000  0.000  0.000 
                                             [ MATP   23 ]      8     94 u a - -
    MP    84    83 6    88     6     2    30   104   124  -8.913  -8.852  -0.024  -7.629  -7.909  -8.304 -3.340 -3.087 -3.257  0.540 -2.412 -3.887  1.889 -3.033 -3.276  1.009 -3.683 -0.995  2.635 -3.508 -0.109 -2.167 
    ML    85    83 6    88     6     1    26   103   124  -6.250  -6.596  -1.310  -1.005  -6.446  -3.975  0.368 -0.385 -0.191  0.094 
    MR    86    83 6    88     6     1    25   103   123  -6.988  -5.717  -1.625  -5.695  -0.829  -3.908  0.368 -0.385 -0.191  0.094 
     D    87    83 6    88     6     0    22   101   122  -9.049  -7.747  -3.544  -4.226  -4.244  -0.319 
    IL    88    88 5    88     6     1    28   104   124  -2.579  -2.842  -0.760  -4.497  -5.274  -4.934  0.000  0.000  0.000  0.000 
    IR    89    89 6    89     5     1    28   103   124  -2.408  -0.496  -5.920  -4.087  -5.193          0.000  0.000  0.000  0.000 
                                             [ MATP   24 ]      9     93 u a - -
    MP    90    89 6    94     4     2    28   102   122  -6.370  -6.577  -0.080  -4.991                 -3.340 -3.087 -3.257  0.540 -2.412 -3.887  1.889 -3.033 -3.276  1.009 -3.683 -0.995  2.635 -3.508 -0.109 -2.167 
    ML    91    89 6    94     4     1    25   102   123  -3.758  -3.940  -0.507  -2.670                  0.368 -0.385 -0.191  0.094 
    MR    92    89 6    94     4     1    23   102   122  -4.809  -3.838  -1.706  -0.766                  0.368 -0.385 -0.191  0.094 
     D    93    89 6    94     4     0    21   101   121  -4.568  -4.250  -2.265  -0.520                 
    IL    94    94 5    94     4     1    27   103   124  -1.686  -2.369  -1.117  -4.855                  0.000  0.000  0.000  0.000 
    IR    95    95 6    95     3     1    27   103   123  -1.442  -0.798  -4.142                          0.000  0.000  0.000  0.000 
                                             [ MATL   25 ]     10      - U - - -
    ML    96    95 6    98     5     1    26   100   120  -6.644  -0.054  -6.460  -6.672  -7.563         -0.589 -0.766 -1.254  1.219 
     D    97    95 6    98     5     0    20    98   119  -4.959  -0.803  -4.221  -2.596  -2.508         
    IL    98    98 3    98     5     1    25   100   120  -2.408  -0.496  -4.087  -5.920  -5.193          0.000  0.000  0.000  0.000 
                                             [ MATP   26 ]     11     92 a u - -
    MP    99    98 3   103     6     2    26    99   119  -8.913  -8.852  -0.024  -7.629  -7.909  -8.304 -3.132 -2.353 -3.181  2.561 -3.174 -4.214  1.100 -3.242 -3.109  1.838 -3.618  0.037  0.665 -3.518 -0.853 -2.063 
    ML   100    98 3   103     6     1    22    98   118  -6.250  -6.596  -1.310  -1.005  -6.446  -3.975  0.368 -0.385 -0.191  0.094 
    MR   101    98 3   103     6     1    20    98   118  -6.988  -5.717  -1.625  -5.695  -0.829  -3.908  0.368 -0.385 -0.191  0.094 
     D   102    98 3   103     6     0    17    96   116  -9.049  -7.747  -3.544  -4.226  -4.244  -0.319 
    IL   103   103 5   103     6     1    23    98   119  -2.579  -2.842  -0.760  -4.497  -5.274  -4.934  0.000  0.000  0.000  0.000 
    IR   104   104 6   104     5     1    23    98   118  -2.408  -0.496  -5.920  -4.087  -5.193          0.000  0.000  0.000  0.000 
                                             [ MATP   27 ]     12     91 C G - -
    MP   105   104 6   109     4     2    24    97   117  -6.370  -6.577  -0.080  -4.991                 -3.610 -3.391 -3.442  0.265 -2.416 -3.970  3.088 -3.118 -3.475  0.726 -3.820 -1.322  1.171 -3.729 -0.114 -2.352 
    ML   106   104 6   109     4     1    21    97   117  -3.758  -3.940  -0.507  -2.670                  0.368 -0.385 -0.191  0.094 
    MR   107   104 6   109     4     1    18    96   117  -4.809  -3.838  -1.706  -0.766                  0.368 -0.385 -0.191  0.094 
     D   108   104 6   109     4     0    16    95   116  -4.568  -4.250  -2.265  -0.520                 
    IL   109   109 5   109     4     1    23    98   118  -1.686  -2.369  -1.117  -4.855                  0.000  0.000  0.000  0.000 
    IR   110   110 6   110     3     1    22    97   117  -1.442  -0.798  -4.142                          0.000  0.000  0.000  0.000 
                                             [ MATL   28 ]     13      - G - - -
    ML   111   110 6   113     5     1    24    94   114  -6.644  -0.054  -6.460  -6.672  -7.563         -0.498 -1.508  1.266 -0.901 
     D   112   110 6   113     5     0    15    93   113  -4.959  -0.803  -4.221  -2.596  -2.508         
    IL   113   113 3   113     5     1    20    95   115  -2.408  -0.496  -4.087  -5.920  -5.193          0.000  0.000  0.000  0.000 
                                             [ MATP   29 ]     14     90 a u - -
    MP   114   113 3   118     6     2    25    93   113  -8.913  -8.852  -0.024  -7.629  -7.909  -8.304 -3.132 -2.353 -3.181  2.561 -3.174 -4.214  1.100 -3.242 -3.109  1.838 -3.618  0.037  0.665 -3.518 -0.853 -2.063 
    ML   115   113 3   118     6     1    17    92   112  -6.250  -6.596  -1.310  -1.005  -6.446  -3.975  0.368 -0.385 -0.191  0.094 
    MR   116   113 3   118     6     1    17    92   112  -6.988  -5.717  -1.625  -5.695  -0.829  -3.908  0.368 -0.385 -0.191  0.094 
     D   117   113 3   118     6     0    11    89   109  -9.049  -7.747  -3.544  -4.226  -4.244  -0.319 
    IL   118   118 5   118     6     1    19    93   113  -2.579  -2.842  -0.760  -4.497  -5.274  -4.934  0.000  0.000  0.000  0.000 
    IR   119   119 6   119     5     1    20    93   113  -2.408  -0.496  -5.920  -4.087  -5.193          0.000  0.000  0.000  0.000 
                                             [ MATP   30 ]     15     89 a u - -
    MP   120   119 6   124     6     2    24    91   111  -8.913  -8.852  -0.024  -7.629  -7.909  -8.304 -3.132 -2.353 -3.181  2.561 -3.174 -4.214  1.100 -3.242 -3.109  1.838 -3.618  0.037  0.665 -3.518 -0.853 -2.063 
    ML   121   119 6   124     6     1    17    90   110  -6.250  -6.596  -1.310  -1.005  -6.446  -3.975  0.368 -0.385 -0.191  0.094 
    MR   122   119 6   124     6     1    16    90   110  -6.988  -5.717  -1.625  -5.695  -0.829  -3.908  0.368 -0.385 -0.191  0.094 
     D   123   119 6   124     6     0    11    87   107  -9.049  -7.747  -3.544  -4.226  -4.244  -0.319 
    IL   124   124 5   124     6     1    19    91   111  -2.579  -2.842  -0.760  -4.497  -5.274  -4.934  0.000  0.000  0.000  0.000 
    IR   125   125 6   125     5     1    19    91   111  -2.408  -0.496  -5.920  -4.087  -5.193          0.000  0.000  0.000  0.000 
                                             [ MATP   31 ]     16     88 u a - -
    MP   126   125 6   130     6     2    22    89   109  -8.913  -8.852  -0.024  -7.629  -7.909  -8.304 -2.522 -2.416 -2.625  0.929 -2.313 -3.397  1.670 -2.760 -2.680  1.415 -3.185 -0.588  2.251 -1.322 -0.184 -1.700 
    ML   127   125 6   130     6     1    16    88   108  -6.250  -6.596  -1.310  -1.005  -6.446  -3.975  0.368 -0.385 -0.191  0.094 
    MR   128   125 6   130     6     1    16    88   108  -6.988  -5.717  -1.625  -5.695  -0.829  -3.908  0.368 -0.385 -0.191  0.094 
     D   129   125 6   130     6     0    10    85   105  -9.049  -7.747  -3.544  -4.226  -4.244  -0.319 
    IL   130   130 5   130     6     1    18    89   109  -2.579  -2.842  -0.760  -4.497  -5.274  -4.934  0.000  0.000  0.000  0.000 
    IR   131   131 6   131     5     1    18    89   109  -2.408  -0.496  -5.920  -4.087  -5.193          0.000  0.000  0.000  0.000 
                                             [ MATP   32 ]     17     87 C G - -
    MP   132   131 6   136     6     2    21    87   107  -8.913  -8.852  -0.024  -7.629  -7.909  -8.304 -3.610 -3.391 -3.442  0.265 -2.416 -3.970  3.088 -3.118 -3.475  0.726 -3.820 -1.322  1.171 -3.729 -0.114 -2.352 
    ML   133   131 6   136     6     1    15    86   106  -6.250  -6.596  -1.310  -1.005  -6.446  -3.975  0.368 -0.385 -0.191  0.094 
    MR   134   131 6   136     6     1    15    86   106  -6.988  -5.717  -1.625  -5.695  -0.829  -3.908  0.368 -0.385 -0.191  0.094 
     D   135   131 6   136     6     0    10    83   103  -9.049  -7.747  -3.544  -4.226  -4.244  -0.319 
    IL   136   136 5   136     6     1    17    87   107  -2.579  -2.842  -0.760  -4.497  -5.274  -4.934  0.000  0.000  0.000  0.000 
    IR   137   137 6   137     5     1    18    87   107  -2.408  -0.496  -5.920  -4.087  -5.193          0.000  0.000  0.000  0.000 
                                             [ MATP   33 ]     18     86 a u - -
    MP   138   137 6   142     6     2    19    85   105  -8.913  -8.852  -0.024  -7.629  -7.909  -8.304 -3.132 -2.353 -3.181  2.561 -3.174 -4.214  1.100 -3.242 -3.109  1.838 -3.618  0.037  0.665 -3.518 -0.853 -2.063 
    ML   139   137 6   142     6     1    14    84   104  -6.250  -6.596  -1.310  -1.005  -6.446  -3.975  0.368 -0.385 -0.191  0.094 
    MR   140   137 6   142     6     1    14    84   104  -6.988  -5.717  -1.625  -5.695  -0.829  -3.908  0.368 -0.385 -0.191  0.094 
     D   141   137 6   142     6     0     9    81   101  -9.049  -7.747  -3.544  -4.226  -4.244  -0.319 
    IL   142   142 5   142     6     1    16    85   105  -2.579  -2.842  -0.760  -4.497  -5.274  -4.934  0.000  0.000  0.000  0.000 
    IR   143   143 6   143     5     1    17    85   105  -2.408  -0.496  -5.920  -4.087  -5.193          0.000  0.000  0.000  0.000 
                                             [ MATP   34 ]     19     85 u a - -
    MP   144   143 6   148     6     2    18    83   103  -8.913  -8.852  -0.024  -7.629  -7.909  -8.304 -3.340 -3.087 -3.257  0.540 -2.412 -3.887  1.889 -3.033 -3.276  1.009 -3.683 -0.995  2.635 -3.508 -0.109 -2.167 
    ML   145   143 6   148     6     1    13    82   102  -6.250  -6.596  -1.310  -1.005  -6.446  -3.975  0.368 -0.385 -0.191  0.094 
    MR   146   143 6   148     6     1    14    82   102  -6.988  -5.717  -1.625  -5.695  -0.829  -3.908  0.368 -0.385 -0.191  0.094 
     D   147   143 6   148     6     0     9    79    99  -9.049  -7.747  -3.544  -4.226  -4.244  -0.319 
    IL   148   148 5   148     6     1    15    83   103  -2.579  -2.842  -0.760  -4.497  -5.274  -4.934  0.000  0.000  0.000  0.000 
    IR   149   149 6   149     5     1    16    83   103  -2.408  -0.496  -5.920  -4.087  -5.193          0.000  0.000  0.000  0.000 
                                             [ MATP   35 ]     20     84 c g - -
    MP   150   149 6   154     6     2    16    81   101  -8.913  -8.852  -0.024  -7.629  -7.909  -8.304 -3.085 -2.976 -3.021  0.587 -2.172 -3.630  2.079 -2.820 -3.060  0.967 -3.468 -1.033  1.732 -3.247  1.645 -1.984 
    ML   151   149 6   154     6     1    12    80   100  -6.250  -6.596  -1.310  -1.005  -6.446  -3.975  0.368 -0.385 -0.191  0.094 
    MR   152   149 6   154     6     1    13    80   100  -6.988  -5.717  -1.625  -5.695  -0.829  -3.908  0.368 -0.385 -0.191  0.094 
     D   153   149 6   154     6     0     8    78    97  -9.049  -7.747  -3.544  -4.226  -4.244  -0.319 
    IL   154   154 5   154     6     1    14    81   101  -2.579  -2.842  -0.760  -4.497  -5.274  -4.934  0.000  0.000  0.000  0.000 
    IR   155   155 6   155     5     1    14    81   101  -2.408  -0.496  -5.920  -4.087  -5.193          0.000  0.000  0.000  0.000 
                                             [ MATP   36 ]     21     83 a u - -
    MP   156   155 6   160     4     2    14    79    99  -6.343  -7.588  -0.118  -4.042                 -3.132 -2.353 -3.181  2.561 -3.174 -4.214  1.100 -3.242 -3.109  1.838 -3.618  0.037  0.665 -3.518 -0.853 -2.063 
    ML   157   155 6   160     4     1    10    79    99  -2.408  -4.532  -1.293  -1.473                  0.368 -0.385 -0.191  0.094 
    MR   158   155 6   160     4     1    12    78    98  -4.102 -12.528  -0.390  -2.485                  0.368 -0.385 -0.191  0.094 
     D   159   155 6   160     4     0     8    76    96 -12.737 -14.007  -2.036  -0.404                 
    IL   160   160 5   160     4     1    12    79    99  -2.817  -4.319  -0.613  -2.698                  0.000  0.000  0.000  0.000 
    IR   161   161 6   161     3     1    13    79    99  -1.925  -0.554  -4.164                          0.000  0.000  0.000  0.000 
                                             [ MATR   37 ]      -     82 - A - -
    MR   162   161 6   164     3     1    13    77    97  -7.868  -0.026  -6.185                          1.364 -1.359 -1.088 -0.822 
     D   163   161 6   164     3     0     7    76    96  -6.390  -1.568  -0.620                         
    IR   164   164 3   164     3     1    12    78    98  -1.925  -0.554  -4.164                          0.000  0.000  0.000  0.000 
                                             [ MATR   38 ]      -     81 - A - -
    MR   165   164 3   167     5     1    13    76    96  -6.644  -0.054  -6.460  -6.672  -7.563          1.364 -1.359 -1.088 -0.822 
     D   166   164 3   167     5     0     6    75    95  -5.352  -0.707  -2.978  -4.409  -2.404         
    IR   167   167 3   167     5     1    11    77    96  -2.408  -0.496  -5.920  -4.087  -5.193          0.000  0.000  0.000  0.000 
                                             [ MATP   39 ]     22     80 a u - -
    MP   168   167 3   172     6     2    12    75    95  -8.913  -8.852  -0.024  -7.629  -7.909  -8.304 -3.132 -2.353 -3.181  2.561 -3.174 -4.214  1.100 -3.242 -3.109  1.838 -3.618  0.037  0.665 -3.518 -0.853 -2.063 
    ML   169   167 3   172     6     1     8    74    94  -6.250  -6.596  -1.310  -1.005  -6.446  -3.975  0.368 -0.385 -0.191  0.094 
    MR   170   167 3   172     6     1     7    74    94  -6.988  -5.717  -1.625  -5.695  -0.829  -3.908  0.368 -0.385 -0.191  0.094 
     D   171   167 3   172     6     0     3    72    91  -9.049  -7.747  -3.544  -4.226  -4.244  -0.319 
    IL   172   172 5   172     6     1     9    75    95  -2.579  -2.842  -0.760  -4.497  -5.274  -4.934  0.000  0.000  0.000  0.000 
    IR   173   173 6   173     5     1    10    75    94  -2.408  -0.496  -5.920  -4.087  -5.193          0.000  0.000  0.000  0.000 
                                             [ MATP   40 ]     23     79 u a - -
    MP   174   173 6   178     6     2    11    73    93  -8.913  -8.852  -0.024  -7.629  -7.909  -8.304 -3.340 -3.087 -3.257  0.540 -2.412 -3.887  1.889 -3.033 -3.276  1.009 -3.683 -0.995  2.635 -3.508 -0.109 -2.167 
    ML   175   173 6   178     6     1     7    72    92  -6.250  -6.596  -1.310  -1.005  -6.446  -3.975  0.368 -0.385 -0.191  0.094 
    MR   176   173 6   178     6     1     6    72    92  -6.988  -5.717  -1.625  -5.695  -0.829  -3.908  0.368 -0.385 -0.191  0.094 
     D   177   173 6   178     6     0     3    70    90  -9.049  -7.747  -3.544  -4.226  -4.244  -0.319 
    IL   178   178 5   178     6     1     8    73    93  -2.579  -2.842  -0.760  -4.497  -5.274  -4.934  0.000  0.000  0.000  0.000 
    IR   179   179 6   179     5     1     8    73    93  -2.408  -0.496  -5.920  -4.087  -5.193          0.000  0.000  0.000  0.000 
                                             [ MATP   41 ]     24     78 g c - -
    MP   180   179 6   184     4     2     9    71    91  -6.370  -6.577  -0.080  -4.991                 -3.056 -2.121 -3.166  1.403 -3.408 -4.206  0.868 -3.274 -3.014  2.101 -3.515  2.031  0.503 -3.496 -1.068 -2.013 
    ML   181   179 6   184     4     1     6    71    91  -3.758  -3.940  -0.507  -2.670                  0.368 -0.385 -0.191  0.094 
    MR   182   179 6   184     4     1     4    71    91  -4.809  -3.838  -1.706  -0.766                  0.368 -0.385 -0.191  0.094 
     D   183   179 6   184     4     0     3    70    90  -4.568  -4.250  -2.265  -0.520                 
    IL   184   184 5   184     4     1     8    73    93  -1.686  -2.369  -1.117  -4.855                  0.000  0.000  0.000  0.000 
    IR   185   185 6   185     3     1     7    72    92  -1.442  -0.798  -4.142                          0.000  0.000  0.000  0.000 
                                             [ MATL   42 ]     25      - a - - -
    ML   186   185 6   188     3     1     7    69    88  -7.436  -0.030  -6.090                          0.995 -1.037 -0.326 -0.470 
     D   187   185 6   188     3     0     2    67    87  -6.174  -1.687  -0.566                         
    IL   188   188 3   188     3     1     7    71    91  -1.442  -0.798  -4.142                          0.000  0.000  0.000  0.000 
                                             [ MATL   43 ]     26      - U - - -
    ML   189   188 3   191     3     1     7    68    87  -7.436  -0.030  -6.090                         -0.589 -0.766 -1.254  1.219 
     D   190   188 3   191     3     0     2    66    86  -6.174  -1.687  -0.566                         
    IL   191   191 3   191     3     1     6    70    90  -1.442  -0.798  -4.142                          0.000  0.000  0.000  0.000 
                                             [ MATL   44 ]     27      - A - - -
    ML   192   191 3   194     3     1     6    67    86  -7.436  -0.030  -6.090                          1.364 -1.359 -1.088 -0.822 
     D   193   191 3   194     3     0     1    65    85  -6.174  -1.687  -0.566                         
    IL   194   194 3   194     3     1     5    69    88  -1.442  -0.798  -4.142                          0.000  0.000  0.000  0.000 
                                             [ MATL   45 ]     28      - A - - -
    ML   195   194 3   197     3     1     5    66    85  -7.436  -0.030  -6.090                          1.364 -1.359 -1.088 -0.822 
     D   196   194 3   197     3     0     1    64    84  -6.174  -1.687  -0.566                         
    IL   197   197 3   197     3     1     5    68    87  -1.442  -0.798  -4.142                          0.000  0.000  0.000  0.000 
                                             [ MATL   46 ]     29      - U - - -
    ML   198   197 3   200     3     1     4    64    84  -7.868  -0.026  -6.185                         -0.589 -0.766 -1.254  1.219 
     D   199   197 3   200     3     0     0    63    83  -5.620  -0.734  -1.403                         
    IL   200   200 3   200     3     1     3    65    85  -1.925  -0.554  -4.164                          0.000  0.000  0.000  0.000 
                                             [ MATR   47 ]      -     77 - A - -
    MR   201   200 3   203     3     1     4    63    83  -7.868  -0.026  -6.185                          1.364 -1.359 -1.088 -0.822 
     D   202   200 3   203     3     0     0    62    81  -6.390  -1.568  -0.620                         
    IR   203   203 3   203     3     1     3    64    84  -1.925  -0.554  -4.164                          0.000  0.000  0.000  0.000 
                                             [ MATR   48 ]      -     76 - A - -
    MR   204   203 3   206     3     1     3    62    82  -7.868  -0.026  -6.185                          1.364 -1.359 -1.088 -0.822 
     D   205   203 3   206     3     0     0    61    80  -6.390  -1.568  -0.620                         
    IR   206   206 3   206     3     1     2    63    83  -1.925  -0.554  -4.164                          0.000  0.000  0.000  0.000 
                                             [ MATR   49 ]      -     75 - c - -
    MR   207   206 3   209     3     1     3    61    81  -7.868  -0.026  -6.185                         -0.375  0.665 -1.117  0.241 
     D   208   206 3   209     3     0     0    60    79  -6.390  -1.568  -0.620                         
    IR   209   209 3   209     3     1     2    62    82  -1.925  -0.554  -4.164                          0.000  0.000  0.000  0.000 
                                             [ MATR   50 ]      -     74 - U - -
    MR   210   209 3   212     3     1     2    60    80  -7.868  -0.026  -6.185                         -0.589 -0.766 -1.254  1.219 
     D   211   209 3   212     3     0     0    59    78  -6.390  -1.568  -0.620                         
    IR   212   212 3   212     3     1     1    61    81  -1.925  -0.554  -4.164                          0.000  0.000  0.000  0.000 
                                             [ MATR   51 ]      -     73 - U - -
    MR   213   212 3   215     5     1     2    59    79  -6.644  -0.054  -6.460  -6.672  -7.563         -0.589 -0.766 -1.254  1.219 
     D   214   212 3   215     5     0     0    58    78  -5.352  -0.707  -2.978  -4.409  -2.404         
    IR   215   215 3   215     5     1     1    60    79  -2.408  -0.496  -5.920  -4.087  -5.193          0.000  0.000  0.000  0.000 
                                             [ MATP   52 ]     30     72 G C - -
    MP   216   215 3   220     6     2     4    58    78  -8.913  -8.852  -0.024  -7.629  -7.909  -8.304 -3.746 -2.631 -3.801  0.822 -3.830 -4.256  0.583 -3.931 -3.600  3.259 -4.017 -0.317  0.157 -3.797 -1.413 -2.692 
    ML   217   215 3   220     6     1     1    57    76  -6.250  -6.596  -1.310  -1.005  -6.446  -3.975  0.368 -0.385 -0.191  0.094 
    MR   218   215 3   220     6     1     1    57    76  -6.988  -5.717  -1.625  -5.695  -0.829  -3.908  0.368 -0.385 -0.191  0.094 
     D   219   215 3   220     6     0     0    54    74  -9.049  -7.747  -3.544  -4.226  -4.244  -0.319 
    IL   220   220 5   220     6     1     1    58    78  -2.579  -2.842  -0.760  -4.497  -5.274  -4.934  0.000  0.000  0.000  0.000 
    IR   221   221 6   221     5     1     1    58    77  -2.408  -0.496  -5.920  -4.087  -5.193          0.000  0.000  0.000  0.000 
                                             [ MATP   53 ]     31     71 a u - -
    MP   222   221 6   226     6     2     3    56    76  -8.913  -8.852  -0.024  -7.629  -7.909  -8.304 -3.132 -2.353 -3.181  2.561 -3.174 -4.214  1.100 -3.242 -3.109  1.838 -3.618  0.037  0.665 -3.518 -0.853 -2.063 
    ML   223   221 6   226     6     1     1    55    74  -6.250  -6.596  -1.310  -1.005  -6.446  -3.975  0.368 -0.385 -0.191  0.094 
    MR   224   221 6   226     6     1     1    55    74  -6.988  -5.717  -1.625  -5.695  -0.829  -3.908  0.368 -0.385 -0.191  0.094 
     D   225   221 6   226     6     0     0    52    72  -9.049  -7.747  -3.544  -4.226  -4.244  -0.319 
    IL   226   226 5   226     6     1     1    56    76  -2.579  -2.842  -0.760  -4.497  -5.274  -4.934  0.000  0.000  0.000  0.000 
    IR   227   227 6   227     5     1     1    56    75  -2.408  -0.496  -5.920  -4.087  -5.193          0.000  0.000  0.000  0.000 
                                             [ MATP   54 ]     32     70 u a - -
    MP   228   227 6   232     6     2     3    54    74  -8.913  -8.852  -0.024  -7.629  -7.909  -8.304 -3.340 -3.087 -3.257  0.540 -2.412 -3.887  1.889 -3.033 -3.276  1.009 -3.683 -0.995  2.635 -3.508 -0.109 -2.167 
    ML   229   227 6   232     6     1     1    53    72  -6.250  -6.596  -1.310  -1.005  -6.446  -3.975  0.368 -0.385 -0.191  0.094 
    MR   230   227 6   232     6     1     1    53    72  -6.988  -5.717  -1.625  -5.695  -0.829  -3.908  0.368 -0.385 -0.191  0.094 
     D   231   227 6   232     6     0     0    50    70  -9.049  -7.747  -3.544  -4.226  -4.244  -0.319 
    IL   232   232 5   232     6     1     1    54    74  -2.579  -2.842  -0.760  -4.497  -5.274  -4.934  0.000  0.000  0.000  0.000 
    IR   233   233 6   233     5     1     1    54    73  -2.408  -0.496  -5.920  -4.087  -5.193          0.000  0.000  0.000  0.000 
                                             [ MATP   55 ]     33     69 c g - -
    MP   234   233 6   238     6     2     3    52    72  -8.913  -8.852  -0.024  -7.629  -7.909  -8.304 -3.153 -3.141 -3.129  0.387 -0.644 -3.772  2.942 -2.977 -3.168  0.639 -3.595 -1.281  1.263 -3.350 -0.097 -2.122 
    ML   235   233 6   238     6     1     1    51    70  -6.250  -6.596  -1.310  -1.005  -6.446  -3.975  0.368 -0.385 -0.191  0.094 
    MR   236   233 6   238     6     1     1    51    70  -6.988  -5.717  -1.625  -5.695  -0.829  -3.908  0.368 -0.385 -0.191  0.094 
     D   237   233 6   238     6     0     0    48    68  -9.049  -7.747  -3.544  -4.226  -4.244  -0.319 
    IL   238   238 5   238     6     1     1    52    72  -2.579  -2.842  -0.760  -4.497  -5.274  -4.934  0.000  0.000  0.000  0.000 
    IR   239   239 6   239     5     1     1    52    71  -2.408  -0.496  -5.920  -4.087  -5.193          0.000  0.000  0.000  0.000 
                                             [ MATP   56 ]     34     68 a u - -
    MP   240   239 6   244     6     2     3    50    70  -8.913  -8.852  -0.024  -7.629  -7.909  -8.304 -3.132 -2.353 -3.181  2.561 -3.174 -4.214  1.100 -3.242 -3.109  1.838 -3.618  0.037  0.665 -3.518 -0.853 -2.063 
    ML   241   239 6   244     6     1     1    49    69  -6.250  -6.596  -1.310  -1.005  -6.446  -3.975  0.368 -0.385 -0.191  0.094 
    MR   242   239 6   244     6     1     1    49    68  -6.988  -5.717  -1.625  -5.695  -0.829  -3.908  0.368 -0.385 -0.191  0.094 
     D   243   239 6   244     6     0     0    47    66  -9.049  -7.747  -3.544  -4.226  -4.244  -0.319 
    IL   244   244 5   244     6     1     1    50    70  -2.579  -2.842  -0.760  -4.497  -5.274  -4.934  0.000  0.000  0.000  0.000 
    IR   245   245 6   245     5     1     1    50    69  -2.408  -0.496  -5.920  -4.087  -5.193          0.000  0.000  0.000  0.000 
                                             [ MATP   57 ]     35     67 a u - -
    MP   246   245 6   250     6     2     2    48    68  -8.913  -8.852  -0.024  -7.629  -7.909  -8.304 -3.132 -2.353 -3.181  2.561 -3.174 -4.214  1.100 -3.242 -3.109  1.838 -3.618  0.037  0.665 -3.518 -0.853 -2.063 
    ML   247   245 6   250     6     1     1    48    67  -6.250  -6.596  -1.310  -1.005  -6.446  -3.975  0.368 -0.385 -0.191  0.094 
    MR   248   245 6   250     6     1     1    47    67  -6.988  -5.717  -1.625  -5.695  -0.829  -3.908  0.368 -0.385 -0.191  0.094 
     D   249   245 6   250     6     0     0    46    65  -9.049  -7.747  -3.544  -4.226  -4.244  -0.319 
    IL   250   250 5   250     6     1     1    48    68  -2.579  -2.842  -0.760  -4.497  -5.274  -4.934  0.000  0.000  0.000  0.000 
    IR   251   251 6   251     5     1     1    48    67  -2.408  -0.496  -5.920  -4.087  -5.193          0.000  0.000  0.000  0.000 
                                             [ MATP   58 ]     36     66 c g - -
    MP   252   251 6   256     4     2     2    46    66  -6.370  -6.577  -0.080  -4.991                 -3.201 -3.053 -3.094  0.520 -2.180 -3.671  2.077 -2.844 -3.129  0.911 -3.514 -1.068  1.387 -3.355  2.017 -2.046 
    ML   253   251 6   256     4     1     1    47    66  -3.758  -3.940  -0.507  -2.670                  0.368 -0.385 -0.191  0.094 
    MR   254   251 6   256     4     1     1    46    66  -4.809  -3.838  -1.706  -0.766                  0.368 -0.385 -0.191  0.094 
     D   255   251 6   256     4     0     0    45    65  -4.568  -4.250  -2.265  -0.520                 
    IL   256   256 5   256     4     1     1    48    68  -1.686  -2.369  -1.117  -4.855                  0.000  0.000  0.000  0.000 
    IR   257   257 6   257     3     1     1    47    67  -1.442  -0.798  -4.142                          0.000  0.000  0.000  0.000 
                                             [ MATL   59 ]     37      - U - - -
    ML   258   257 6   260     3     1     1    44    63  -7.436  -0.030  -6.090                         -0.589 -0.766 -1.254  1.219 
     D   259   257 6   260     3     0     0    42    62  -6.174  -1.687  -0.566                         
    IL   260   260 3   260     3     1     1    46    65  -1.442  -0.798  -4.142                          0.000  0.000  0.000  0.000 
                                             [ MATL   60 ]     38      - U - - -
    ML   261   260 3   263     3     1     1    43    62  -7.436  -0.030  -6.090                         -0.589 -0.766 -1.254  1.219 
     D   262   260 3   263     3     0     0    41    61  -6.174  -1.687  -0.566                         
    IL   263   263 3   263     3     1     1    45    64  -1.442  -0.798  -4.142                          0.000  0.000  0.000  0.000 
                                             [ MATL   61 ]     39      - U - - -
    ML   264   263 3   266     3     1     1    42    61  -7.868  -0.026  -6.185                         -0.589 -0.766 -1.254  1.219 
     D   265   263 3   266     3     0     0    40    59  -5.620  -0.734  -1.403                         
    IL   266   266 3   266     3     1     1    42    61  -1.925  -0.554  -4.164                          0.000  0.000  0.000  0.000 
                                             [ MATR   62 ]      -     65 - U - -
    MR   267   266 3   269     3     1     1    41    60  -7.868  -0.026  -6.185                         -0.589 -0.766 -1.254  1.219 
     D   268   266 3   269     3     0     0    39    58  -6.390  -1.568  -0.620                         
    IR   269   269 3   269     3     1     1    41    60  -1.925  -0.554  -4.164                          0.000  0.000  0.000  0.000 
                                             [ MATR   63 ]      -     64 - U - -
    MR   270   269 3   272     5     1     1    40    59  -6.644  -0.054  -6.460  -6.672  -7.563         -0.589 -0.766 -1.254  1.219 
     D   271   269 3   272     5     0     0    38    57  -5.352  -0.707  -2.978  -4.409  -2.404         
    IR   272   272 3   272     5     1     1    40    59  -2.408  -0.496  -5.920  -4.087  -5.193          0.000  0.000  0.000  0.000 
                                             [ MATP   64 ]     40     63 G C - -
    MP   273   272 3   277     6     2     2    39    58  -8.913  -8.852  -0.024  -7.629  -7.909  -8.304 -3.415 -2.414 -3.486  1.080 -3.715 -4.157  0.654 -3.703 -3.380  3.051 -3.832  0.434  0.323 -3.550 -1.314 -2.395 
    ML   274   272 3   277     6     1     1    37    56  -6.250  -6.596  -1.310  -1.005  -6.446  -3.975  0.368 -0.385 -0.191  0.094 
    MR   275   272 3   277     6     1     1    37    56  -6.988  -5.717  -1.625  -5.695  -0.829  -3.908  0.368 -0.385 -0.191  0.094 
     D   276   272 3   277     6     0     0    35    54  -9.049  -7.747  -3.544  -4.226  -4.244  -0.319 
    IL   277   277 5   277     6     1     1    38    57  -2.579  -2.842  -0.760  -4.497  -5.274  -4.934  0.000  0.000  0.000  0.000 
    IR   278   278 6   278     5     1     1    38    57  -2.408  -0.496  -5.920  -4.087  -5.193          0.000  0.000  0.000  0.000 
                                             [ MATP   65 ]     41     62 g c - -
    MP   279   278 6   283     6     2     2    37    56  -8.913  -8.852  -0.024  -7.629  -7.909  -8.304 -3.056 -2.121 -3.166  1.403 -3.408 -4.206  0.868 -3.274 -3.014  2.101 -3.515  2.031  0.503 -3.496 -1.068 -2.013 
    ML   280   278 6   283     6     1     1    35    54  -6.250  -6.596  -1.310  -1.005  -6.446  -3.975  0.368 -0.385 -0.191  0.094 
    MR   281   278 6   283     6     1     1    35    54  -6.988  -5.717  -1.625  -5.695  -0.829  -3.908  0.368 -0.385 -0.191  0.094 
     D   282   278 6   283     6     0     0    33    52  -9.049  -7.747  -3.544  -4.226  -4.244  -0.319 
    IL   283   283 5   283     6     1     1    36    55  -2.579  -2.842  -0.760  -4.497  -5.274  -4.934  0.000  0.000  0.000  0.000 
    IR   284   284 6   284     5     1     1    36    55  -2.408  -0.496  -5.920  -4.087  -5.193          0.000  0.000  0.000  0.000 
                                             [ MATP   66 ]     42     61 C G - -
    MP   285   284 6   289     6     2     2    35    54  -8.913  -8.852  -0.024  -7.629  -7.909  -8.304 -3.610 -3.391 -3.442  0.265 -2.416 -3.970  3.088 -3.118 -3.475  0.726 -3.820 -1.322  1.171 -3.729 -0.114 -2.352 
    ML   286   284 6   289     6     1     1    33    52  -6.250  -6.596  -1.310  -1.005  -6.446  -3.975  0.368 -0.385 -0.191  0.094 
    MR   287   284 6   289     6     1     1    33    52  -6.988  -5.717  -1.625  -5.695  -0.829  -3.908  0.368 -0.385 -0.191  0.094 
     D   288   284 6   289     6     0     0    31    50  -9.049  -7.747  -3.544  -4.226  -4.244  -0.319 
    IL   289   289 5   289     6     1     1    34    53  -2.579  -2.842  -0.760  -4.497  -5.274  -4.934  0.000  0.000  0.000  0.000 
    IR   290   290 6   290     5     1     1    34    53  -2.408  -0.496  -5.920  -4.087  -5.193          0.000  0.000  0.000  0.000 
                                             [ MATP   67 ]     43     60 G C - -
    MP   291   290 6   295     6     2     2    32    52  -8.913  -8.852  -0.024  -7.629  -7.909  -8.304 -3.746 -2.631 -3.801  0.822 -3.830 -4.256  0.583 -3.931 -3.600  3.259 -4.017 -0.317  0.157 -3.797 -1.413 -2.692 
    ML   292   290 6   295     6     1     1    31    50  -6.250  -6.596  -1.310  -1.005  -6.446  -3.975  0.368 -0.385 -0.191  0.094 
    MR   293   290 6   295     6     1     1    31    50  -6.988  -5.717  -1.625  -5.695  -0.829  -3.908  0.368 -0.385 -0.191  0.094 
     D   294   290 6   295     6     0     0    29    48  -9.049  -7.747  -3.544  -4.226  -4.244  -0.319 
    IL   295   295 5   295     6     1     1    32    51  -2.579  -2.842  -0.760  -4.497  -5.274  -4.934  0.000  0.000  0.000  0.000 
    IR   296   296 6   296     5     1     1    32    51  -2.408  -0.496  -5.920  -4.087  -5.193          0.000  0.000  0.000  0.000 
                                             [ MATP   68 ]     44     59 G C - -
    MP   297   296 6   301     4     2     2    30    50  -6.343  -7.588  -0.118  -4.042                 -3.746 -2.631 -3.801  0.822 -3.830 -4.256  0.583 -3.931 -3.600  3.259 -4.017 -0.317  0.157 -3.797 -1.413 -2.692 
    ML   298   296 6   301     4     1     1    30    49  -2.408  -4.532  -1.293  -1.473                  0.368 -0.385 -0.191  0.094 
    MR   299   296 6   301     4     1     1    30    49  -4.102 -12.528  -0.390  -2.485                  0.368 -0.385 -0.191  0.094 
     D   300   296 6   301     4     0     0    28    47 -12.737 -14.007  -2.036  -0.404                 
    IL   301   301 5   301     4     1     1    30    49  -2.817  -4.319  -0.613  -2.698                  0.000  0.000  0.000  0.000 
    IR   302   302 6   302     3     1     1    30    49  -1.925  -0.554  -4.164                          0.000  0.000  0.000  0.000 
                                             [ MATR   69 ]      -     58 - A - -
    MR   303   302 6   305     5     1     1    28    48  -6.644  -0.054  -6.460  -6.672  -7.563          1.364 -1.359 -1.088 -0.822 
     D   304   302 6   305     5     0     0    27    46  -5.352  -0.707  -2.978  -4.409  -2.404         
    IR   305   305 3   305     5     1     1    29    48  -2.408  -0.496  -5.920  -4.087  -5.193          0.000  0.000  0.000  0.000 
                                             [ MATP   70 ]     45     57 g c - -
    MP   306   305 3   310     6     2     2    27    46  -8.913  -8.852  -0.024  -7.629  -7.909  -8.304 -2.935 -2.109 -3.039  1.898 -3.287 -4.077  0.941 -3.207 -2.955  2.080 -3.469  1.452  0.627 -3.317 -0.977 -1.932 
    ML   307   305 3   310     6     1     1    26    45  -6.250  -6.596  -1.310  -1.005  -6.446  -3.975  0.368 -0.385 -0.191  0.094 
    MR   308   305 3   310     6     1     1    26    45  -6.988  -5.717  -1.625  -5.695  -0.829  -3.908  0.368 -0.385 -0.191  0.094 
     D   309   305 3   310     6     0     0    24    43  -9.049  -7.747  -3.544  -4.226  -4.244  -0.319 
    IL   310   310 5   310     6     1     1    27    46  -2.579  -2.842  -0.760  -4.497  -5.274  -4.934  0.000  0.000  0.000  0.000 
    IR   311   311 6   311     5     1     1    27    46  -2.408  -0.496  -5.920  -4.087  -5.193          0.000  0.000  0.000  0.000 
                                             [ MATP   71 ]     46     56 u a - -
    MP   312   311 6   316     6     2     2    25    44  -8.913  -8.852  -0.024  -7.629  -7.909  -8.304 -3.340 -3.087 -3.257  0.540 -2.412 -3.887  1.889 -3.033 -3.276  1.009 -3.683 -0.995  2.635 -3.508 -0.109 -2.167 
    ML   313   311 6   316     6     1     1    25    44  -6.250  -6.596  -1.310  -1.005  -6.446  -3.975  0.368 -0.385 -0.191  0.094 
    MR   314   311 6   316     6     1     1    25    44  -6.988  -5.717  -1.625  -5.695  -0.829  -3.908  0.368 -0.385 -0.191  0.094 
     D   315   311 6   316     6     0     0    23    42  -9.049  -7.747  -3.544  -4.226  -4.244  -0.319 
    IL   316   316 5   316     6     1     1    25    44  -2.579  -2.842  -0.760  -4.497  -5.274  -4.934  0.000  0.000  0.000  0.000 
    IR   317   317 6   317     5     1     1    25    44  -2.408  -0.496  -5.920  -4.087  -5.193          0.000  0.000  0.000  0.000 
                                             [ MATP   72 ]     47     55 u a - -
    MP   318   317 6   322     4     2     2    23    42  -6.370  -6.577  -0.080  -4.991                 -3.340 -3.087 -3.257  0.540 -2.412 -3.887  1.889 -3.033 -3.276  1.009 -3.683 -0.995  2.635 -3.508 -0.109 -2.167 
    ML   319   317 6   322     4     1     1    24    43  -3.758  -3.940  -0.507  -2.670                  0.368 -0.385 -0.191  0.094 
    MR   320   317 6   322     4     1     1    23    43  -4.809  -3.838  -1.706  -0.766                  0.368 -0.385 -0.191  0.094 
     D   321   317 6   322     4     0     0    22    42  -4.568  -4.250  -2.265  -0.520                 
    IL   322   322 5   322     4     1     1    25    44  -1.686  -2.369  -1.117  -4.855                  0.000  0.000  0.000  0.000 
    IR   323   323 6   323     3     1     1    24    43  -1.442  -0.798  -4.142                          0.000  0.000  0.000  0.000 
                                             [ MATL   73 ]     48      - g - - -
    ML   324   323 6   326     3     1     1    20    39  -7.436  -0.030  -6.090                          0.140 -1.128  0.802 -0.521 
     D   325   323 6   326     3     0     0    19    38  -6.174  -1.687  -0.566                         
    IL   326   326 3   326     3     1     1    23    42  -1.442  -0.798  -4.142                          0.000  0.000  0.000  0.000 
                                             [ MATL   74 ]     49      - a - - -
    ML   327   326 3   329     3     1     1    19    38  -7.436  -0.030  -6.090                          0.913 -0.826 -0.814 -0.024 
     D   328   326 3   329     3     0     0    18    37  -6.174  -1.687  -0.566                         
    IL   329   329 3   329     3     1     1    22    41  -1.442  -0.798  -4.142                          0.000  0.000  0.000  0.000 
                                             [ MATL   75 ]     50      - U - - -
    ML   330   329 3   332     3     1     1    18    37  -7.436  -0.030  -6.090                         -0.589 -0.766 -1.254  1.219 
     D   331   329 3   332     3     0     0    17    36  -6.174  -1.687  -0.566                         
    IL   332   332 3   332     3     1     1    21    40  -1.442  -0.798  -4.142                          0.000  0.000  0.000  0.000 
                                             [ MATL   76 ]     51      - A - - -
    ML   333   332 3   335     3     1     1    17    35  -7.436  -0.030  -6.090                          1.364 -1.359 -1.088 -0.822 
     D   334   332 3   335     3     0     0    16    35  -6.174  -1.687  -0.566                         
    IL   335   335 3   335     3     1     1    20    39  -1.442  -0.798  -4.142                          0.000  0.000  0.000  0.000 
                                             [ MATL   77 ]     52      - u - - -
    ML   336   335 3   338     3     1     1    15    34  -7.436  -0.030  -6.090                         -0.362 -0.198 -1.065  0.905 
     D   337   335 3   338     3     0     0    15    33  -6.174  -1.687  -0.566                         
    IL   338   338 3   338     3     1     1    19    37  -1.442  -0.798  -4.142                          0.000  0.000  0.000  0.000 
                                             [ MATL   78 ]     53      - U - - -
    ML   339   338 3   341     3     1     1    13    32  -7.436  -0.030  -6.090                         -0.589 -0.766 -1.254  1.219 
     D   340   338 3   341     3     0     0    13    32  -6.174  -1.687  -0.566                         
    IL   341   341 3   341     3     1     1    18    36  -1.442  -0.798  -4.142                          0.000  0.000  0.000  0.000 
                                             [ MATL   79 ]     54      - A - - -
    ML   342   341 3   344     2     1     1     1     1       *   0.000                                  1.364 -1.359 -1.088 -0.822 
     D   343   341 3   344     2     0     0     0     0       *   0.000                                 
    IL   344   344 3   344     2     1     1    13    28  -1.823  -0.479                                  0.000  0.000  0.000  0.000 
                                             [ END    80 ]      -      - - - - -
     E   345   344 3    -1     0     0     0     0     0                                                 
//
HMMER3/f [3.1b3 | July 2016]
NAME  t_pro_bsrg_sr4_round5_0001
LENG  114
MAXL  221
ALPH  RNA
RF    no
MM    no
CONS  yes
CS    yes
MAP   yes
DATE  Mon Dec 16 19:02:54 2019
COM   [1] cmbuild /home/co78wid/projects/master/results/ta_systems/bsrg_sr4/2_structure_analysis/infernal_search/t_pro_bsrg_sr4_cmbuild.txt /home/co78wid/projects/master/results/ta_systems/bsrg_sr4/1_sequence_analysis/fold/t_pro_bsrg_sr4_round5.stk
NSEQ  5
EFFN  1.293945
CKSUM 1863489313
STATS LOCAL MSV       -9.2432  0.71838
STATS LOCAL VITERBI  -10.8883  0.71838
STATS LOCAL FORWARD   -3.0996  0.71838
HMM          A        C        G        U   
            m->m     m->i     m->d     i->m     i->i     d->m     d->d
  COMPO   1.21530  1.62301  1.47973  1.27878
          1.38629  1.38629  1.38629  1.38629
          0.05528  3.61592  3.61592  1.46634  0.26236  0.00000        *
      1   0.29363  2.66706  2.44827  2.31722      1 A - - :
          1.38629  1.38629  1.38629  1.38629
          0.05528  3.61592  3.61592  1.46634  0.26236  1.09861  0.40547
      2   2.26478  1.37128  1.97593  0.68571      2 U - - <
          1.38629  1.38629  1.38629  1.38629
          0.05528  3.61592  3.61592  1.46634  0.26236  1.09861  0.40547
      3   2.22506  2.62593  0.29595  2.58042      3 G - - <
          1.38629  1.38629  1.38629  1.38629
          0.05528  3.61592  3.61592  1.46634  0.26236  1.09861  0.40547
      4   0.66016  2.15907  1.39775  2.11489      4 A - - <
          1.38629  1.38629  1.38629  1.38629
          0.05528  3.61592  3.61592  1.46634  0.26236  1.09861  0.40547
      5   2.64593  0.42800  2.33668  1.71145      5 C - - <
          1.38629  1.38629  1.38629  1.38629
          0.05528  3.61592  3.61592  1.46634  0.26236  1.09861  0.40547
      6   2.09026  2.14784  2.57819  0.38024      6 U - - -
          1.38629  1.38629  1.38629  1.38629
          0.05528  3.61592  3.61592  1.46634  0.26236  1.09861  0.40547
      7   2.22479  2.62570  0.29605  2.58007      7 G - - <
          1.38629  1.38629  1.38629  1.38629
          0.05528  3.61592  3.61592  1.46634  0.26236  1.09861  0.40547
      8   2.41710  1.51668  2.08817  0.56657      8 U - - <
          1.38629  1.38629  1.38629  1.38629
          0.05528  3.61592  3.61592  1.46634  0.26236  1.09861  0.40547
      9   2.41761  1.51666  2.08832  0.56647      9 U - - <
          1.38629  1.38629  1.38629  1.38629
          0.05528  3.61592  3.61592  1.46634  0.26236  1.09861  0.40547
     10   2.09026  2.14784  2.57819  0.38024     10 U - - -
          1.38629  1.38629  1.38629  1.38629
          0.05528  3.61592  3.61592  1.46634  0.26236  1.09861  0.40547
     11   0.66044  2.15858  1.39784  2.11398     11 A - - <
          1.38629  1.38629  1.38629  1.38629
          0.05528  3.61592  3.61592  1.46634  0.26236  1.09861  0.40547
     12   2.64472  0.42825  2.33625  1.71129     12 C - - <
          1.38629  1.38629  1.38629  1.38629
          0.05528  3.61592  3.61592  1.46634  0.26236  1.09861  0.40547
     13   2.09237  2.87001  0.31056  2.44335     13 G - - -
          1.38629  1.38629  1.38629  1.38629
          0.05528  3.61592  3.61592  1.46634  0.26236  1.09861  0.40547
     14   0.66044  2.15859  1.39783  2.11400     14 A - - <
          1.38629  1.38629  1.38629  1.38629
          0.05528  3.61592  3.61592  1.46634  0.26236  1.09861  0.40547
     15   0.66022  2.15897  1.39777  2.11471     15 A - - <
          1.38629  1.38629  1.38629  1.38629
          0.05528  3.61592  3.61592  1.46634  0.26236  1.09861  0.40547
     16   1.94364  1.52693  1.64162  0.80755     16 u - - <
          1.38629  1.38629  1.38629  1.38629
          0.05528  3.61592  3.61592  1.46634  0.26236  1.09861  0.40547
     17   2.64556  0.42808  2.33655  1.71140     17 C - - <
          1.38629  1.38629  1.38629  1.38629
          0.05528  3.61592  3.61592  1.46634  0.26236  1.09861  0.40547
     18   0.66015  2.15909  1.39775  2.11492     18 A - - <
          1.38629  1.38629  1.38629  1.38629
          0.05528  3.61592  3.61592  1.46634  0.26236  1.09861  0.40547
     19   2.41730  1.51667  2.08823  0.56653     19 U - - <
          1.38629  1.38629  1.38629  1.38629
          0.05528  3.61592  3.61592  1.46634  0.26236  1.09861  0.40547
     20   2.30045  1.31318  2.02186  0.69632     20 u - - <
          1.38629  1.38629  1.38629  1.38629
          0.05528  3.61592  3.61592  1.46634  0.26236  1.09861  0.40547
     21   0.66023  2.15894  1.39777  2.11465     21 A - - <
          1.38629  1.38629  1.38629  1.38629
          0.05528  3.61592  3.61592  1.46634  0.26236  1.09861  0.40547
     22   0.66212  2.15565  1.39834  2.10860     22 A - - <
          1.38629  1.38629  1.38629  1.38629
          0.05528  3.61592  3.61592  1.46634  0.26236  1.09861  0.40547
     23   2.41106  1.51698  2.08640  0.56780     23 U - - <
          1.38629  1.38629  1.38629  1.38629
          0.05528  3.61592  3.61592  1.46634  0.26236  1.09861  0.40547
     24   1.70329  2.32170  0.49094  2.22787     24 G - - <
          1.38629  1.38629  1.38629  1.38629
          0.05528  3.61592  3.61592  1.46634  0.26236  1.09861  0.40547
     25   0.59977  2.26282  1.63917  1.87820     25 A - - -
          1.38629  1.38629  1.38629  1.38629
          0.05528  3.61592  3.61592  1.46634  0.26236  1.09861  0.40547
     26   2.09026  2.14784  2.57819  0.38024     26 U - - -
          1.38629  1.38629  1.38629  1.38629
          0.05528  3.61592  3.61592  1.46634  0.26236  1.09861  0.40547
     27   0.29363  2.66706  2.44827  2.31722     27 A - - -
          1.38629  1.38629  1.38629  1.38629
          0.05528  3.61592  3.61592  1.46634  0.26236  1.09861  0.40547
     28   0.29363  2.66706  2.44827  2.31722     28 A - - -
          1.38629  1.38629  1.38629  1.38629
          0.05528  3.61592  3.61592  1.46634  0.26236  1.09861  0.40547
     29   2.09026  2.14784  2.57819  0.38024     29 U - - -
          1.38629  1.38629  1.38629  1.38629
          0.05528  3.61592  3.61592  1.46634  0.26236  1.09861  0.40547
     30   2.22256  2.62385  0.29684  2.57725     30 G - - <
          1.38629  1.38629  1.38629  1.38629
          0.05528  3.61592  3.61592  1.46634  0.26236  1.09861  0.40547
     31   0.66034  2.15876  1.39780  2.11432     31 A - - <
          1.38629  1.38629  1.38629  1.38629
          0.05528  3.61592  3.61592  1.46634  0.26236  1.09861  0.40547
     32   2.41759  1.51666  2.08831  0.56647     32 U - - <
          1.38629  1.38629  1.38629  1.38629
          0.05528  3.61592  3.61592  1.46634  0.26236  1.09861  0.40547
     33   2.41988  0.51462  2.20492  1.59415     33 C - - <
          1.38629  1.38629  1.38629  1.38629
          0.05528  3.61592  3.61592  1.46634  0.26236  1.09861  0.40547
     34   0.66008  2.15921  1.39773  2.11514     34 A - - <
          1.38629  1.38629  1.38629  1.38629
          0.05528  3.61592  3.61592  1.46634  0.26236  1.09861  0.40547
     35   0.66011  2.15916  1.39774  2.11504     35 A - - <
          1.38629  1.38629  1.38629  1.38629
          0.05528  3.61592  3.61592  1.46634  0.26236  1.09861  0.40547
     36   2.42608  1.33427  2.13945  0.63384     36 U - - <
          1.38629  1.38629  1.38629  1.38629
          0.05528  3.61592  3.61592  1.46634  0.26236  1.09861  0.40547
     37   2.09026  2.14784  2.57819  0.38024     37 U - - -
          1.38629  1.38629  1.38629  1.38629
          0.05528  3.61592  3.61592  1.46634  0.26236  1.09861  0.40547
     38   2.09026  2.14784  2.57819  0.38024     38 U - - -
          1.38629  1.38629  1.38629  1.38629
          0.05528  3.61592  3.61592  1.46634  0.26236  1.09861  0.40547
     39   2.09026  2.14784  2.57819  0.38024     39 U - - -
          1.38629  1.38629  1.38629  1.38629
          0.05528  3.61592  3.61592  1.46634  0.26236  1.09861  0.40547
     40   1.95964  2.44534  0.39160  2.33906     40 G - - <
          1.38629  1.38629  1.38629  1.38629
          0.05528  3.61592  3.61592  1.46634  0.26236  1.09861  0.40547
     41   1.70396  2.32253  0.49038  2.22915     41 G - - <
          1.38629  1.38629  1.38629  1.38629
          0.05528  3.61592  3.61592  1.46634  0.26236  1.09861  0.40547
     42   2.64590  0.42801  2.33667  1.71144     42 C - - <
          1.38629  1.38629  1.38629  1.38629
          0.05528  3.61592  3.61592  1.46634  0.26236  1.09861  0.40547
     43   2.22675  2.62733  0.29535  2.58257     43 G - - <
          1.38629  1.38629  1.38629  1.38629
          0.05528  3.61592  3.61592  1.46634  0.26236  1.09861  0.40547
     44   2.22669  2.62727  0.29537  2.58249     44 G - - <
          1.38629  1.38629  1.38629  1.38629
          0.05528  3.61592  3.61592  1.46634  0.26236  1.09861  0.40547
     45   1.23178  2.20353  0.75084  2.07272     45 g - - <
          1.38629  1.38629  1.38629  1.38629
          0.05528  3.61592  3.61592  1.46634  0.26236  1.09861  0.40547
     46   2.40878  1.51709  2.08572  0.56826     46 U - - <
          1.38629  1.38629  1.38629  1.38629
          0.05528  3.61592  3.61592  1.46634  0.26236  1.09861  0.40547
     47   2.41296  1.51688  2.08696  0.56741     47 U - - <
          1.38629  1.38629  1.38629  1.38629
          0.05528  3.61592  3.61592  1.46634  0.26236  1.09861  0.40547
     48   1.35310  2.36740  0.68301  1.94670     48 G - - _
          1.38629  1.38629  1.38629  1.38629
          0.05528  3.61592  3.61592  1.46634  0.26236  1.09861  0.40547
     49   0.67107  2.06105  2.07426  1.44448     49 A - - _
          1.38629  1.38629  1.38629  1.38629
          0.05528  3.61592  3.61592  1.46634  0.26236  1.09861  0.40547
     50   2.09026  2.14784  2.57819  0.38024     50 U - - _
          1.38629  1.38629  1.38629  1.38629
          0.05528  3.61592  3.61592  1.46634  0.26236  1.09861  0.40547
     51   0.29363  2.66706  2.44827  2.31722     51 A - - _
          1.38629  1.38629  1.38629  1.38629
          0.05528  3.61592  3.61592  1.46634  0.26236  1.09861  0.40547
     52   1.79473  1.54338  2.29849  0.65439     52 U - - _
          1.38629  1.38629  1.38629  1.38629
          0.05528  3.61592  3.61592  1.46634  0.26236  1.09861  0.40547
     53   2.09026  2.14784  2.57819  0.38024     53 U - - _
          1.38629  1.38629  1.38629  1.38629
          0.05528  3.61592  3.61592  1.46634  0.26236  1.09861  0.40547
     54   0.29363  2.66706  2.44827  2.31722     54 A - - _
          1.38629  1.38629  1.38629  1.38629
          0.05528  3.61592  3.61592  1.46634  0.26236  1.09861  0.40547
     55   0.64774  2.26031  1.35285  2.17196     55 A - - >
          1.38629  1.38629  1.38629  1.38629
          0.05528  3.61592  3.61592  1.46634  0.26236  1.09861  0.40547
     56   0.64774  2.26032  1.35285  2.17198     56 A - - >
          1.38629  1.38629  1.38629  1.38629
          0.05528  3.61592  3.61592  1.46634  0.26236  1.09861  0.40547
     57   2.30179  1.38870  2.01729  0.65874     57 U - - >
          1.38629  1.38629  1.38629  1.38629
          0.05528  3.61592  3.61592  1.46634  0.26236  1.09861  0.40547
     58   0.29363  2.66706  2.44827  2.31722     58 A - - -
          1.38629  1.38629  1.38629  1.38629
          0.05528  3.61592  3.61592  1.46634  0.26236  1.09861  0.40547
     59   2.80630  0.34315  2.45550  1.93644     59 C - - >
          1.38629  1.38629  1.38629  1.38629
          0.05528  3.61592  3.61592  1.46634  0.26236  1.09861  0.40547
     60   2.80732  0.34298  2.45586  1.93663     60 C - - >
          1.38629  1.38629  1.38629  1.38629
          0.05528  3.61592  3.61592  1.46634  0.26236  1.09861  0.40547
     61   1.98391  2.50188  0.37090  2.40325     61 G - - >
          1.38629  1.38629  1.38629  1.38629
          0.05528  3.61592  3.61592  1.46634  0.26236  1.09861  0.40547
     62   2.45564  1.44997  2.13386  0.57762     62 U - - >
          1.38629  1.38629  1.38629  1.38629
          0.05528  3.61592  3.61592  1.46634  0.26236  1.09861  0.40547
     63   2.57311  0.51836  2.26755  1.49327     63 C - - >
          1.38629  1.38629  1.38629  1.38629
          0.05528  3.61592  3.61592  1.46634  0.26236  1.09861  0.40547
     64   2.09026  2.14784  2.57819  0.38024     64 U - - -
          1.38629  1.38629  1.38629  1.38629
          0.05528  3.61592  3.61592  1.46634  0.26236  1.09861  0.40547
     65   2.09026  2.14784  2.57819  0.38024     65 U - - -
          1.38629  1.38629  1.38629  1.38629
          0.05528  3.61592  3.61592  1.46634  0.26236  1.09861  0.40547
     66   1.79433  2.30685  0.47579  2.18218     66 G - - >
          1.38629  1.38629  1.38629  1.38629
          0.05528  3.61592  3.61592  1.46634  0.26236  1.09861  0.40547
     67   2.34791  1.63097  1.97698  0.56176     67 U - - >
          1.38629  1.38629  1.38629  1.38629
          0.05528  3.61592  3.61592  1.46634  0.26236  1.09861  0.40547
     68   2.34837  1.63097  1.97709  0.56166     68 U - - >
          1.38629  1.38629  1.38629  1.38629
          0.05528  3.61592  3.61592  1.46634  0.26236  1.09861  0.40547
     69   1.61023  2.36855  0.51716  2.20426     69 G - - >
          1.38629  1.38629  1.38629  1.38629
          0.05528  3.61592  3.61592  1.46634  0.26236  1.09861  0.40547
     70   0.64730  2.26127  1.35268  2.17351     70 A - - >
          1.38629  1.38629  1.38629  1.38629
          0.05528  3.61592  3.61592  1.46634  0.26236  1.09861  0.40547
     71   2.35017  1.63095  1.97753  0.56125     71 U - - >
          1.38629  1.38629  1.38629  1.38629
          0.05528  3.61592  3.61592  1.46634  0.26236  1.09861  0.40547
     72   2.81058  0.34243  2.45702  1.93727     72 C - - >
          1.38629  1.38629  1.38629  1.38629
          0.05528  3.61592  3.61592  1.46634  0.26236  1.09861  0.40547
     73   2.09026  2.14784  2.57819  0.38024     73 U - - -
          1.38629  1.38629  1.38629  1.38629
          0.05528  3.61592  3.61592  1.46634  0.26236  1.09861  0.40547
     74   2.09026  2.14784  2.57819  0.38024     74 U - - -
          1.38629  1.38629  1.38629  1.38629
          0.05528  3.61592  3.61592  1.46634  0.26236  1.09861  0.40547
     75   1.82551  0.77018  2.36427  1.26614     75 c - - -
          1.38629  1.38629  1.38629  1.38629
          0.05528  3.61592  3.61592  1.46634  0.26236  1.09861  0.40547
     76   0.29363  2.66706  2.44827  2.31722     76 A - - -
          1.38629  1.38629  1.38629  1.38629
          0.05528  3.61592  3.61592  1.46634  0.26236  1.09861  0.40547
     77   0.29363  2.66706  2.44827  2.31722     77 A - - -
          1.38629  1.38629  1.38629  1.38629
          0.05528  3.61592  3.61592  1.46634  0.26236  1.09861  0.40547
     78   2.45243  1.45019  2.13287  0.57823     78 U - - >
          1.38629  1.38629  1.38629  1.38629
          0.05528  3.61592  3.61592  1.46634  0.26236  1.09861  0.40547
     79   0.64757  2.26069  1.35278  2.17257     79 A - - >
          1.38629  1.38629  1.38629  1.38629
          0.05528  3.61592  3.61592  1.46634  0.26236  1.09861  0.40547
     80   2.34794  1.63097  1.97699  0.56175     80 U - - >
          1.38629  1.38629  1.38629  1.38629
          0.05528  3.61592  3.61592  1.46634  0.26236  1.09861  0.40547
     81   0.29363  2.66706  2.44827  2.31722     81 A - - -
          1.38629  1.38629  1.38629  1.38629
          0.05528  3.61592  3.61592  1.46634  0.26236  1.09861  0.40547
     82   0.29363  2.66706  2.44827  2.31722     82 A - - -
          1.38629  1.38629  1.38629  1.38629
          0.05528  3.61592  3.61592  1.46634  0.26236  1.09861  0.40547
     83   2.34660  1.63098  1.97666  0.56205     83 U - - >
          1.38629  1.38629  1.38629  1.38629
          0.05528  3.61592  3.61592  1.46634  0.26236  1.09861  0.40547
     84   1.43714  2.18142  0.64729  2.07107     84 G - - >
          1.38629  1.38629  1.38629  1.38629
          0.05528  3.61592  3.61592  1.46634  0.26236  1.09861  0.40547
     85   0.64776  2.26028  1.35286  2.17191     85 A - - >
          1.38629  1.38629  1.38629  1.38629
          0.05528  3.61592  3.61592  1.46634  0.26236  1.09861  0.40547
     86   2.34649  1.63098  1.97663  0.56208     86 U - - >
          1.38629  1.38629  1.38629  1.38629
          0.05528  3.61592  3.61592  1.46634  0.26236  1.09861  0.40547
     87   1.98179  2.49977  0.37198  2.40017     87 G - - >
          1.38629  1.38629  1.38629  1.38629
          0.05528  3.61592  3.61592  1.46634  0.26236  1.09861  0.40547
     88   0.98236  1.65930  1.34795  1.73995     88 a - - >
          1.38629  1.38629  1.38629  1.38629
          0.05528  3.61592  3.61592  1.46634  0.26236  1.09861  0.40547
     89   2.34197  1.63102  1.97552  0.56309     89 U - - >
          1.38629  1.38629  1.38629  1.38629
          0.05528  3.61592  3.61592  1.46634  0.26236  1.09861  0.40547
     90   2.33675  1.63107  1.97424  0.56428     90 U - - >
          1.38629  1.38629  1.38629  1.38629
          0.05528  3.61592  3.61592  1.46634  0.26236  1.09861  0.40547
     91   1.97950  2.49750  0.37314  2.39686     91 G - - >
          1.38629  1.38629  1.38629  1.38629
          0.05528  3.61592  3.61592  1.46634  0.26236  1.09861  0.40547
     92   2.33662  1.63107  1.97420  0.56431     92 U - - >
          1.38629  1.38629  1.38629  1.38629
          0.05528  3.61592  3.61592  1.46634  0.26236  1.09861  0.40547
     93   0.64807  2.25960  1.35298  2.17082     93 A - - >
          1.38629  1.38629  1.38629  1.38629
          0.05528  3.61592  3.61592  1.46634  0.26236  1.09861  0.40547
     94   0.64849  2.25868  1.35315  2.16935     94 A - - >
          1.38629  1.38629  1.38629  1.38629
          0.05528  3.61592  3.61592  1.46634  0.26236  1.09861  0.40547
     95   2.78548  0.34669  2.44800  1.93232     95 C - - >
          1.38629  1.38629  1.38629  1.38629
          0.05528  3.61592  3.61592  1.46634  0.26236  1.09861  0.40547
     96   1.98343  2.50140  0.37114  2.40255     96 G - - >
          1.38629  1.38629  1.38629  1.38629
          0.05528  3.61592  3.61592  1.46634  0.26236  1.09861  0.40547
     97   2.34942  1.63096  1.97735  0.56142     97 U - - >
          1.38629  1.38629  1.38629  1.38629
          0.05528  3.61592  3.61592  1.46634  0.26236  1.09861  0.40547
     98   2.80918  0.34266  2.45652  1.93700     98 C - - >
          1.38629  1.38629  1.38629  1.38629
          0.05528  3.61592  3.61592  1.46634  0.26236  1.09861  0.40547
     99   0.89241  2.13875  1.07041  2.04280     99 a - - >
          1.38629  1.38629  1.38629  1.38629
          0.05528  3.61592  3.61592  1.46634  0.26236  1.09861  0.40547
    100   0.29363  2.66706  2.44827  2.31722    100 A - - :
          1.38629  1.38629  1.38629  1.38629
          0.05528  3.61592  3.61592  1.46634  0.26236  1.09861  0.40547
    101   1.07244  2.23783  0.94353  1.82087    101 g - - :
          1.38629  1.38629  1.38629  1.38629
          0.05528  3.61592  3.61592  1.46634  0.26236  1.09861  0.40547
    102   2.16599  0.41277  2.71641  1.84874    102 C - - :
          1.38629  1.38629  1.38629  1.38629
          0.05528  3.61592  3.61592  1.46634  0.26236  1.09861  0.40547
    103   2.16599  0.41277  2.71641  1.84874    103 C - - :
          1.38629  1.38629  1.38629  1.38629
          0.05528  3.61592  3.61592  1.46634  0.26236  1.09861  0.40547
    104   0.29363  2.66706  2.44827  2.31722    104 A - - :
          1.38629  1.38629  1.38629  1.38629
          0.05528  3.61592  3.61592  1.46634  0.26236  1.09861  0.40547
    105   0.29363  2.66706  2.44827  2.31722    105 A - - :
          1.38629  1.38629  1.38629  1.38629
          0.05528  3.61592  3.61592  1.46634  0.26236  1.09861  0.40547
    106   0.29363  2.66706  2.44827  2.31722    106 A - - :
          1.38629  1.38629  1.38629  1.38629
          0.05528  3.61592  3.61592  1.46634  0.26236  1.09861  0.40547
    107   0.29363  2.66706  2.44827  2.31722    107 A - - :
          1.38629  1.38629  1.38629  1.38629
          0.05528  3.61592  3.61592  1.46634  0.26236  1.09861  0.40547
    108   2.09237  2.87001  0.31056  2.44335    108 G - - :
          1.38629  1.38629  1.38629  1.38629
          0.14179  3.61592  2.25086  1.46634  0.26236  1.09861  0.40547
    109   0.35247  2.51180  2.30788  2.15023    109 A - - :
          1.38629  1.38629  1.38629  1.38629
          0.06013  3.53426  3.53426  1.46634  0.26236  1.77765  0.18517
    110   0.35247  2.51180  2.30788  2.15023    110 A - - :
          1.38629  1.38629  1.38629  1.38629
          0.06013  3.53426  3.53426  1.46634  0.26236  1.77765  0.18517
    111   0.35247  2.51180  2.30788  2.15023    111 A - - :
          1.38629  1.38629  1.38629  1.38629
          0.06013  3.53426  3.53426  1.46634  0.26236  1.77765  0.18517
    112   0.35247  2.51180  2.30788  2.15023    112 A - - :
          1.38629  1.38629  1.38629  1.38629
          0.06013  3.53426  3.53426  1.46634  0.26236  1.77765  0.18517
    113   0.35247  2.51180  2.30788  2.15023    113 A - - :
          1.38629  1.38629  1.38629  1.38629
          0.06013  3.53426  3.53426  1.46634  0.26236  1.77765  0.18517
    114   0.35247  2.51180  2.30788  2.15023    114 A - - :
          1.38629  1.38629  1.38629  1.38629
          0.03052  3.50464        *  1.46634  0.26236  0.00000        *
//
