INFERNAL1/a [1.1.2 | July 2016]
NAME     at_nt_dinq_agrb_evalue_maxS_round5_0001
STATES   261
NODES    84
CLEN     84
W        114
ALPH     RNA
RF       no
CONS     yes
MAP      yes
DATE     Fri Jan 24 15:44:31 2020
COM      [1] cmbuild /home/co78wid/projects/master/results/ta_systems/dinq_agrb/dinq_agrb_evalue_maxS/2_structure_analysis/infernal_search/at_nt_dinq_agrb_evalue_maxS_cmbuild.txt /home/co78wid/projects/master/results/ta_systems/dinq_agrb/dinq_agrb_evalue_maxS/1_sequence_analysis/fold/at_nt_dinq_agrb_evalue_maxS_round5.stk
COM      [2] cmcalibrate --cpu 30 /home/co78wid/projects/master/results/ta_systems/dinq_agrb/dinq_agrb_evalue_maxS/2_structure_analysis/infernal_search/at_nt_dinq_agrb_evalue_maxS_cmbuild.txt
PBEGIN   0.05
PEND     0.05
WBETA    1e-07
QDBBETA1 1e-07
QDBBETA2 1e-15
N2OMEGA  1.52588e-05
N3OMEGA  1.52588e-05
ELSELF   -0.08926734
NSEQ     89
EFFN     2.056061
CKSUM    3238623358
NULL     0.000  0.000  0.000  0.000 
EFP7GF   -7.9891 0.71860
ECMLC    0.61240    -6.98279     2.45759     1600000      388997  0.003085
ECMGC    0.35915   -17.99920    -5.16632     1600000       40151  0.009962
ECMLI    0.60667    -4.69960     4.27549     1600000      277897  0.004318
ECMGI    0.39778   -12.19811    -0.78745     1600000       37435  0.010685
CM
                                             [ ROOT    0 ]      -      - - - - -
     S     0    -1 0     1     4     1     1   114   152  -6.999  -7.206  -0.445  -1.996                 
    IL     1     1 2     1     4     8    38   117   155  -1.686  -2.369  -1.117  -4.855                  0.000  0.000  0.000  0.000 
    IR     2     2 3     2     3     8    38   116   154  -1.442  -0.798  -4.142                          0.000  0.000  0.000  0.000 
                                             [ MATL    1 ]      1      - U - - -
    ML     3     2 3     5     3     9    39   114   152  -7.664  -0.025  -6.318                         -0.955 -1.050 -1.654  1.424 
     D     4     2 3     5     3     4    32   110   149  -7.783  -3.296  -0.162                         
    IL     5     5 3     5     3     8    37   115   153  -1.442  -0.798  -4.142                          0.000  0.000  0.000  0.000 
                                             [ MATL    2 ]      2      - U - - -
    ML     6     5 3     8     3     9    39   113   151  -7.664  -0.025  -6.318                         -0.955 -1.050 -1.654  1.424 
     D     7     5 3     8     3     4    31   109   148  -7.783  -3.296  -0.162                         
    IL     8     8 3     8     3     7    37   114   152  -1.442  -0.798  -4.142                          0.000  0.000  0.000  0.000 
                                             [ MATL    3 ]      3      - A - - -
    ML     9     8 3    11     3     9    39   112   150  -7.664  -0.025  -6.318                          1.552 -1.778 -1.469 -1.268 
     D    10     8 3    11     3     4    31   108   147  -7.783  -3.296  -0.162                         
    IL    11    11 3    11     3     7    37   113   151  -1.442  -0.798  -4.142                          0.000  0.000  0.000  0.000 
                                             [ MATL    4 ]      4      - G - - -
    ML    12    11 3    14     3     8    38   111   149  -7.664  -0.025  -6.318                         -0.944 -2.051  1.521 -1.435 
     D    13    11 3    14     3     4    31   107   146  -7.783  -3.296  -0.162                         
    IL    14    14 3    14     3     7    37   112   150  -1.442  -0.798  -4.142                          0.000  0.000  0.000  0.000 
                                             [ MATL    5 ]      5      - A - - -
    ML    15    14 3    17     3     8    38   110   148  -7.664  -0.025  -6.318                          1.552 -1.778 -1.469 -1.268 
     D    16    14 3    17     3     3    31   107   145  -7.783  -3.296  -0.162                         
    IL    17    17 3    17     3     7    36   111   149  -1.442  -0.798  -4.142                          0.000  0.000  0.000  0.000 
                                             [ MATL    6 ]      6      - U - - -
    ML    18    17 3    20     3     8    38   109   147  -7.664  -0.025  -6.318                         -0.955 -1.050 -1.654  1.424 
     D    19    17 3    20     3     3    31   106   144  -7.783  -3.296  -0.162                         
    IL    20    20 3    20     3     7    36   110   148  -1.442  -0.798  -4.142                          0.000  0.000  0.000  0.000 
                                             [ MATL    7 ]      7      - g - - -
    ML    21    20 3    23     3     8    37   108   146  -7.664  -0.025  -6.318                          0.184 -1.310  0.885 -0.703 
     D    22    20 3    23     3     3    30   105   143  -7.783  -3.296  -0.162                         
    IL    23    23 3    23     3     7    36   109   147  -1.442  -0.798  -4.142                          0.000  0.000  0.000  0.000 
                                             [ MATL    8 ]      8      - a - - -
    ML    24    23 3    26     3     8    37   107   145  -7.664  -0.025  -6.318                          0.899 -0.858 -0.833  0.033 
     D    25    23 3    26     3     3    30   104   142  -7.783  -3.296  -0.162                         
    IL    26    26 3    26     3     7    35   108   146  -1.442  -0.798  -4.142                          0.000  0.000  0.000  0.000 
                                             [ MATL    9 ]      9      - u - - -
    ML    27    26 3    29     3     8    36   106   144  -7.664  -0.025  -6.318                         -0.204 -0.693  0.067  0.552 
     D    28    26 3    29     3     3    30   103   141  -7.783  -3.296  -0.162                         
    IL    29    29 3    29     3     7    35   107   145  -1.442  -0.798  -4.142                          0.000  0.000  0.000  0.000 
                                             [ MATL   10 ]     10      - G - - -
    ML    30    29 3    32     3     8    35   105   143  -7.664  -0.025  -6.318                          0.004 -1.408  1.033 -0.799 
     D    31    29 3    32     3     3    30   102   140  -7.783  -3.296  -0.162                         
    IL    32    32 3    32     3     6    35   106   144  -1.442  -0.798  -4.142                          0.000  0.000  0.000  0.000 
                                             [ MATL   11 ]     11      - g - - -
    ML    33    32 3    35     3     7    34   104   142  -7.664  -0.025  -6.318                          0.080 -1.365  0.973 -0.757 
     D    34    32 3    35     3     3    30   101   140  -7.783  -3.296  -0.162                         
    IL    35    35 3    35     3     6    34   105   143  -1.442  -0.798  -4.142                          0.000  0.000  0.000  0.000 
                                             [ MATL   12 ]     12      - C - - -
    ML    36    35 3    38     3     7    34   103   141  -7.664  -0.025  -6.318                         -0.953  1.297 -1.741 -0.459 
     D    37    35 3    38     3     3    29   101   139  -7.783  -1.716  -0.533                         
    IL    38    38 3    38     3     6    33   104   142  -1.442  -0.798  -4.142                          0.000  0.000  0.000  0.000 
                                             [ MATL   13 ]     13      - u - - -
    ML    39    38 3    41     3     7    33   102   140  -7.778  -0.023  -6.432                          0.305 -0.741 -1.002  0.737 
     D    40    38 3    41     3     2    29   100   138  -7.456  -2.969  -0.207                         
    IL    41    41 3    41     3     6    33   103   141  -1.442  -0.798  -4.142                          0.000  0.000  0.000  0.000 
                                             [ MATL   14 ]     14      - a - - -
    ML    42    41 3    44     3     6    32   101   139  -7.778  -0.023  -6.432                          0.427 -0.351 -0.912  0.423 
     D    43    41 3    44     3     2    29    99   137  -7.456  -2.147  -0.380                         
    IL    44    44 3    44     3     5    32   102   140  -1.442  -0.798  -4.142                          0.000  0.000  0.000  0.000 
                                             [ MATL   15 ]     15      - U - - -
    ML    45    44 3    47     3     6    31   100   138  -7.819  -0.023  -6.473                         -1.223 -1.267 -1.942  1.534 
     D    46    44 3    47     3     2    28    99   137  -7.307  -1.376  -0.717                         
    IL    47    47 3    47     3     5    31   101   139  -1.442  -0.798  -4.142                          0.000  0.000  0.000  0.000 
                                             [ MATL   16 ]     16      - C - - -
    ML    48    47 3    50     3     5    30    99   137  -7.909  -0.021  -6.563                         -1.080  1.282 -1.895 -0.274 
     D    49    47 3    50     3     2    27    98   136  -6.904  -0.775  -1.296                         
    IL    50    50 3    50     3     4    30   100   138  -1.442  -0.798  -4.142                          0.000  0.000  0.000  0.000 
                                             [ MATL   17 ]     17      - U - - -
    ML    51    50 3    53     3     4    29    98   136  -8.012  -0.020  -6.666                         -0.865 -0.227 -1.615  1.183 
     D    52    50 3    53     3     1    26    96   135  -6.174  -1.687  -0.566                         
    IL    53    53 3    53     3     4    29    99   137  -1.442  -0.798  -4.142                          0.000  0.000  0.000  0.000 
                                             [ MATL   18 ]     18      - c - - -
    ML    54    53 3    56     3     3    28    97   135  -8.012  -0.020  -6.666                         -0.797  0.780 -1.598  0.461 
     D    55    53 3    56     3     1    26    96   134  -6.174  -1.687  -0.566                         
    IL    56    56 3    56     3     3    28    98   136  -1.442  -0.798  -4.142                          0.000  0.000  0.000  0.000 
                                             [ MATL   19 ]     19      - a - - -
    ML    57    56 3    59     3     2    27    96   134  -8.399  -0.312  -2.383                          0.797 -0.466 -1.026  0.067 
     D    58    56 3    59     3     1    25    95   133  -5.620  -0.734  -1.403                         
    IL    59    59 3    59     3     3    28    97   135  -1.925  -0.554  -4.164                          0.000  0.000  0.000  0.000 
                                             [ MATR   20 ]      -     92 - C - -
    MR    60    59 3    62     3     3    27    96   134  -8.109  -0.022  -6.427                         -0.845  1.180 -1.634 -0.226 
     D    61    59 3    62     3     0    24    94   132  -7.749  -0.751  -1.317                         
    IR    62    62 3    62     3     2    27    96   134  -1.925  -0.554  -4.164                          0.000  0.000  0.000  0.000 
                                             [ MATR   21 ]      -     91 - a - -
    MR    63    62 3    65     3     3    26    95   133  -8.334  -0.026  -6.114                          0.815 -0.912 -1.045  0.292 
     D    64    62 3    65     3     0    23    93   131  -6.853  -0.945  -1.083                         
    IR    65    65 3    65     3     2    26    95   133  -1.925  -0.554  -4.164                          0.000  0.000  0.000  0.000 
                                             [ MATR   22 ]      -     90 - U - -
    MR    66    65 3    68     3     2    25    94   132  -8.393  -0.018  -6.711                         -1.185 -1.318 -1.981  1.539 
     D    67    65 3    68     3     0    22    92   130  -6.442  -1.470  -0.672                         
    IR    68    68 3    68     3     2    25    94   132  -1.925  -0.554  -4.164                          0.000  0.000  0.000  0.000 
                                             [ MATR   23 ]      -     89 - U - -
    MR    69    68 3    71     3     2    24    93   131  -8.399  -0.018  -6.717                         -1.574 -1.555 -2.312  1.643 
     D    70    68 3    71     3     0    21    91   129  -6.390  -1.568  -0.620                         
    IR    71    71 3    71     3     1    24    93   131  -1.925  -0.554  -4.164                          0.000  0.000  0.000  0.000 
                                             [ MATR   24 ]      -     88 - U - -
    MR    72    71 3    74     3     2    24    92   130  -8.399  -0.018  -6.717                         -1.574 -1.555 -2.312  1.643 
     D    73    71 3    74     3     0    20    90   128  -6.390  -1.568  -0.620                         
    IR    74    74 3    74     3     1    23    92   130  -1.925  -0.554  -4.164                          0.000  0.000  0.000  0.000 
                                             [ MATR   25 ]      -     87 - U - -
    MR    75    74 3    77     3     1    23    91   129  -8.399  -0.030  -5.823                         -1.428 -1.349 -2.164  1.591 
     D    76    74 3    77     3     0    19    89   127  -6.390  -1.568  -0.620                         
    IR    77    77 3    77     3     1    23    91   129  -1.925  -0.554  -4.164                          0.000  0.000  0.000  0.000 
                                             [ MATR   26 ]      -     86 - U - -
    MR    78    77 3    80     3     2    22    90   128  -8.387  -0.018  -6.705                         -1.550 -1.535 -2.287  1.636 
     D    79    77 3    80     3     0    19    88   126  -6.488  -1.393  -0.718                         
    IR    80    80 3    80     3     1    22    90   128  -1.925  -0.554  -4.164                          0.000  0.000  0.000  0.000 
                                             [ MATR   27 ]      -     85 - U - -
    MR    81    80 3    83     3     1    21    89   127  -8.399  -0.018  -6.717                         -1.062 -0.715 -1.799  1.392 
     D    82    80 3    83     3     0    18    87   125  -6.390  -1.568  -0.620                         
    IR    83    83 3    83     3     1    21    89   127  -1.925  -0.554  -4.164                          0.000  0.000  0.000  0.000 
                                             [ MATR   28 ]      -     84 - u - -
    MR    84    83 3    86     3     1    20    88   126  -8.399  -0.018  -6.717                         -0.430 -0.909 -0.063  0.822 
     D    85    83 3    86     3     0    18    86   124  -6.390  -1.568  -0.620                         
    IR    86    86 3    86     3     1    20    88   126  -1.925  -0.554  -4.164                          0.000  0.000  0.000  0.000 
                                             [ MATR   29 ]      -     83 - G - -
    MR    87    86 3    89     3     1    19    87   125  -8.399  -0.018  -6.717                         -1.682 -2.918  1.746 -2.305 
     D    88    86 3    89     3     0    17    85   123  -6.390  -1.568  -0.620                         
    IR    89    89 3    89     3     1    19    87   125  -1.925  -0.554  -4.164                          0.000  0.000  0.000  0.000 
                                             [ MATR   30 ]      -     82 - G - -
    MR    90    89 3    92     2     1    18    86   124  -8.414  -0.004                                 -1.306 -2.648  1.675 -2.047 
     D    91    89 3    92     2     0    17    85   123  -4.432  -0.068                                 
    IR    92    92 3    92     2     1    18    86   124  -1.823  -0.479                                  0.000  0.000  0.000  0.000 
                                             [ BIF    31 ]      -      - - - - -
     B    93    92 3    94   132     0    17    85   123                                                 
                                             [ BEGL   32 ]      -      - - - - -
     S    94    93 1    95     4     0     0    26    45  -0.044  -6.859  -6.267  -6.907                 
                                             [ MATP   33 ]     20     31 C G - -
    MP    95    94 1    99     6     2     2    26    45  -9.127  -9.066  -0.021  -7.843  -8.123  -8.518 -3.995 -3.942 -3.855 -0.228 -2.781 -4.400  3.368 -2.352 -3.881 -0.001 -4.242 -1.951  0.859 -4.134 -0.251 -2.758 
    ML    96    94 1    99     6     1     1    25    44  -6.250  -6.596  -1.310  -1.005  -6.446  -3.975  0.368 -0.385 -0.191  0.094 
    MR    97    94 1    99     6     1     1    25    43  -6.988  -5.717  -1.625  -5.695  -0.829  -3.908  0.368 -0.385 -0.191  0.094 
     D    98    94 1    99     6     0     0    22    41  -9.049  -7.747  -3.544  -4.226  -4.244  -0.319 
    IL    99    99 5    99     6     1     1    26    44  -2.579  -2.842  -0.760  -4.497  -5.274  -4.934  0.000  0.000  0.000  0.000 
    IR   100   100 6   100     5     1     1    25    44  -2.408  -0.496  -5.920  -4.087  -5.193          0.000  0.000  0.000  0.000 
                                             [ MATP   34 ]     21     30 U A - -
    MP   101   100 6   105     6     2     2    24    43  -9.127  -9.066  -0.021  -7.843  -8.123  -8.518 -3.633 -3.617 -3.669 -0.045 -2.504 -4.396  1.281 -3.555 -3.679  0.168 -4.164 -1.716  3.241 -3.856 -0.497 -1.953 
    ML   102   100 6   105     6     1     1    23    42  -6.250  -6.596  -1.310  -1.005  -6.446  -3.975  0.368 -0.385 -0.191  0.094 
    MR   103   100 6   105     6     1     1    23    42  -6.988  -5.717  -1.625  -5.695  -0.829  -3.908  0.368 -0.385 -0.191  0.094 
     D   104   100 6   105     6     0     0    22    40  -9.049  -7.747  -3.544  -4.226  -4.244  -0.319 
    IL   105   105 5   105     6     1     1    24    43  -2.579  -2.842  -0.760  -4.497  -5.274  -4.934  0.000  0.000  0.000  0.000 
    IR   106   106 6   106     5     1     1    23    42  -2.408  -0.496  -5.920  -4.087  -5.193          0.000  0.000  0.000  0.000 
                                             [ MATP   35 ]     22     29 C G - -
    MP   107   106 6   111     4     2     2    22    41  -6.999  -7.206  -0.051  -5.620                 -4.553 -4.504 -4.239 -0.723 -2.939 -4.641  3.544 -3.757 -4.292 -0.494 -4.553 -2.487  0.583 -4.609 -0.494 -3.127 
    ML   108   106 6   111     4     1     1    23    42  -3.758  -3.940  -0.507  -2.670                  0.368 -0.385 -0.191  0.094 
    MR   109   106 6   111     4     1     1    22    41  -4.809  -3.838  -1.706  -0.766                  0.368 -0.385 -0.191  0.094 
     D   110   106 6   111     4     0     0    21    40  -4.568  -4.250  -2.265  -0.520                 
    IL   111   111 5   111     4     1     1    24    43  -1.686  -2.369  -1.117  -4.855                  0.000  0.000  0.000  0.000 
    IR   112   112 6   112     3     1     1    23    42  -1.442  -0.798  -4.142                          0.000  0.000  0.000  0.000 
                                             [ MATL   36 ]     23      - C - - -
    ML   113   112 6   115     3     1     1    19    37  -8.012  -0.020  -6.666                         -1.857  1.654 -2.684 -1.247 
     D   114   112 6   115     3     0     0    18    37  -6.174  -1.687  -0.566                         
    IL   115   115 3   115     3     1     1    22    41  -1.442  -0.798  -4.142                          0.000  0.000  0.000  0.000 
                                             [ MATL   37 ]     24      - A - - -
    ML   116   115 3   118     3     1     1    17    36  -8.012  -0.020  -6.666                          1.223 -1.525 -0.297 -0.985 
     D   117   115 3   118     3     0     0    17    36  -6.174  -1.687  -0.566                         
    IL   118   118 3   118     3     1     1    21    40  -1.442  -0.798  -4.142                          0.000  0.000  0.000  0.000 
                                             [ MATL   38 ]     25      - G - - -
    ML   119   118 3   121     3     1     1    16    35  -8.012  -0.020  -6.666                         -1.146 -2.529  1.638 -1.931 
     D   120   118 3   121     3     0     0    16    34  -6.174  -1.687  -0.566                         
    IL   121   121 3   121     3     1     1    20    38  -1.442  -0.798  -4.142                          0.000  0.000  0.000  0.000 
                                             [ MATL   39 ]     26      - c - - -
    ML   122   121 3   124     3     1     1    15    33  -8.012  -0.020  -6.666                         -0.763  0.650 -1.556  0.587 
     D   123   121 3   124     3     0     0    15    33  -6.174  -1.687  -0.566                         
    IL   124   124 3   124     3     1     1    19    37  -1.442  -0.798  -4.142                          0.000  0.000  0.000  0.000 
                                             [ MATL   40 ]     27      - C - - -
    ML   125   124 3   127     3     1     1    13    31  -8.012  -0.020  -6.666                         -1.857  1.654 -2.684 -1.247 
     D   126   124 3   127     3     0     0    13    32  -6.174  -1.687  -0.566                         
    IL   127   127 3   127     3     1     1    18    36  -1.442  -0.798  -4.142                          0.000  0.000  0.000  0.000 
                                             [ MATL   41 ]     28      - A - - -
    ML   128   127 3   130     2     1     1     1     1       *   0.000                                  1.739 -2.468 -2.090 -2.020 
     D   129   127 3   130     2     0     0     0     0       *   0.000                                 
    IL   130   130 3   130     2     1     1    13    28  -1.823  -0.479                                  0.000  0.000  0.000  0.000 
                                             [ END    42 ]      -      - - - - -
     E   131   130 3    -1     0     0     0     0     0                                                 
                                             [ BEGR   43 ]      -      - - - - -
     S   132    93 1   133     3     0     6    73   111  -8.012  -0.020  -6.666                         
    IL   133   133 2   133     3     1     6    74   113  -1.442  -0.798  -4.142                          0.000  0.000  0.000  0.000 
                                             [ MATL   44 ]     32      - C - - -
    ML   134   133 2   136     3     1     7    73   111  -8.012  -0.020  -6.666                         -1.224  1.493 -2.190 -0.897 
     D   135   133 2   136     3     0     1    71   109  -6.174  -1.687  -0.566                         
    IL   136   136 3   136     3     1     5    73   112  -1.442  -0.798  -4.142                          0.000  0.000  0.000  0.000 
                                             [ MATL   45 ]     33      - C - - -
    ML   137   136 3   139     3     1     6    72   110  -8.012  -0.020  -6.666                         -1.317  1.502 -2.227 -0.856 
     D   138   136 3   139     3     0     0    70   108  -6.174  -1.687  -0.566                         
    IL   139   139 3   139     3     1     5    72   111  -1.442  -0.798  -4.142                          0.000  0.000  0.000  0.000 
                                             [ MATL   46 ]     34      - A - - -
    ML   140   139 3   142     3     1     6    71   109  -8.012  -0.020  -6.666                          1.693 -2.255 -1.950 -1.741 
     D   141   139 3   142     3     0     0    69   107  -6.174  -1.687  -0.566                         
    IL   142   142 3   142     3     1     4    71   110  -1.442  -0.798  -4.142                          0.000  0.000  0.000  0.000 
                                             [ MATL   47 ]     35      - C - - -
    ML   143   142 3   145     3     1     5    70   108  -8.012  -0.020  -6.666                         -1.857  1.654 -2.684 -1.247 
     D   144   142 3   145     3     0     0    68   106  -6.174  -1.687  -0.566                         
    IL   145   145 3   145     3     1     4    70   109  -1.442  -0.798  -4.142                          0.000  0.000  0.000  0.000 
                                             [ MATL   48 ]     36      - C - - -
    ML   146   145 3   148     3     1     5    69   107  -8.012  -0.020  -6.666                         -1.857  1.654 -2.684 -1.247 
     D   147   145 3   148     3     0     0    67   105  -6.174  -1.687  -0.566                         
    IL   148   148 3   148     3     1     3    70   108  -1.442  -0.798  -4.142                          0.000  0.000  0.000  0.000 
                                             [ MATL   49 ]     37      - A - - -
    ML   149   148 3   151     3     1     4    68   106  -8.012  -0.020  -6.666                          1.739 -2.468 -2.090 -2.020 
     D   150   148 3   151     3     0     0    66   104  -6.174  -1.687  -0.566                         
    IL   151   151 3   151     3     1     2    69   107  -1.442  -0.798  -4.142                          0.000  0.000  0.000  0.000 
                                             [ MATL   50 ]     38      - A - - -
    ML   152   151 3   154     3     1     4    67   105  -8.012  -0.020  -6.666                          1.739 -2.468 -2.090 -2.020 
     D   153   151 3   154     3     0     0    65   103  -6.174  -1.687  -0.566                         
    IL   154   154 3   154     3     1     2    68   106  -1.442  -0.798  -4.142                          0.000  0.000  0.000  0.000 
                                             [ MATL   51 ]     39      - C - - -
    ML   155   154 3   157     3     1     3    66   104  -8.012  -0.020  -6.666                         -1.425  1.536 -2.313 -0.924 
     D   156   154 3   157     3     0     0    64   102  -6.174  -1.687  -0.566                         
    IL   157   157 3   157     3     1     2    67   105  -1.442  -0.798  -4.142                          0.000  0.000  0.000  0.000 
                                             [ MATL   52 ]     40      - U - - -
    ML   158   157 3   160     3     1     2    65   103  -8.012  -0.020  -6.666                         -1.574 -1.555 -2.312  1.643 
     D   159   157 3   160     3     0     0    63   101  -6.174  -1.687  -0.566                         
    IL   160   160 3   160     3     1     1    66   104  -1.442  -0.798  -4.142                          0.000  0.000  0.000  0.000 
                                             [ MATL   53 ]     41      - C - - -
    ML   161   160 3   163     3     1     1    64   102  -8.012  -0.066  -4.606                         -1.468  1.564 -2.370 -1.032 
     D   162   160 3   163     3     0     0    62   100  -6.174  -1.687  -0.566                         
    IL   163   163 3   163     3     1     1    65   103  -1.442  -0.798  -4.142                          0.000  0.000  0.000  0.000 
                                             [ MATL   54 ]     42      - A - - -
    ML   164   163 3   166     3     1     2    63   101  -7.966  -0.021  -6.620                          1.255 -1.260 -1.259 -0.362 
     D   165   163 3   166     3     0     0    61    99  -6.551  -1.093  -0.942                         
    IL   166   166 3   166     3     1     1    64   102  -1.442  -0.798  -4.142                          0.000  0.000  0.000  0.000 
                                             [ MATL   55 ]     43      - G - - -
    ML   167   166 3   169     3     1     1    62   100  -8.012  -0.020  -6.666                          0.105 -1.511  1.015 -0.853 
     D   168   166 3   169     3     0     0    60    98  -6.174  -1.687  -0.566                         
    IL   169   169 3   169     3     1     1    63   101  -1.442  -0.798  -4.142                          0.000  0.000  0.000  0.000 
                                             [ MATL   56 ]     44      - G - - -
    ML   170   169 3   172     3     1     1    61    99  -8.012  -0.037  -5.524                         -1.244 -2.601  1.661 -2.002 
     D   171   169 3   172     3     0     0    59    97  -6.174  -1.687  -0.566                         
    IL   172   172 3   172     3     1     1    62   100  -1.442  -0.798  -4.142                          0.000  0.000  0.000  0.000 
                                             [ MATL   57 ]     45      - G - - -
    ML   173   172 3   175     3     1     1    60    98  -7.994  -0.020  -6.649                         -0.669 -2.066  1.465 -1.431 
     D   174   172 3   175     3     0     0    58    96  -6.329  -1.393  -0.721                         
    IL   175   175 3   175     3     1     1    61    99  -1.442  -0.798  -4.142                          0.000  0.000  0.000  0.000 
                                             [ MATL   58 ]     46      - C - - -
    ML   176   175 3   178     3     1     1    59    97  -8.012  -0.020  -6.666                         -1.857  1.654 -2.684 -1.247 
     D   177   175 3   178     3     0     0    57    95  -6.174  -1.687  -0.566                         
    IL   178   178 3   178     3     1     1    60    98  -1.442  -0.798  -4.142                          0.000  0.000  0.000  0.000 
                                             [ MATL   59 ]     47      - U - - -
    ML   179   178 3   181     3     1     1    58    96  -8.012  -0.020  -6.666                         -1.062 -0.715 -1.799  1.392 
     D   180   178 3   181     3     0     0    56    94  -6.174  -1.687  -0.566                         
    IL   181   181 3   181     3     1     1    59    97  -1.442  -0.798  -4.142                          0.000  0.000  0.000  0.000 
                                             [ MATL   60 ]     48      - G - - -
    ML   182   181 3   184     3     1     1    57    95  -8.012  -0.020  -6.666                         -1.232 -2.593  1.659 -1.994 
     D   183   181 3   184     3     0     0    55    93  -6.174  -1.687  -0.566                         
    IL   184   184 3   184     3     1     1    58    96  -1.442  -0.798  -4.142                          0.000  0.000  0.000  0.000 
                                             [ MATL   61 ]     49      - g - - -
    ML   185   184 3   187     3     1     1    56    94  -8.012  -0.020  -6.666                          0.124 -1.411  0.997 -0.894 
     D   186   184 3   187     3     0     0    54    92  -6.174  -1.687  -0.566                         
    IL   187   187 3   187     3     1     1    57    95  -1.442  -0.798  -4.142                          0.000  0.000  0.000  0.000 
                                             [ MATL   62 ]     50      - A - - -
    ML   188   187 3   190     3     1     1    55    93  -8.012  -0.020  -6.666                          1.739 -2.468 -2.090 -2.020 
     D   189   187 3   190     3     0     0    53    91  -6.174  -1.687  -0.566                         
    IL   190   190 3   190     3     1     1    56    94  -1.442  -0.798  -4.142                          0.000  0.000  0.000  0.000 
                                             [ MATL   63 ]     51      - A - - -
    ML   191   190 3   193     3     1     1    54    92  -8.012  -0.020  -6.666                          1.164 -1.163 -0.467 -0.763 
     D   192   190 3   193     3     0     0    52    90  -6.174  -1.687  -0.566                         
    IL   193   193 3   193     3     1     1    55    93  -1.442  -0.798  -4.142                          0.000  0.000  0.000  0.000 
                                             [ MATL   64 ]     52      - A - - -
    ML   194   193 3   196     3     1     1    53    91  -8.012  -0.020  -6.666                          1.739 -2.468 -2.090 -2.020 
     D   195   193 3   196     3     0     0    51    89  -6.174  -1.687  -0.566                         
    IL   196   196 3   196     3     1     1    54    92  -1.442  -0.798  -4.142                          0.000  0.000  0.000  0.000 
                                             [ MATL   65 ]     53      - g - - -
    ML   197   196 3   199     3     1     1    52    90  -8.012  -0.030  -5.922                          0.349 -1.555  0.905 -0.963 
     D   198   196 3   199     3     0     0    50    88  -6.174  -1.687  -0.566                         
    IL   199   199 3   199     3     1     1    53    91  -1.442  -0.798  -4.142                          0.000  0.000  0.000  0.000 
                                             [ MATL   66 ]     54      - u - - -
    ML   200   199 3   202     3     1     1    51    89  -5.426  -0.070  -5.368                         -0.617  0.190 -1.416  0.874 
     D   201   199 3   202     3     0     0    49    87  -6.263  -1.776  -0.525                         
    IL   202   202 3   202     3     1     1    51    90  -1.507  -0.752  -4.207                          0.000  0.000  0.000  0.000 
                                             [ MATL   67 ]     56      - A - - -
    ML   203   202 3   205     3     1     1    50    88  -7.981  -0.020  -6.635                          1.666 -2.195 -1.695 -1.740 
     D   204   202 3   205     3     0     0    48    86  -6.436  -1.426  -0.698                         
    IL   205   205 3   205     3     1     1    51    89  -1.442  -0.798  -4.142                          0.000  0.000  0.000  0.000 
                                             [ MATL   68 ]     57      - a - - -
    ML   206   205 3   208     3     1     1    49    87  -8.002  -0.020  -6.656                          0.885 -0.068 -1.125 -0.433 
     D   207   205 3   208     3     0     0    47    85  -6.263  -1.776  -0.525                         
    IL   208   208 3   208     3     1     1    50    88  -1.442  -0.798  -4.142                          0.000  0.000  0.000  0.000 
                                             [ MATL   69 ]     58      - A - - -
    ML   209   208 3   211     3     1     1    48    86  -8.002  -0.020  -6.656                          1.549 -1.909 -1.193 -1.433 
     D   210   208 3   211     3     0     0    46    84  -6.263  -1.776  -0.525                         
    IL   211   211 3   211     3     1     1    49    87  -1.442  -0.798  -4.142                          0.000  0.000  0.000  0.000 
                                             [ MATL   70 ]     59      - A - - -
    ML   212   211 3   214     3     1     1    47    85  -8.002  -0.029  -5.963                          1.735 -2.448 -2.072 -1.998 
     D   213   211 3   214     3     0     0    45    83  -6.263  -1.508  -0.655                         
    IL   214   214 3   214     3     1     1    48    86  -1.442  -0.798  -4.142                          0.000  0.000  0.000  0.000 
                                             [ MATL   71 ]     60      - A - - -
    ML   215   214 3   217     3     1     1    46    84  -3.327  -0.181  -5.794                          1.676 -2.234 -1.728 -1.784 
     D   216   214 3   217     3     0     0    43    81  -6.255  -1.521  -0.647                         
    IL   217   217 3   217     3     1     1    46    84  -1.738  -0.612  -4.439                          0.000  0.000  0.000  0.000 
                                             [ MATL   72 ]     62      - A - - -
    ML   218   217 3   220     3     1     1    45    83  -2.238  -0.362  -6.654                          1.734 -2.444 -2.069 -1.993 
     D   219   217 3   220     3     0     0    42    80  -3.566  -1.794  -0.673                         
    IL   220   220 3   220     3     1     1    47    85  -0.697  -1.457  -5.723                          0.000  0.000  0.000  0.000 
                                             [ MATL   73 ]     69      - C - - -
    ML   221   220 3   223     3     1     1    27    46  -8.012  -0.020  -6.666                         -1.857  1.654 -2.684 -1.247 
     D   222   220 3   223     3     0     0    26    45  -6.174  -1.687  -0.566                         
    IL   223   223 3   223     3     1     1    29    49  -1.442  -0.798  -4.142                          0.000  0.000  0.000  0.000 
                                             [ MATL   74 ]     70      - C - - -
    ML   224   223 3   226     5     1     1    26    44  -7.135  -0.038  -6.950  -7.162  -8.054         -1.079  1.446 -2.087 -0.818 
     D   225   223 3   226     5     0     0    24    43  -4.959  -0.803  -4.221  -2.596  -2.508         
    IL   226   226 3   226     5     1     1    26    45  -2.408  -0.496  -4.087  -5.920  -5.193          0.000  0.000  0.000  0.000 
                                             [ MATP   75 ]     71     81 G C - -
    MP   227   226 3   231     6     2     2    25    43  -9.127  -9.066  -0.021  -7.843  -8.123  -8.518 -4.493 -2.110 -4.552  0.386 -5.168 -4.587 -0.527 -4.934 -4.236  3.582 -4.574 -0.664 -0.830 -4.235 -2.539 -3.472 
    ML   228   226 3   231     6     1     1    24    42  -6.250  -6.596  -1.310  -1.005  -6.446  -3.975  0.368 -0.385 -0.191  0.094 
    MR   229   226 3   231     6     1     1    23    42  -6.988  -5.717  -1.625  -5.695  -0.829  -3.908  0.368 -0.385 -0.191  0.094 
     D   230   226 3   231     6     0     0    21    40  -9.049  -7.747  -3.544  -4.226  -4.244  -0.319 
    IL   231   231 5   231     6     1     1    24    43  -2.579  -2.842  -0.760  -4.497  -5.274  -4.934  0.000  0.000  0.000  0.000 
    IR   232   232 6   232     5     1     1    24    43  -2.408  -0.496  -5.920  -4.087  -5.193          0.000  0.000  0.000  0.000 
                                             [ MATP   76 ]     72     80 A U - -
    MP   233   232 6   237     6     2     2    23    41  -9.127  -9.066  -0.021  -7.843  -8.123  -8.518 -3.879 -2.888 -3.892  3.386 -4.274 -5.344  0.032 -3.928 -3.779  0.983 -4.332 -0.350 -0.385 -4.518 -1.908 -2.720 
    ML   234   232 6   237     6     1     1    22    41  -6.250  -6.596  -1.310  -1.005  -6.446  -3.975  0.368 -0.385 -0.191  0.094 
    MR   235   232 6   237     6     1     1    22    41  -6.988  -5.717  -1.625  -5.695  -0.829  -3.908  0.368 -0.385 -0.191  0.094 
     D   236   232 6   237     6     0     0    20    39  -9.049  -7.747  -3.544  -4.226  -4.244  -0.319 
    IL   237   237 5   237     6     1     1    23    41  -2.579  -2.842  -0.760  -4.497  -5.274  -4.934  0.000  0.000  0.000  0.000 
    IR   238   238 6   238     5     1     1    22    41  -2.408  -0.496  -5.920  -4.087  -5.193          0.000  0.000  0.000  0.000 
                                             [ MATP   77 ]     73     79 c g - -
    MP   239   238 6   243     4     2     2    21    39  -6.999  -7.206  -0.051  -5.620                 -3.792 -3.781 -3.626 -0.085 -2.508 -4.143  2.849 -3.248 -3.652  0.120 -4.012 -1.835  1.087 -3.914  1.774 -2.532 
    ML   240   238 6   243     4     1     1    22    40  -3.758  -3.940  -0.507  -2.670                  0.368 -0.385 -0.191  0.094 
    MR   241   238 6   243     4     1     1    21    40  -4.809  -3.838  -1.706  -0.766                  0.368 -0.385 -0.191  0.094 
     D   242   238 6   243     4     0     0    20    39  -4.568  -4.250  -2.265  -0.520                 
    IL   243   243 5   243     4     1     1    23    42  -1.686  -2.369  -1.117  -4.855                  0.000  0.000  0.000  0.000 
    IR   244   244 6   244     3     1     1    22    41  -1.442  -0.798  -4.142                          0.000  0.000  0.000  0.000 
                                             [ MATL   78 ]     74      - g - - -
    ML   245   244 6   247     3     1     1    17    36  -8.012  -0.020  -6.666                         -0.340 -1.009  0.541  0.332 
     D   246   244 6   247     3     0     0    17    36  -6.174  -1.687  -0.566                         
    IL   247   247 3   247     3     1     1    21    40  -1.442  -0.798  -4.142                          0.000  0.000  0.000  0.000 
                                             [ MATL   79 ]     75      - a - - -
    ML   248   247 3   250     3     1     1    16    35  -8.012  -0.020  -6.666                          0.472  0.328 -1.118 -0.156 
     D   249   247 3   250     3     0     0    16    34  -6.174  -1.687  -0.566                         
    IL   250   250 3   250     3     1     1    20    38  -1.442  -0.798  -4.142                          0.000  0.000  0.000  0.000 
                                             [ MATL   80 ]     76      - a - - -
    ML   251   250 3   253     3     1     1    15    33  -8.012  -0.020  -6.666                          0.499  0.053 -0.509 -0.242 
     D   252   250 3   253     3     0     0    15    33  -6.174  -1.687  -0.566                         
    IL   253   253 3   253     3     1     1    19    37  -1.442  -0.798  -4.142                          0.000  0.000  0.000  0.000 
                                             [ MATL   81 ]     77      - a - - -
    ML   254   253 3   256     3     1     1    13    31  -8.012  -0.020  -6.666                          0.860 -0.025 -1.130 -0.425 
     D   255   253 3   256     3     0     0    13    32  -6.174  -1.687  -0.566                         
    IL   256   256 3   256     3     1     1    18    36  -1.442  -0.798  -4.142                          0.000  0.000  0.000  0.000 
                                             [ MATL   82 ]     78      - A - - -
    ML   257   256 3   259     2     1     1     1     1       *   0.000                                  1.556 -1.577 -1.613 -1.328 
     D   258   256 3   259     2     0     0     0     0       *   0.000                                 
    IL   259   259 3   259     2     1     1    13    28  -1.823  -0.479                                  0.000  0.000  0.000  0.000 
                                             [ END    83 ]      -      - - - - -
     E   260   259 3    -1     0     0     0     0     0                                                 
//
HMMER3/f [3.1b3 | July 2016]
NAME  at_nt_dinq_agrb_evalue_maxS_round5_0001
LENG  84
MAXL  176
ALPH  RNA
RF    no
MM    no
CONS  yes
CS    yes
MAP   yes
DATE  Fri Jan 24 15:44:32 2020
COM   [1] cmbuild /home/co78wid/projects/master/results/ta_systems/dinq_agrb/dinq_agrb_evalue_maxS/2_structure_analysis/infernal_search/at_nt_dinq_agrb_evalue_maxS_cmbuild.txt /home/co78wid/projects/master/results/ta_systems/dinq_agrb/dinq_agrb_evalue_maxS/1_sequence_analysis/fold/at_nt_dinq_agrb_evalue_maxS_round5.stk
NSEQ  89
EFFN  2.273346
CKSUM 3238623358
STATS LOCAL MSV       -8.6753  0.71860
STATS LOCAL VITERBI   -9.5981  0.71860
STATS LOCAL FORWARD   -3.2513  0.71860
HMM          A        C        G        U   
            m->m     m->i     m->d     i->m     i->i     d->m     d->d
  COMPO   1.22980  1.40159  1.55493  1.38533
          1.38629  1.38629  1.38629  1.38629
          0.32046  3.95044  1.36673  1.46634  0.26236  0.00000        *
      1   2.11708  2.16942  2.60705  0.36872      1 U - - :
          1.38629  1.38629  1.38629  1.38629
          0.05168  3.68165  3.68165  1.46634  0.26236  2.72433  0.06784
      2   2.11708  2.16942  2.60705  0.36872      2 U - - :
          1.38629  1.38629  1.38629  1.38629
          0.05168  3.68165  3.68165  1.46634  0.26236  2.72433  0.06784
      3   0.28348  2.69747  2.47569  2.35012      3 A - - :
          1.38629  1.38629  1.38629  1.38629
          0.05168  3.68165  3.68165  1.46634  0.26236  2.72433  0.06784
      4   2.12521  2.90917  0.29768  2.48249      4 G - - :
          1.38629  1.38629  1.38629  1.38629
          0.05168  3.68165  3.68165  1.46634  0.26236  2.72433  0.06784
      5   0.28348  2.69747  2.47569  2.35012      5 A - - :
          1.38629  1.38629  1.38629  1.38629
          0.05168  3.68165  3.68165  1.46634  0.26236  2.72433  0.06784
      6   2.11708  2.16942  2.60705  0.36872      6 U - - :
          1.38629  1.38629  1.38629  1.38629
          0.05168  3.68165  3.68165  1.46634  0.26236  2.72433  0.06784
      7   1.26666  2.33511  0.74617  1.91562      7 g - - :
          1.38629  1.38629  1.38629  1.38629
          0.05168  3.68165  3.68165  1.46634  0.26236  2.72433  0.06784
      8   0.74935  1.99977  1.98404  1.36866      8 a - - :
          1.38629  1.38629  1.38629  1.38629
          0.05168  3.68165  3.68165  1.46634  0.26236  2.72433  0.06784
      9   1.54553  1.88349  1.33000  0.99353      9 u - - :
          1.38629  1.38629  1.38629  1.38629
          0.05168  3.68165  3.68165  1.46634  0.26236  2.72433  0.06784
     10   1.40041  2.40910  0.64106  1.98869     10 G - - :
          1.38629  1.38629  1.38629  1.38629
          0.05168  3.68165  3.68165  1.46634  0.26236  2.72433  0.06784
     11   1.34377  2.37647  0.68340  1.95640     11 G - - :
          1.38629  1.38629  1.38629  1.38629
          0.05168  3.68165  3.68165  1.46634  0.26236  2.72433  0.06784
     12   2.12439  0.44669  2.67635  1.76062     12 C - - :
          1.38629  1.38629  1.38629  1.38629
          0.05168  3.68165  3.68165  1.46634  0.26236  1.17842  0.36783
     13   1.17437  1.92144  2.10645  0.86057     13 u - - :
          1.38629  1.38629  1.38629  1.38629
          0.04717  3.77056  3.77056  1.46634  0.26236  2.44703  0.09053
     14   1.08429  1.63181  2.03738  1.09091     14 a - - :
          1.38629  1.38629  1.38629  1.38629
          0.04717  3.77056  3.77056  1.46634  0.26236  1.56093  0.23565
     15   2.31850  2.33333  2.82171  0.29423     15 U - - :
          1.38629  1.38629  1.38629  1.38629
          0.04564  3.80288  3.80288  1.46634  0.26236  0.88205  0.53432
     16   2.20882  0.46415  2.77989  1.61215     16 C - - :
          1.38629  1.38629  1.38629  1.38629
          0.04254  3.87167  3.87167  1.46634  0.26236  0.34018  1.24355
     17   2.03872  1.54771  2.56123  0.54497     17 U - - :
          1.38629  1.38629  1.38629  1.38629
          0.03925  3.95044  3.95044  1.46634  0.26236  1.09861  0.40547
     18   1.98762  0.81918  2.54949  1.06693     18 c - - :
          1.38629  1.38629  1.38629  1.38629
          0.03925  3.95044  3.95044  1.46634  0.26236  1.09861  0.40547
     19   0.81940  1.71424  2.12490  1.34800     19 a - - :
          1.38629  1.38629  1.38629  1.38629
          0.03925  3.95044  3.95044  1.46634  0.26236  1.09861  0.40547
     20   2.76184  0.37852  2.51771  1.76431     20 C - - <
          1.38629  1.38629  1.38629  1.38629
          0.03925  3.95044  3.95044  1.46634  0.26236  1.09861  0.40547
     21   2.65036  1.85223  2.42316  0.38002     21 U - - <
          1.38629  1.38629  1.38629  1.38629
          0.03925  3.95044  3.95044  1.46634  0.26236  1.09861  0.40547
     22   3.10957  0.27410  2.87850  1.97396     22 C - - <
          1.38629  1.38629  1.38629  1.38629
          0.03925  3.95044  3.95044  1.46634  0.26236  1.09861  0.40547
     23   2.80631  0.20963  3.38196  2.35699     23 C - - _
          1.38629  1.38629  1.38629  1.38629
          0.03925  3.95044  3.95044  1.46634  0.26236  1.09861  0.40547
     24   0.51913  2.49647  1.59266  2.12692     24 A - - _
          1.38629  1.38629  1.38629  1.38629
          0.03925  3.95044  3.95044  1.46634  0.26236  1.09861  0.40547
     25   2.25542  3.24289  0.22659  2.83239     25 G - - _
          1.38629  1.38629  1.38629  1.38629
          0.03925  3.95044  3.95044  1.46634  0.26236  1.09861  0.40547
     26   1.96187  0.91194  2.51768  0.97548     26 c - - _
          1.38629  1.38629  1.38629  1.38629
          0.03925  3.95044  3.95044  1.46634  0.26236  1.09861  0.40547
     27   2.80631  0.20963  3.38196  2.35699     27 C - - _
          1.38629  1.38629  1.38629  1.38629
          0.03925  3.95044  3.95044  1.46634  0.26236  1.09861  0.40547
     28   0.16059  3.20631  2.93362  2.90678     28 A - - _
          1.38629  1.38629  1.38629  1.38629
          0.03925  3.95044  3.95044  1.46634  0.26236  1.09861  0.40547
     29   2.28145  3.03600  0.23215  2.86449     29 G - - >
          1.38629  1.38629  1.38629  1.38629
          0.03925  3.95044  3.95044  1.46634  0.26236  1.09861  0.40547
     30   0.44142  2.58688  1.67299  2.36510     30 A - - >
          1.38629  1.38629  1.38629  1.38629
          0.03925  3.95044  3.95044  1.46634  0.26236  1.09861  0.40547
     31   2.06858  2.67488  0.33283  2.43235     31 G - - >
          1.38629  1.38629  1.38629  1.38629
          0.03925  3.95044  3.95044  1.46634  0.26236  1.09861  0.40547
     32   2.32072  0.31693  3.00731  2.08753     32 C - - -
          1.38629  1.38629  1.38629  1.38629
          0.03925  3.95044  3.95044  1.46634  0.26236  1.09861  0.40547
     33   2.38881  0.31220  3.03171  2.05424     33 C - - -
          1.38629  1.38629  1.38629  1.38629
          0.03925  3.95044  3.95044  1.46634  0.26236  1.09861  0.40547
     34   0.19218  3.04206  2.82589  2.69044     34 A - - -
          1.38629  1.38629  1.38629  1.38629
          0.03925  3.95044  3.95044  1.46634  0.26236  1.09861  0.40547
     35   2.80631  0.20963  3.38196  2.35699     35 C - - -
          1.38629  1.38629  1.38629  1.38629
          0.03925  3.95044  3.95044  1.46634  0.26236  1.09861  0.40547
     36   2.80631  0.20963  3.38196  2.35699     36 C - - -
          1.38629  1.38629  1.38629  1.38629
          0.03925  3.95044  3.95044  1.46634  0.26236  1.09861  0.40547
     37   0.16059  3.20631  2.93362  2.90678     37 A - - -
          1.38629  1.38629  1.38629  1.38629
          0.03925  3.95044  3.95044  1.46634  0.26236  1.09861  0.40547
     38   0.16059  3.20631  2.93362  2.90678     38 A - - -
          1.38629  1.38629  1.38629  1.38629
          0.03925  3.95044  3.95044  1.46634  0.26236  1.09861  0.40547
     39   2.47088  0.28963  3.09588  2.10609     39 C - - -
          1.38629  1.38629  1.38629  1.38629
          0.03925  3.95044  3.95044  1.46634  0.26236  1.09861  0.40547
     40   2.57908  2.54832  3.09521  0.22230     40 U - - -
          1.38629  1.38629  1.38629  1.38629
          0.03925  3.95044  3.95044  1.46634  0.26236  1.09861  0.40547
     41   2.50507  0.27009  3.14184  2.19089     41 C - - -
          1.38629  1.38629  1.38629  1.38629
          0.07557  3.95044  2.92727  1.46634  0.26236  1.09861  0.40547
     42   0.49573  2.29865  2.30273  1.65814     42 A - - -
          1.38629  1.38629  1.38629  1.38629
          0.04068  3.91554  3.91554  1.46634  0.26236  0.54169  0.87171
     43   1.32397  2.48101  0.65778  2.02296     43 G - - -
          1.38629  1.38629  1.38629  1.38629
          0.03925  3.95044  3.95044  1.46634  0.26236  1.09861  0.40547
     44   2.32934  3.29799  0.21089  2.88559     44 G - - -
          1.38629  1.38629  1.38629  1.38629
          0.05294  3.95044  3.43221  1.46634  0.26236  1.09861  0.40547
     45   1.89572  2.89311  0.34475  2.45356     45 G - - -
          1.38629  1.38629  1.38629  1.38629
          0.03978  3.93728  3.93728  1.46634  0.26236  0.78443  0.60951
     46   2.80631  0.20963  3.38196  2.35699     46 C - - -
          1.38629  1.38629  1.38629  1.38629
          0.03925  3.95044  3.95044  1.46634  0.26236  1.09861  0.40547
     47   2.18697  1.90936  2.70022  0.39693     47 U - - -
          1.38629  1.38629  1.38629  1.38629
          0.03925  3.95044  3.95044  1.46634  0.26236  1.09861  0.40547
     48   2.32060  3.29148  0.21268  2.87932     48 G - - -
          1.38629  1.38629  1.38629  1.38629
          0.03925  3.95044  3.95044  1.46634  0.26236  1.09861  0.40547
     49   1.31034  2.40488  0.66944  2.05571     49 G - - -
          1.38629  1.38629  1.38629  1.38629
          0.03925  3.95044  3.95044  1.46634  0.26236  1.09861  0.40547
     50   0.16059  3.20631  2.93362  2.90678     50 A - - -
          1.38629  1.38629  1.38629  1.38629
          0.03925  3.95044  3.95044  1.46634  0.26236  1.09861  0.40547
     51   0.56093  2.22116  1.71683  1.95756     51 A - - -
          1.38629  1.38629  1.38629  1.38629
          0.03925  3.95044  3.95044  1.46634  0.26236  1.09861  0.40547
     52   0.16059  3.20631  2.93362  2.90678     52 A - - -
          1.38629  1.38629  1.38629  1.38629
          0.03925  3.95044  3.95044  1.46634  0.26236  1.09861  0.40547
     53   1.14454  2.51736  0.73454  2.11006     53 g - - -
          1.38629  1.38629  1.38629  1.38629
          0.04688  3.95044  3.62872  1.46634  0.26236  1.09861  0.40547
     54   1.84954  1.24233  2.41004  0.76751     54 u - - -
          1.38629  1.38629  1.38629  1.38629
          0.07883  3.20185  3.34902  0.77816  0.61480  1.21773  0.35084
     55   0.21004  2.99819  2.63203  2.69363     56 A - - -
          1.38629  1.38629  1.38629  1.38629
          0.04019  3.92725  3.92725  1.46634  0.26236  0.83882  0.56602
     56   0.75468  1.42434  2.20403  1.72139     57 a - - -
          1.38629  1.38629  1.38629  1.38629
          0.03955  3.94311  3.94311  1.46634  0.26236  1.21773  0.35084
     57   0.29126  2.78077  2.25140  2.45999     58 A - - -
          1.38629  1.38629  1.38629  1.38629
          0.03955  3.94311  3.94311  1.46634  0.26236  1.21773  0.35084
     58   0.16309  3.19211  2.92083  2.89113     59 A - - -
          1.38629  1.38629  1.38629  1.38629
          0.04657  3.94311  3.64538  1.46634  0.26236  0.89601  0.52458
     59   0.20351  3.02721  2.65621  2.72609     60 A - - -
          1.38629  1.38629  1.38629  1.38629
          0.15551  2.08230  3.94374  0.28631  1.39041  0.91028  0.51485
     60   0.16363  3.18906  2.91808  2.88777     62 A - - -
          1.38629  1.38629  1.38629  1.38629
          0.32046  1.36673  3.95044  1.34934  0.30031  1.09861  0.40547
     61   2.80631  0.20963  3.38196  2.35699     69 C - - -
          1.38629  1.38629  1.38629  1.38629
          0.03925  3.95044  3.95044  1.46634  0.26236  1.09861  0.40547
     62   2.21057  0.34918  2.93025  2.02714     70 C - - -
          1.38629  1.38629  1.38629  1.38629
          0.03925  3.95044  3.95044  1.46634  0.26236  1.09861  0.40547
     63   2.31287  3.06506  0.22033  2.95427     71 G - - <
          1.38629  1.38629  1.38629  1.38629
          0.03925  3.95044  3.95044  1.46634  0.26236  1.09861  0.40547
     64   0.35591  2.73196  1.80312  2.66519     72 A - - <
          1.38629  1.38629  1.38629  1.38629
          0.03925  3.95044  3.95044  1.46634  0.26236  1.09861  0.40547
     65   2.65330  0.73943  2.42782  1.01069     73 c - - <
          1.38629  1.38629  1.38629  1.38629
          0.03925  3.95044  3.95044  1.46634  0.26236  1.09861  0.40547
     66   1.64819  2.11621  0.98934  1.15425     74 g - - _
          1.38629  1.38629  1.38629  1.38629
          0.03925  3.95044  3.95044  1.46634  0.26236  1.09861  0.40547
     67   1.05270  1.14079  2.19411  1.51420     75 a - - _
          1.38629  1.38629  1.38629  1.38629
          0.03925  3.95044  3.95044  1.46634  0.26236  1.09861  0.40547
     68   1.03353  1.33719  1.74418  1.57562     76 a - - _
          1.38629  1.38629  1.38629  1.38629
          0.03925  3.95044  3.95044  1.46634  0.26236  1.09861  0.40547
     69   0.77257  1.39332  2.20702  1.71535     77 a - - _
          1.38629  1.38629  1.38629  1.38629
          0.03925  3.95044  3.95044  1.46634  0.26236  1.09861  0.40547
     70   0.28608  2.52672  2.57026  2.38202     78 A - - _
          1.38629  1.38629  1.38629  1.38629
          0.03925  3.95044  3.95044  1.46634  0.26236  1.09861  0.40547
     71   1.91178  2.58816  0.37424  2.41670     79 G - - >
          1.38629  1.38629  1.38629  1.38629
          0.03925  3.95044  3.95044  1.46634  0.26236  1.09861  0.40547
     72   2.88289  2.09225  2.54056  0.29868     80 U - - >
          1.38629  1.38629  1.38629  1.38629
          0.03925  3.95044  3.95044  1.46634  0.26236  1.09861  0.40547
     73   3.14666  0.25201  2.88030  2.09028     81 C - - >
          1.38629  1.38629  1.38629  1.38629
          0.03925  3.95044  3.95044  1.46634  0.26236  1.09861  0.40547
     74   2.37689  3.33337  0.20146  2.91962     82 G - - :
          1.38629  1.38629  1.38629  1.38629
          0.03925  3.95044  3.95044  1.46634  0.26236  1.09861  0.40547
     75   2.66629  3.53944  0.15422  3.11497     83 G - - :
          1.38629  1.38629  1.38629  1.38629
          0.03925  3.95044  3.95044  1.46634  0.26236  1.09861  0.40547
     76   1.71464  2.04766  1.42325  0.79850     84 u - - :
          1.38629  1.38629  1.38629  1.38629
          0.03925  3.95044  3.95044  1.46634  0.26236  1.09861  0.40547
     77   2.18697  1.90936  2.70022  0.39693     85 U - - :
          1.38629  1.38629  1.38629  1.38629
          0.04926  3.95044  3.54664  1.46634  0.26236  1.09861  0.40547
     78   2.56169  2.53391  3.07708  0.22642     86 U - - :
          1.38629  1.38629  1.38629  1.38629
          0.03964  3.94082  3.94082  1.46634  0.26236  0.84825  0.55890
     79   2.46367  2.38695  2.97702  0.25874     87 U - - :
          1.38629  1.38629  1.38629  1.38629
          0.03925  3.95044  3.95044  1.46634  0.26236  1.09861  0.40547
     80   2.57908  2.54832  3.09521  0.22230     88 U - - :
          1.38629  1.38629  1.38629  1.38629
          0.03925  3.95044  3.95044  1.46634  0.26236  1.09861  0.40547
     81   2.57908  2.54832  3.09521  0.22230     89 U - - :
          1.38629  1.38629  1.38629  1.38629
          0.04451  3.95044  3.71795  1.46634  0.26236  1.09861  0.40547
     82   2.27846  2.36367  2.83948  0.29433     90 U - - :
          1.38629  1.38629  1.38629  1.38629
          0.09503  3.94539  2.64066  1.46634  0.26236  0.94977  0.48911
     83   0.80738  2.04439  2.13910  1.18170     91 a - - :
          1.38629  1.38629  1.38629  1.38629
          0.23756  3.89735  1.65468  1.46634  0.26236  1.73813  0.19340
     84   2.03555  0.53093  2.58835  1.57895     92 C - - :
          1.38629  1.38629  1.38629  1.38629
          0.02541  3.68520        *  1.46634  0.26236  0.00000        *
//
