INFERNAL1/a [1.1.2 | July 2016]
NAME     t_pro_dinq_agrb_evalue_maxS_round5_0001
STATES   382
NODES    115
CLEN     126
W        144
ALPH     RNA
RF       no
CONS     yes
MAP      yes
DATE     Fri Jan 24 16:54:45 2020
COM      [1] cmbuild /home/co78wid/projects/master/results/ta_systems/dinq_agrb/dinq_agrb_evalue_maxS/2_structure_analysis/infernal_search/t_pro_dinq_agrb_evalue_maxS_cmbuild.txt /home/co78wid/projects/master/results/ta_systems/dinq_agrb/dinq_agrb_evalue_maxS/1_sequence_analysis/fold/t_pro_dinq_agrb_evalue_maxS_round5.stk
COM      [2] cmcalibrate --cpu 30 /home/co78wid/projects/master/results/ta_systems/dinq_agrb/dinq_agrb_evalue_maxS/2_structure_analysis/infernal_search/t_pro_dinq_agrb_evalue_maxS_cmbuild.txt
PBEGIN   0.05
PEND     0.05
WBETA    1e-07
QDBBETA1 1e-07
QDBBETA2 1e-15
N2OMEGA  1.52588e-05
N3OMEGA  1.52588e-05
ELSELF   -0.08926734
NSEQ     25
EFFN     1.968384
CKSUM    3665331039
NULL     0.000  0.000  0.000  0.000 
EFP7GF   -4.9356 0.71809
ECMLC    0.62062    -9.79287    -0.53918     1600000      374414  0.003205
ECMGC    0.40155   -18.73513    -8.12289     1600000       28361  0.014104
ECMLI    0.50154    -8.80622     1.77364     1600000      241903  0.004961
ECMGI    0.45973   -10.91586    -1.91471     1600000       25074  0.015953
CM
                                             [ ROOT    0 ]      -      - - - - -
     S     0    -1 0     1     4     1     1   144   166  -6.964  -7.171  -0.536  -1.759                 
    IL     1     1 2     1     4    11    56   148   169  -1.686  -2.369  -1.117  -4.855                  0.000  0.000  0.000  0.000 
    IR     2     2 3     2     3    11    56   147   168  -1.442  -0.798  -4.142                          0.000  0.000  0.000  0.000 
                                             [ MATL    1 ]      1      - A - - -
    ML     3     2 3     5     3    12    57   144   166  -7.554  -0.027  -6.208                          1.470 -1.573 -1.283 -1.048 
     D     4     2 3     5     3     6    48   142   163  -7.933  -3.446  -0.145                         
    IL     5     5 3     5     3    11    55   146   167  -1.442  -0.798  -4.142                          0.000  0.000  0.000  0.000 
                                             [ MATL    2 ]      2      - U - - -
    ML     6     5 3     8     3    12    57   143   165  -7.554  -0.027  -6.208                         -0.775 -0.908 -1.458  1.333 
     D     7     5 3     8     3     5    48   141   162  -7.933  -3.446  -0.145                         
    IL     8     8 3     8     3    10    55   145   166  -1.442  -0.798  -4.142                          0.000  0.000  0.000  0.000 
                                             [ MATL    3 ]      3      - G - - -
    ML     9     8 3    11     3    12    56   142   163  -7.554  -0.027  -6.208                         -0.723 -1.784  1.411 -1.171 
     D    10     8 3    11     3     5    48   140   161  -7.933  -1.976  -0.431                         
    IL    11    11 3    11     3    10    54   144   165  -1.442  -0.798  -4.142                          0.000  0.000  0.000  0.000 
                                             [ MATL    4 ]      4      - A - - -
    ML    12    11 3    14     3    11    56   141   162  -7.664  -0.025  -6.318                          1.552 -1.779 -1.470 -1.269 
     D    13    11 3    14     3     5    47   139   160  -7.677  -3.190  -0.175                         
    IL    14    14 3    14     3    10    54   143   164  -1.442  -0.798  -4.142                          0.000  0.000  0.000  0.000 
                                             [ MATL    5 ]      5      - G - - -
    ML    15    14 3    17     3    11    55   140   161  -7.664  -0.025  -6.318                         -0.944 -2.051  1.521 -1.436 
     D    16    14 3    17     3     5    46   138   159  -7.677  -3.190  -0.175                         
    IL    17    17 3    17     3    10    54   142   163  -1.442  -0.798  -4.142                          0.000  0.000  0.000  0.000 
                                             [ MATL    6 ]      6      - U - - -
    ML    18    17 3    20     3    11    55   139   160  -7.664  -0.025  -6.318                         -0.955 -1.050 -1.654  1.424 
     D    19    17 3    20     3     4    46   136   158  -7.677  -3.190  -0.175                         
    IL    20    20 3    20     3     9    53   141   162  -1.442  -0.798  -4.142                          0.000  0.000  0.000  0.000 
                                             [ MATL    7 ]      7      - A - - -
    ML    21    20 3    23     3    11    55   138   159  -7.664  -0.025  -6.318                          1.552 -1.779 -1.470 -1.269 
     D    22    20 3    23     3     4    46   135   157  -7.677  -3.190  -0.175                         
    IL    23    23 3    23     3     9    53   140   161  -1.442  -0.798  -4.142                          0.000  0.000  0.000  0.000 
                                             [ MATL    8 ]      8      - A - - -
    ML    24    23 3    26     3    11    54   137   158  -7.664  -0.025  -6.318                          1.552 -1.779 -1.470 -1.269 
     D    25    23 3    26     3     4    45   134   156  -7.677  -3.190  -0.175                         
    IL    26    26 3    26     3     9    53   139   160  -1.442  -0.798  -4.142                          0.000  0.000  0.000  0.000 
                                             [ MATL    9 ]      9      - G - - -
    ML    27    26 3    29     3    10    54   136   157  -7.664  -0.025  -6.318                         -0.944 -2.051  1.521 -1.436 
     D    28    26 3    29     3     4    45   133   155  -7.677  -3.190  -0.175                         
    IL    29    29 3    29     3     9    52   138   159  -1.442  -0.798  -4.142                          0.000  0.000  0.000  0.000 
                                             [ MATL   10 ]     10      - C - - -
    ML    30    29 3    32     3    10    54   135   156  -7.664  -0.025  -6.318                         -1.047  1.367 -1.836 -0.606 
     D    31    29 3    32     3     4    45   132   154  -7.677  -3.190  -0.175                         
    IL    32    32 3    32     3     8    52   137   158  -1.442  -0.798  -4.142                          0.000  0.000  0.000  0.000 
                                             [ MATL   11 ]     11      - G - - -
    ML    33    32 3    35     3    10    53   134   155  -7.664  -0.025  -6.318                         -0.379 -0.987  1.060 -0.642 
     D    34    32 3    35     3     3    44   131   153  -7.677  -3.190  -0.175                         
    IL    35    35 3    35     3     8    51   136   157  -1.442  -0.798  -4.142                          0.000  0.000  0.000  0.000 
                                             [ MATL   12 ]     12      - G - - -
    ML    36    35 3    38     3    10    53   133   154  -7.664  -0.025  -6.318                         -0.944 -2.051  1.521 -1.436 
     D    37    35 3    38     3     3    44   130   151  -7.677  -3.190  -0.175                         
    IL    38    38 3    38     3     8    51   135   156  -1.442  -0.798  -4.142                          0.000  0.000  0.000  0.000 
                                             [ MATL   13 ]     13      - A - - -
    ML    39    38 3    41     3    10    53   132   153  -7.664  -0.025  -6.318                          1.014 -0.764 -0.940 -0.201 
     D    40    38 3    41     3     3    44   129   150  -7.677  -3.190  -0.175                         
    IL    41    41 3    41     3     8    51   134   155  -1.442  -0.798  -4.142                          0.000  0.000  0.000  0.000 
                                             [ MATL   14 ]     14      - u - - -
    ML    42    41 3    44     3     9    52   131   152  -7.664  -0.025  -6.318                         -0.355 -0.716 -0.561  0.950 
     D    43    41 3    44     3     3    43   128   149  -7.677  -3.190  -0.175                         
    IL    44    44 3    44     3     8    50   133   154  -1.442  -0.798  -4.142                          0.000  0.000  0.000  0.000 
                                             [ MATL   15 ]     15      - G - - -
    ML    45    44 3    47     3     9    52   130   151  -7.664  -0.025  -6.318                         -0.944 -2.051  1.521 -1.436 
     D    46    44 3    47     3     3    43   127   148  -7.677  -3.190  -0.175                         
    IL    47    47 3    47     3     7    50   132   153  -1.442  -0.798  -4.142                          0.000  0.000  0.000  0.000 
                                             [ MATL   16 ]     16      - c - - -
    ML    48    47 3    50     3     9    51   129   150  -7.664  -0.025  -6.318                         -0.630  0.923 -1.405  0.111 
     D    49    47 3    50     3     3    43   126   147  -7.677  -3.190  -0.175                         
    IL    50    50 3    50     3     7    50   130   152  -1.442  -0.798  -4.142                          0.000  0.000  0.000  0.000 
                                             [ MATL   17 ]     17      - A - - -
    ML    51    50 3    53     3     9    51   128   149  -7.664  -0.025  -6.318                          1.142 -1.248 -0.409 -0.694 
     D    52    50 3    53     3     2    42   125   146  -7.677  -3.190  -0.175                         
    IL    53    53 3    53     3     7    49   129   151  -1.442  -0.798  -4.142                          0.000  0.000  0.000  0.000 
                                             [ MATL   18 ]     18      - U - - -
    ML    54    53 3    56     3     9    50   127   148  -7.664  -0.025  -6.318                         -0.955 -1.050 -1.654  1.424 
     D    55    53 3    56     3     2    42   124   145  -7.677  -3.190  -0.175                         
    IL    56    56 3    56     3     7    49   128   150  -1.442  -0.798  -4.142                          0.000  0.000  0.000  0.000 
                                             [ MATL   19 ]     19      - U - - -
    ML    57    56 3    59     3     8    50   126   147  -7.664  -0.025  -6.318                         -0.955 -1.050 -1.654  1.424 
     D    58    56 3    59     3     2    42   123   144  -7.677  -3.190  -0.175                         
    IL    59    59 3    59     3     7    48   127   149  -1.442  -0.798  -4.142                          0.000  0.000  0.000  0.000 
                                             [ MATL   20 ]     20      - C - - -
    ML    60    59 3    62     3     8    49   125   146  -7.664  -0.025  -6.318                         -1.047  1.367 -1.836 -0.606 
     D    61    59 3    62     3     2    42   122   143  -7.677  -3.190  -0.175                         
    IL    62    62 3    62     3     7    48   126   147  -1.442  -0.798  -4.142                          0.000  0.000  0.000  0.000 
                                             [ MATL   21 ]     21      - U - - -
    ML    63    62 3    65     3     8    49   124   145  -7.664  -0.025  -6.318                         -0.955 -1.050 -1.654  1.424 
     D    64    62 3    65     3     2    41   121   142  -7.677  -3.190  -0.175                         
    IL    65    65 3    65     3     6    48   125   146  -1.442  -0.798  -4.142                          0.000  0.000  0.000  0.000 
                                             [ MATL   22 ]     22      - C - - -
    ML    66    65 3    68     3     8    48   123   143  -7.664  -0.025  -6.318                         -1.047  1.367 -1.836 -0.606 
     D    67    65 3    68     3     2    41   120   141  -7.677  -3.190  -0.175                         
    IL    68    68 3    68     3     6    47   124   145  -1.442  -0.798  -4.142                          0.000  0.000  0.000  0.000 
                                             [ MATL   23 ]     23      - A - - -
    ML    69    68 3    71     3     7    47   122   142  -7.664  -0.025  -6.318                          1.552 -1.779 -1.470 -1.269 
     D    70    68 3    71     3     2    41   119   140  -7.677  -3.190  -0.175                         
    IL    71    71 3    71     3     6    46   123   144  -1.442  -0.798  -4.142                          0.000  0.000  0.000  0.000 
                                             [ MATL   24 ]     24      - C - - -
    ML    72    71 3    74     3     7    47   121   141  -7.664  -0.025  -6.318                         -1.047  1.367 -1.836 -0.606 
     D    73    71 3    74     3     1    40   119   140  -7.677  -1.955  -0.440                         
    IL    74    74 3    74     3     5    46   122   143  -1.442  -0.798  -4.142                          0.000  0.000  0.000  0.000 
                                             [ MATL   25 ]     25      - U - - -
    ML    75    74 3    77     3     6    46   120   140  -7.742  -0.024  -6.396                         -1.088 -1.157 -1.798  1.482 
     D    76    74 3    77     3     1    40   118   139  -7.445  -1.311  -0.758                         
    IL    77    77 3    77     3     5    45   121   142  -1.442  -0.798  -4.142                          0.000  0.000  0.000  0.000 
                                             [ MATL   26 ]     26      - c - - -
    ML    78    77 3    80     3     6    45   119   139  -7.858  -0.022  -6.512                         -0.246  0.997 -1.411 -0.349 
     D    79    77 3    80     3     1    38   116   137  -6.983  -2.496  -0.296                         
    IL    80    80 3    80     3     4    44   120   141  -1.442  -0.798  -4.142                          0.000  0.000  0.000  0.000 
                                             [ MATL   27 ]     27      - C - - -
    ML    81    80 3    83     3     6    44   118   138  -7.858  -0.022  -6.512                         -0.885  1.118 -1.688 -0.032 
     D    82    80 3    83     3     1    38   115   136  -6.983  -2.496  -0.296                         
    IL    83    83 3    83     3     4    43   119   140  -1.442  -0.798  -4.142                          0.000  0.000  0.000  0.000 
                                             [ MATL   28 ]     28      - A - - -
    ML    84    83 3    86     3     6    44   117   137  -7.858  -0.022  -6.512                          1.123 -1.360 -0.218 -0.805 
     D    85    83 3    86     3     0    37   114   135  -6.983  -2.496  -0.296                         
    IL    86    86 3    86     3     4    43   118   139  -1.442  -0.798  -4.142                          0.000  0.000  0.000  0.000 
                                             [ MATL   29 ]     29      - u - - -
    ML    87    86 3    89     3     5    43   115   136  -7.858  -0.022  -6.512                         -0.426 -0.824 -0.415  0.957 
     D    88    86 3    89     3     0    37   113   134  -6.983  -2.496  -0.296                         
    IL    89    89 3    89     3     4    42   117   138  -1.442  -0.798  -4.142                          0.000  0.000  0.000  0.000 
                                             [ MATL   30 ]     30      - c - - -
    ML    90    89 3    92     3     5    42   114   135  -7.858  -0.022  -6.512                          0.274  0.307 -1.029  0.090 
     D    91    89 3    92     3     0    36   112   133  -6.983  -2.496  -0.296                         
    IL    92    92 3    92     3     3    41   116   137  -1.442  -0.798  -4.142                          0.000  0.000  0.000  0.000 
                                             [ MATL   31 ]     31      - G - - -
    ML    93    92 3    95     3     5    41   113   134  -7.858  -0.022  -6.512                         -0.621 -1.454  1.187 -0.497 
     D    94    92 3    95     3     0    36   111   132  -6.983  -2.496  -0.296                         
    IL    95    95 3    95     3     3    41   115   136  -1.442  -0.798  -4.142                          0.000  0.000  0.000  0.000 
                                             [ MATL   32 ]     32      - c - - -
    ML    96    95 3    98     3     4    40   112   133  -7.858  -0.022  -6.512                          0.290  0.397 -1.058 -0.028 
     D    97    95 3    98     3     0    35   111   131  -6.983  -2.496  -0.296                         
    IL    98    98 3    98     3     3    40   114   135  -1.442  -0.798  -4.142                          0.000  0.000  0.000  0.000 
                                             [ MATL   33 ]     33      - A - - -
    ML    99    98 3   101     3     4    40   111   132  -7.858  -0.022  -6.512                          1.416 -1.481 -1.368 -0.771 
     D   100    98 3   101     3     0    35   110   131  -6.983  -0.918  -1.111                         
    IL   101   101 3   101     3     2    39   113   134  -1.442  -0.798  -4.142                          0.000  0.000  0.000  0.000 
                                             [ MATL   34 ]     34      - u - - -
    ML   102   101 3   104     3     3    39   110   131  -7.958  -0.021  -6.612                         -0.231 -0.385 -1.226  0.967 
     D   103   101 3   104     3     0    33   109   129  -6.357  -1.870  -0.486                         
    IL   104   104 3   104     3     2    38   112   133  -1.442  -0.798  -4.142                          0.000  0.000  0.000  0.000 
                                             [ MATL   35 ]     35      - g - - -
    ML   105   104 3   107     3     3    38   109   130  -7.958  -0.021  -6.612                         -0.333 -0.658  0.724 -0.119 
     D   106   104 3   107     3     0    32   108   128  -6.357  -1.870  -0.486                         
    IL   107   107 3   107     3     2    37   111   132  -1.442  -0.798  -4.142                          0.000  0.000  0.000  0.000 
                                             [ MATL   36 ]     36      - G - - -
    ML   108   107 3   110     3     3    37   108   129  -7.958  -0.021  -6.612                         -1.567 -2.786  1.721 -2.172 
     D   109   107 3   110     3     0    31   107   127  -6.357  -1.870  -0.486                         
    IL   110   110 3   110     3     1    36   110   131  -1.442  -0.798  -4.142                          0.000  0.000  0.000  0.000 
                                             [ MATL   37 ]     37      - A - - -
    ML   111   110 3   113     3     2    36   107   128  -7.958  -0.021  -6.612                          1.076 -1.414 -0.054 -0.853 
     D   112   110 3   113     3     0    31   106   126  -6.357  -1.870  -0.486                         
    IL   113   113 3   113     3     1    36   109   130  -1.442  -0.798  -4.142                          0.000  0.000  0.000  0.000 
                                             [ MATL   38 ]     38      - g - - -
    ML   114   113 3   116     3     2    35   106   127  -7.958  -0.021  -6.612                          0.224 -1.561  0.987 -0.967 
     D   115   113 3   116     3     0    30   105   125  -6.357  -1.870  -0.486                         
    IL   116   116 3   116     3     1    35   108   129  -1.442  -0.798  -4.142                          0.000  0.000  0.000  0.000 
                                             [ MATL   39 ]     39      - a - - -
    ML   117   116 3   119     3     2    35   105   126  -7.958  -0.021  -6.612                          0.602 -0.834 -0.460  0.257 
     D   118   116 3   119     3     0    29   103   124  -6.357  -1.870  -0.486                         
    IL   119   119 3   119     3     1    34   107   128  -1.442  -0.798  -4.142                          0.000  0.000  0.000  0.000 
                                             [ MATL   40 ]     40      - A - - -
    ML   120   119 3   122     3     2    34   104   125  -7.958  -0.021  -6.612                          1.359 -1.603 -0.654 -1.086 
     D   121   119 3   122     3     0    28   102   123  -6.357  -1.870  -0.486                         
    IL   122   122 3   122     3     1    33   106   127  -1.442  -0.798  -4.142                          0.000  0.000  0.000  0.000 
                                             [ MATL   41 ]     41      - a - - -
    ML   123   122 3   125     3     1    33   103   123  -7.958  -0.021  -6.612                          0.999 -0.969 -0.279 -0.587 
     D   124   122 3   125     3     0    28   101   122  -6.357  -1.870  -0.486                         
    IL   125   125 3   125     3     1    32   105   125  -1.442  -0.798  -4.142                          0.000  0.000  0.000  0.000 
                                             [ MATL   42 ]     42      - A - - -
    ML   126   125 3   128     3     1    32   102   122  -7.958  -0.021  -6.612                          1.359 -1.603 -0.654 -1.086 
     D   127   125 3   128     3     0    27   100   121  -6.357  -1.870  -0.486                         
    IL   128   128 3   128     3     1    32   104   124  -1.442  -0.798  -4.142                          0.000  0.000  0.000  0.000 
                                             [ MATL   43 ]     43      - C - - -
    ML   129   128 3   131     3     1    31   101   121  -7.958  -0.021  -6.612                         -0.971  1.298 -1.415 -0.606 
     D   130   128 3   131     3     0    26    99   120  -6.357  -1.870  -0.486                         
    IL   131   131 3   131     3     1    31   103   123  -1.442  -0.798  -4.142                          0.000  0.000  0.000  0.000 
                                             [ MATL   44 ]     44      - G - - -
    ML   132   131 3   134     3     1    30   100   120  -7.958  -0.021  -6.612                         -1.567 -2.786  1.721 -2.172 
     D   133   131 3   134     3     0    25    98   119  -6.357  -1.870  -0.486                         
    IL   134   134 3   134     3     1    30   102   122  -1.442  -0.798  -4.142                          0.000  0.000  0.000  0.000 
                                             [ MATL   45 ]     45      - g - - -
    ML   135   134 3   137     3     1    29    99   119  -3.719  -0.130  -6.612                         -0.402 -0.386  0.837 -0.531 
     D   136   134 3   137     3     0    25    97   117  -6.357  -1.349  -0.748                         
    IL   137   137 3   137     3     1    29   100   120  -1.664  -0.653  -4.364                          0.000  0.000  0.000  0.000 
                                             [ MATL   46 ]     47      - g - - -
    ML   138   137 3   140     3     1    28    98   118  -7.979  -0.020  -6.633                          0.331 -1.050  0.468 -0.190 
     D   139   137 3   140     3     0    24    96   116  -6.174  -1.687  -0.566                         
    IL   140   140 3   140     3     1    28    99   120  -1.442  -0.798  -4.142                          0.000  0.000  0.000  0.000 
                                             [ MATL   47 ]     48      - U - - -
    ML   141   140 3   143     3     1    28    97   117  -7.979  -0.020  -6.633                         -1.513 -1.505 -2.248  1.626 
     D   142   140 3   143     3     0    23    95   115  -6.174  -1.687  -0.566                         
    IL   143   143 3   143     3     1    27    98   119  -1.442  -0.798  -4.142                          0.000  0.000  0.000  0.000 
                                             [ MATL   48 ]     49      - G - - -
    ML   144   143 3   146     3     1    27    95   116  -7.979  -0.020  -6.633                         -0.397 -1.957  1.376 -1.365 
     D   145   143 3   146     3     0    22    94   114  -6.174  -1.687  -0.566                         
    IL   146   146 3   146     3     1    26    97   118  -1.442  -0.798  -4.142                          0.000  0.000  0.000  0.000 
                                             [ MATL   49 ]     50      - A - - -
    ML   147   146 3   149     3     1    26    94   115  -7.979  -0.020  -6.633                          1.725 -2.402 -2.030 -1.947 
     D   148   146 3   149     3     0    21    93   113  -6.174  -1.687  -0.566                         
    IL   149   149 3   149     3     1    25    96   117  -1.442  -0.798  -4.142                          0.000  0.000  0.000  0.000 
                                             [ MATL   50 ]     51      - U - - -
    ML   150   149 3   152     3     1    25    93   114  -7.979  -0.020  -6.633                         -1.513 -1.505 -2.248  1.626 
     D   151   149 3   152     3     0    21    92   112  -6.174  -1.687  -0.566                         
    IL   152   152 3   152     3     1    25    95   116  -1.442  -0.798  -4.142                          0.000  0.000  0.000  0.000 
                                             [ MATL   51 ]     52      - U - - -
    ML   153   152 3   155     3     1    24    92   112  -7.979  -0.020  -6.633                         -0.950 -0.534 -1.689  1.311 
     D   154   152 3   155     3     0    20    91   111  -6.174  -1.687  -0.566                         
    IL   155   155 3   155     3     1    24    94   115  -1.442  -0.798  -4.142                          0.000  0.000  0.000  0.000 
                                             [ MATL   52 ]     53      - G - - -
    ML   156   155 3   158     3     1    23    91   111  -7.979  -0.020  -6.633                         -1.612 -2.837  1.731 -2.224 
     D   157   155 3   158     3     0    19    90   110  -6.174  -1.687  -0.566                         
    IL   158   158 3   158     3     1    23    93   114  -1.442  -0.798  -4.142                          0.000  0.000  0.000  0.000 
                                             [ MATL   53 ]     54      - A - - -
    ML   159   158 3   161     3     1    22    90   110  -7.979  -0.020  -6.633                          1.725 -2.402 -2.030 -1.947 
     D   160   158 3   161     3     0    18    89   109  -6.174  -1.687  -0.566                         
    IL   161   161 3   161     3     1    22    92   112  -1.442  -0.798  -4.142                          0.000  0.000  0.000  0.000 
                                             [ MATL   54 ]     55      - U - - -
    ML   162   161 3   164     3     1    21    89   109  -7.979  -0.020  -6.633                         -0.897 -0.403 -1.639  1.254 
     D   163   161 3   164     3     0    18    88   108  -6.174  -1.687  -0.566                         
    IL   164   164 3   164     3     1    21    91   111  -1.442  -0.798  -4.142                          0.000  0.000  0.000  0.000 
                                             [ MATL   55 ]     56      - A - - -
    ML   165   164 3   167     3     1    20    88   108  -7.979  -0.020  -6.633                          1.725 -2.402 -2.030 -1.947 
     D   166   164 3   167     3     0    17    87   107  -6.174  -1.687  -0.566                         
    IL   167   167 3   167     3     1    20    90   110  -1.442  -0.798  -4.142                          0.000  0.000  0.000  0.000 
                                             [ MATL   56 ]     57      - A - - -
    ML   168   167 3   170     3     1    19    87   107  -7.979  -0.020  -6.633                          1.725 -2.402 -2.030 -1.947 
     D   169   167 3   170     3     0    16    86   106  -6.174  -1.687  -0.566                         
    IL   170   170 3   170     3     1    20    89   109  -1.442  -0.798  -4.142                          0.000  0.000  0.000  0.000 
                                             [ MATL   57 ]     58      - A - - -
    ML   171   170 3   173     3     1    18    86   106  -8.369  -0.264  -2.607                          1.725 -2.402 -2.030 -1.947 
     D   172   170 3   173     3     0    16    85   105  -5.620  -0.734  -1.403                         
    IL   173   173 3   173     3     1    20    87   107  -1.925  -0.554  -4.164                          0.000  0.000  0.000  0.000 
                                             [ MATR   58 ]      -    127 - C - -
    MR   174   173 3   176     3     1    21    85   105  -8.127  -0.022  -6.444                         -1.167  1.424 -1.964 -0.700 
     D   175   173 3   176     3     0    14    83   103  -7.591  -2.769  -0.238                         
    IR   176   176 3   176     3     1    20    86   106  -1.925  -0.554  -4.164                          0.000  0.000  0.000  0.000 
                                             [ MATR   59 ]      -    126 - A - -
    MR   177   176 3   179     3     1    21    84   104  -8.127  -0.022  -6.444                          1.140 -1.279 -0.361 -0.725 
     D   178   176 3   179     3     0    13    82   102  -7.591  -2.769  -0.238                         
    IR   179   179 3   179     3     1    19    85   105  -1.925  -0.554  -4.164                          0.000  0.000  0.000  0.000 
                                             [ MATR   60 ]      -    125 - A - -
    MR   180   179 3   182     3     1    20    83   103  -8.127  -0.022  -6.444                          1.140 -1.279 -0.361 -0.725 
     D   181   179 3   182     3     0    13    81   101  -7.591  -2.769  -0.238                         
    IR   182   182 3   182     3     1    19    84   104  -1.925  -0.554  -4.164                          0.000  0.000  0.000  0.000 
                                             [ MATR   61 ]      -    124 - G - -
    MR   183   182 3   185     3     1    20    82   102  -8.127  -0.022  -6.444                         -1.058 -2.188  1.568 -1.572 
     D   184   182 3   185     3     0    13    80   100  -7.591  -2.769  -0.238                         
    IR   185   185 3   185     3     1    18    83   103  -1.925  -0.554  -4.164                          0.000  0.000  0.000  0.000 
                                             [ MATR   62 ]      -    123 - U - -
    MR   186   185 3   188     3     1    19    81   101  -8.127  -0.022  -6.444                         -1.048 -1.125 -1.754  1.465 
     D   187   185 3   188     3     0    12    79    99  -7.591  -2.769  -0.238                         
    IR   188   188 3   188     3     1    18    82   102  -1.925  -0.554  -4.164                          0.000  0.000  0.000  0.000 
                                             [ MATR   63 ]      -    122 - c - -
    MR   189   188 3   191     3     1    19    80   100  -8.127  -0.022  -6.444                          0.117  0.650 -1.108 -0.180 
     D   190   188 3   191     3     0    12    78    98  -7.591  -2.769  -0.238                         
    IR   191   191 3   191     3     1    18    81   101  -1.925  -0.554  -4.164                          0.000  0.000  0.000  0.000 
                                             [ MATR   64 ]      -    121 - u - -
    MR   192   191 3   194     3     1    18    79    99  -8.127  -0.022  -6.444                         -0.202 -0.542 -0.698  0.870 
     D   193   191 3   194     3     0    11    77    97  -7.591  -2.769  -0.238                         
    IR   194   194 3   194     3     1    17    80   100  -1.925  -0.554  -4.164                          0.000  0.000  0.000  0.000 
                                             [ MATR   65 ]      -    120 - U - -
    MR   195   194 3   197     3     1    18    78    98  -8.127  -0.022  -6.444                         -1.048 -1.125 -1.754  1.465 
     D   196   194 3   197     3     0    11    76    96  -7.591  -2.769  -0.238                         
    IR   197   197 3   197     3     1    17    79    99  -1.925  -0.554  -4.164                          0.000  0.000  0.000  0.000 
                                             [ MATR   66 ]      -    119 - c - -
    MR   198   197 3   200     3     1    17    77    97  -8.127  -0.022  -6.444                         -0.669  0.933 -1.450  0.133 
     D   199   197 3   200     3     0    11    75    95  -7.591  -2.769  -0.238                         
    IR   200   200 3   200     3     1    16    78    98  -1.925  -0.554  -4.164                          0.000  0.000  0.000  0.000 
                                             [ MATR   67 ]      -    118 - G - -
    MR   201   200 3   203     3     1    16    76    96  -8.127  -0.022  -6.444                         -1.058 -2.188  1.568 -1.572 
     D   202   200 3   203     3     0    10    74    94  -7.591  -2.769  -0.238                         
    IR   203   203 3   203     3     1    16    77    97  -1.925  -0.554  -4.164                          0.000  0.000  0.000  0.000 
                                             [ MATR   68 ]      -    117 - A - -
    MR   204   203 3   206     3     1    15    75    95  -8.127  -0.022  -6.444                          1.589 -1.884 -1.565 -1.383 
     D   205   203 3   206     3     0    10    73    93  -7.591  -2.769  -0.238                         
    IR   206   206 3   206     3     1    15    76    96  -1.925  -0.554  -4.164                          0.000  0.000  0.000  0.000 
                                             [ MATR   69 ]      -    116 - C - -
    MR   207   206 3   209     3     1    14    74    94  -8.127  -0.022  -6.444                         -1.167  1.424 -1.964 -0.700 
     D   208   206 3   209     3     0    10    73    93  -7.591  -0.620  -1.538                         
    IR   209   209 3   209     3     1    13    75    95  -1.925  -0.554  -4.164                          0.000  0.000  0.000  0.000 
                                             [ MATR   70 ]      -    115 - u - -
    MR   210   209 3   212     3     1    14    73    93  -8.344  -0.019  -6.662                         -0.698  0.323 -1.468  0.824 
     D   211   209 3   212     3     0     8    71    91  -6.580  -1.758  -0.527                         
    IR   212   212 3   212     3     1    13    74    94  -1.925  -0.554  -4.164                          0.000  0.000  0.000  0.000 
                                             [ MATR   71 ]      -    114 - U - -
    MR   213   212 3   215     3     1    13    72    92  -8.344  -0.019  -6.662                         -1.465 -1.465 -2.198  1.612 
     D   214   212 3   215     3     0     7    70    90  -6.580  -1.758  -0.527                         
    IR   215   215 3   215     3     1    12    73    93  -1.925  -0.554  -4.164                          0.000  0.000  0.000  0.000 
                                             [ MATR   72 ]      -    113 - c - -
    MR   216   215 3   218     3     1    12    71    91  -8.344  -0.019  -6.662                         -0.797  0.886 -1.599  0.318 
     D   217   215 3   218     3     0     6    69    89  -6.580  -1.758  -0.527                         
    IR   218   218 3   218     3     1    11    72    92  -1.925  -0.554  -4.164                          0.000  0.000  0.000  0.000 
                                             [ MATR   73 ]      -    112 - g - -
    MR   219   218 3   221     3     1    12    70    90  -8.344  -0.019  -6.662                         -0.264 -0.220  0.391 -0.004 
     D   220   218 3   221     3     0     5    68    88  -6.580  -1.758  -0.527                         
    IR   221   221 3   221     3     1    10    71    91  -1.925  -0.554  -4.164                          0.000  0.000  0.000  0.000 
                                             [ MATR   74 ]      -    111 - U - -
    MR   222   221 3   224     3     1    11    69    89  -8.344  -0.019  -6.662                         -1.465 -1.465 -2.198  1.612 
     D   223   221 3   224     3     0     5    67    87  -6.580  -1.758  -0.527                         
    IR   224   224 3   224     3     1    10    70    90  -1.925  -0.554  -4.164                          0.000  0.000  0.000  0.000 
                                             [ MATR   75 ]      -    110 - c - -
    MR   225   224 3   227     3     1    10    68    88  -8.344  -0.019  -6.662                         -0.797  0.886 -1.599  0.318 
     D   226   224 3   227     3     0     4    66    86  -6.580  -1.758  -0.527                         
    IR   227   227 3   227     3     1     9    69    89  -1.925  -0.554  -4.164                          0.000  0.000  0.000  0.000 
                                             [ MATR   76 ]      -    109 - u - -
    MR   228   227 3   230     3     1     9    67    87  -8.344  -0.019  -6.662                         -0.318  0.190 -0.484  0.425 
     D   229   227 3   230     3     0     3    65    85  -6.580  -1.758  -0.527                         
    IR   230   230 3   230     3     1     8    68    88  -1.925  -0.554  -4.164                          0.000  0.000  0.000  0.000 
                                             [ MATR   77 ]      -    108 - U - -
    MR   231   230 3   233     3     1     9    66    86  -8.344  -0.019  -6.662                         -0.200 -0.903 -1.322  1.134 
     D   232   230 3   233     3     0     2    65    84  -6.580  -1.758  -0.527                         
    IR   233   233 3   233     3     1     8    67    87  -1.925  -0.554  -4.164                          0.000  0.000  0.000  0.000 
                                             [ MATR   78 ]      -    107 - u - -
    MR   234   233 3   236     5     1     8    65    85  -7.084  -0.039  -6.899  -7.111  -8.003          0.104 -0.844 -1.176  0.945 
     D   235   233 3   236     5     0     2    64    84  -5.462  -0.817  -3.088  -4.519  -2.010         
    IR   236   236 3   236     5     1     6    66    85  -2.408  -0.496  -5.920  -4.087  -5.193          0.000  0.000  0.000  0.000 
                                             [ MATP   79 ]     59    106 G C - -
    MP   237   236 3   241     6     2     8    64    84  -9.103  -9.042  -0.021  -7.819  -8.098  -8.493 -3.738 -0.589 -3.760  0.854 -4.316 -4.244  0.081 -4.182 -3.757  3.276 -4.139 -0.063 -0.188 -3.664 -1.842 -2.736 
    ML   238   236 3   241     6     1     4    63    83  -6.250  -6.596  -1.310  -1.005  -6.446  -3.975  0.368 -0.385 -0.191  0.094 
    MR   239   236 3   241     6     1     3    63    83  -6.988  -5.717  -1.625  -5.695  -0.829  -3.908  0.368 -0.385 -0.191  0.094 
     D   240   236 3   241     6     0     0    61    81  -9.220  -7.918  -3.715  -4.397  -4.415  -0.280 
    IL   241   241 5   241     6     1     5    64    84  -2.579  -2.842  -0.760  -4.497  -5.274  -4.934  0.000  0.000  0.000  0.000 
    IR   242   242 6   242     5     1     5    64    84  -2.408  -0.496  -5.920  -4.087  -5.193          0.000  0.000  0.000  0.000 
                                             [ MATP   80 ]     60    105 C G - -
    MP   243   242 6   247     4     2     6    62    82  -6.936  -7.143  -0.054  -5.557                 -3.876 -3.836 -3.687 -0.100 -2.530 -4.187  3.156 -3.280 -3.711  0.132 -4.058 -1.849  1.082 -3.982  0.809 -2.573 
    ML   244   242 6   247     4     1     3    62    83  -3.758  -3.940  -0.507  -2.670                  0.368 -0.385 -0.191  0.094 
    MR   245   242 6   247     4     1     1    62    82  -4.809  -3.838  -1.706  -0.766                  0.368 -0.385 -0.191  0.094 
     D   246   242 6   247     4     0     0    61    81  -4.729  -4.410  -2.426  -0.456                 
    IL   247   247 5   247     4     1     4    64    84  -1.686  -2.369  -1.117  -4.855                  0.000  0.000  0.000  0.000 
    IR   248   248 6   248     3     1     4    63    83  -1.442  -0.798  -4.142                          0.000  0.000  0.000  0.000 
                                             [ MATL   81 ]     61      - A - - -
    ML   249   248 6   251     3     1     5    60    80  -8.344  -0.019  -6.662                          1.268 -0.795 -1.246 -0.753 
     D   250   248 6   251     3     0     0    59    78  -5.760  -0.873  -1.199                         
    IL   251   251 3   251     3     1     3    61    80  -1.925  -0.554  -4.164                          0.000  0.000  0.000  0.000 
                                             [ MATR   82 ]      -    104 - C - -
    MR   252   251 3   254     3     1     4    59    79  -8.344  -0.019  -6.662                         -1.714  1.617 -2.537 -1.133 
     D   253   251 3   254     3     0     0    57    77  -6.580  -1.758  -0.527                         
    IR   254   254 3   254     3     1     2    60    79  -1.925  -0.554  -4.164                          0.000  0.000  0.000  0.000 
                                             [ MATR   83 ]      -    103 - C - -
    MR   255   254 3   257     5     1     4    58    78  -7.084  -0.039  -6.899  -7.111  -8.003         -1.053  1.233 -1.871 -0.161 
     D   256   254 3   257     5     0     0    56    76  -5.462  -0.817  -3.088  -4.519  -2.010         
    IR   257   257 3   257     5     1     2    58    78  -2.408  -0.496  -5.920  -4.087  -5.193          0.000  0.000  0.000  0.000 
                                             [ MATP   84 ]     62    102 A U - -
    MP   258   257 3   262     6     2     5    57    77  -9.103  -9.042  -0.021  -7.819  -8.098  -8.493 -3.776 -2.812 -3.796  3.322 -4.127 -5.188  0.172 -3.839 -3.688  1.094 -4.235 -0.290 -0.246 -4.378 -1.769 -2.631 
    ML   259   257 3   262     6     1     1    55    75  -6.250  -6.596  -1.310  -1.005  -6.446  -3.975  0.368 -0.385 -0.191  0.094 
    MR   260   257 3   262     6     1     1    55    75  -6.988  -5.717  -1.625  -5.695  -0.829  -3.908  0.368 -0.385 -0.191  0.094 
     D   261   257 3   262     6     0     0    53    73  -9.220  -7.918  -3.715  -4.397  -4.415  -0.280 
    IL   262   262 5   262     6     1     1    57    76  -2.579  -2.842  -0.760  -4.497  -5.274  -4.934  0.000  0.000  0.000  0.000 
    IR   263   263 6   263     5     1     2    56    76  -2.408  -0.496  -5.920  -4.087  -5.193          0.000  0.000  0.000  0.000 
                                             [ MATP   85 ]     63    101 U A - -
    MP   264   263 6   268     6     2     5    55    75  -9.103  -9.042  -0.021  -7.819  -8.098  -8.493 -4.172 -3.996 -4.012 -0.292 -2.958 -4.578  1.370 -3.652 -4.017 -0.036 -4.391 -1.896  3.319 -4.324 -0.634 -2.843 
    ML   265   263 6   268     6     1     1    54    73  -6.250  -6.596  -1.310  -1.005  -6.446  -3.975  0.368 -0.385 -0.191  0.094 
    MR   266   263 6   268     6     1     1    53    73  -6.988  -5.717  -1.625  -5.695  -0.829  -3.908  0.368 -0.385 -0.191  0.094 
     D   267   263 6   268     6     0     0    51    71  -9.220  -7.918  -3.715  -4.397  -4.415  -0.280 
    IL   268   268 5   268     6     1     1    55    74  -2.579  -2.842  -0.760  -4.497  -5.274  -4.934  0.000  0.000  0.000  0.000 
    IR   269   269 6   269     5     1     1    54    74  -2.408  -0.496  -5.920  -4.087  -5.193          0.000  0.000  0.000  0.000 
                                             [ MATP   86 ]     64    100 C G - -
    MP   270   269 6   274     6     2     4    53    73  -9.103  -9.042  -0.021  -7.819  -8.098  -8.493 -4.532 -4.437 -4.225 -0.670 -2.947 -4.639  3.546 -3.755 -4.274 -0.428 -4.537 -2.384  0.569 -4.603 -0.653 -3.114 
    ML   271   269 6   274     6     1     1    52    72  -6.250  -6.596  -1.310  -1.005  -6.446  -3.975  0.368 -0.385 -0.191  0.094 
    MR   272   269 6   274     6     1     1    52    72  -6.988  -5.717  -1.625  -5.695  -0.829  -3.908  0.368 -0.385 -0.191  0.094 
     D   273   269 6   274     6     0     0    50    70  -9.220  -7.918  -3.715  -4.397  -4.415  -0.280 
    IL   274   274 5   274     6     1     1    53    72  -2.579  -2.842  -0.760  -4.497  -5.274  -4.934  0.000  0.000  0.000  0.000 
    IR   275   275 6   275     5     1     1    52    72  -2.408  -0.496  -5.920  -4.087  -5.193          0.000  0.000  0.000  0.000 
                                             [ MATP   87 ]     65     99 A U - -
    MP   276   275 6   280     4     2     2    51    71  -6.936  -7.143  -0.054  -5.557                 -3.776 -2.812 -3.796  3.322 -4.127 -5.188  0.172 -3.839 -3.688  1.094 -4.235 -0.290 -0.246 -4.378 -1.769 -2.631 
    ML   277   275 6   280     4     1     1    51    71  -3.758  -3.940  -0.507  -2.670                  0.368 -0.385 -0.191  0.094 
    MR   278   275 6   280     4     1     1    51    71  -4.809  -3.838  -1.706  -0.766                  0.368 -0.385 -0.191  0.094 
     D   279   275 6   280     4     0     0    49    69  -4.729  -4.410  -2.426  -0.456                 
    IL   280   280 5   280     4     1     1    52    72  -1.686  -2.369  -1.117  -4.855                  0.000  0.000  0.000  0.000 
    IR   281   281 6   281     3     1     1    52    71  -1.442  -0.798  -4.142                          0.000  0.000  0.000  0.000 
                                             [ MATL   88 ]     66      - U - - -
    ML   282   281 6   284     3     1     1    48    68  -7.953  -0.021  -6.607                         -1.465 -1.465 -2.198  1.612 
     D   283   281 6   284     3     0     0    47    67  -6.397  -1.910  -0.470                         
    IL   284   284 3   284     3     1     1    51    70  -1.442  -0.798  -4.142                          0.000  0.000  0.000  0.000 
                                             [ MATL   89 ]     67      - c - - -
    ML   285   284 3   287     5     1     1    47    67  -7.084  -0.039  -6.899  -7.111  -8.003         -0.624  0.979 -0.855 -0.273 
     D   286   284 3   287     5     0     0    46    66  -5.089  -0.933  -4.351  -2.725  -2.019         
    IL   287   287 3   287     5     1     1    48    67  -2.408  -0.496  -4.087  -5.920  -5.193          0.000  0.000  0.000  0.000 
                                             [ MATP   90 ]     68     98 G C - -
    MP   288   287 3   292     6     2     2    46    66  -9.103  -9.042  -0.021  -7.819  -8.098  -8.493 -4.224 -2.820 -4.270  0.776 -4.868 -4.565 -0.259 -4.611 -4.051  3.464 -4.426 -0.172 -0.560 -4.109 -2.266 -3.165 
    ML   289   287 3   292     6     1     1    45    65  -6.250  -6.596  -1.310  -1.005  -6.446  -3.975  0.368 -0.385 -0.191  0.094 
    MR   290   287 3   292     6     1     1    45    64  -6.988  -5.717  -1.625  -5.695  -0.829  -3.908  0.368 -0.385 -0.191  0.094 
     D   291   287 3   292     6     0     0    42    62  -9.220  -7.918  -3.715  -4.397  -4.415  -0.280 
    IL   292   292 5   292     6     1     1    46    66  -2.579  -2.842  -0.760  -4.497  -5.274  -4.934  0.000  0.000  0.000  0.000 
    IR   293   293 6   293     5     1     1    46    65  -2.408  -0.496  -5.920  -4.087  -5.193          0.000  0.000  0.000  0.000 
                                             [ MATP   91 ]     69     97 U A - -
    MP   294   293 6   298     6     2     2    44    64  -9.103  -9.042  -0.021  -7.819  -8.098  -8.493 -3.844 -3.782 -3.736 -0.102 -2.735 -4.319  1.583 -3.430 -3.756  0.158 -4.153 -1.797  3.118 -3.992  0.161 -2.616 
    ML   295   293 6   298     6     1     1    43    63  -6.250  -6.596  -1.310  -1.005  -6.446  -3.975  0.368 -0.385 -0.191  0.094 
    MR   296   293 6   298     6     1     1    43    63  -6.988  -5.717  -1.625  -5.695  -0.829  -3.908  0.368 -0.385 -0.191  0.094 
     D   297   293 6   298     6     0     0    41    60  -9.220  -7.918  -3.715  -4.397  -4.415  -0.280 
    IL   298   298 5   298     6     1     1    44    64  -2.579  -2.842  -0.760  -4.497  -5.274  -4.934  0.000  0.000  0.000  0.000 
    IR   299   299 6   299     5     1     1    44    63  -2.408  -0.496  -5.920  -4.087  -5.193          0.000  0.000  0.000  0.000 
                                             [ MATP   92 ]     70     96 U A - -
    MP   300   299 6   304     6     2     2    42    62  -9.103  -9.042  -0.021  -7.819  -8.098  -8.493 -4.172 -3.996 -4.012 -0.292 -2.958 -4.578  1.370 -3.652 -4.017 -0.036 -4.391 -1.896  3.319 -4.324 -0.634 -2.843 
    ML   301   299 6   304     6     1     1    42    61  -6.250  -6.596  -1.310  -1.005  -6.446  -3.975  0.368 -0.385 -0.191  0.094 
    MR   302   299 6   304     6     1     1    41    61  -6.988  -5.717  -1.625  -5.695  -0.829  -3.908  0.368 -0.385 -0.191  0.094 
     D   303   299 6   304     6     0     0    40    59  -9.220  -7.918  -3.715  -4.397  -4.415  -0.280 
    IL   304   304 5   304     6     1     1    42    62  -2.579  -2.842  -0.760  -4.497  -5.274  -4.934  0.000  0.000  0.000  0.000 
    IR   305   305 6   305     5     1     1    42    61  -2.408  -0.496  -5.920  -4.087  -5.193          0.000  0.000  0.000  0.000 
                                             [ MATP   93 ]     71     95 C G - -
    MP   306   305 6   310     4     2     2    40    60  -6.936  -7.143  -0.054  -5.557                 -4.532 -4.437 -4.225 -0.670 -2.947 -4.639  3.546 -3.755 -4.274 -0.428 -4.537 -2.384  0.569 -4.603 -0.653 -3.114 
    ML   307   305 6   310     4     1     1    41    61  -3.758  -3.940  -0.507  -2.670                  0.368 -0.385 -0.191  0.094 
    MR   308   305 6   310     4     1     1    40    60  -4.809  -3.838  -1.706  -0.766                  0.368 -0.385 -0.191  0.094 
     D   309   305 6   310     4     0     0    39    59  -4.729  -4.410  -2.426  -0.456                 
    IL   310   310 5   310     4     1     1    42    62  -1.686  -2.369  -1.117  -4.855                  0.000  0.000  0.000  0.000 
    IR   311   311 6   311     3     1     1    41    61  -1.442  -0.798  -4.142                          0.000  0.000  0.000  0.000 
                                             [ MATL   94 ]     72      - U - - -
    ML   312   311 6   314     3     1     1    38    57  -7.953  -0.021  -6.607                         -1.465 -1.465 -2.198  1.612 
     D   313   311 6   314     3     0     0    37    56  -6.397  -1.910  -0.470                         
    IL   314   314 3   314     3     1     1    40    60  -1.442  -0.798  -4.142                          0.000  0.000  0.000  0.000 
                                             [ MATL   95 ]     73      - u - - -
    ML   315   314 3   317     3     1     1    37    56  -8.344  -0.019  -6.662                         -0.148 -0.744  0.122  0.498 
     D   316   314 3   317     3     0     0    36    55  -5.760  -0.873  -1.199                         
    IL   317   317 3   317     3     1     1    38    57  -1.925  -0.554  -4.164                          0.000  0.000  0.000  0.000 
                                             [ MATR   96 ]      -     94 - g - -
    MR   318   317 3   320     3     1     1    36    55  -8.344  -0.019  -6.662                         -0.138 -0.944  0.469  0.248 
     D   319   317 3   320     3     0     0    34    54  -6.580  -1.758  -0.527                         
    IR   320   320 3   320     3     1     1    37    56  -1.925  -0.554  -4.164                          0.000  0.000  0.000  0.000 
                                             [ MATR   97 ]      -     93 - U - -
    MR   321   320 3   323     5     1     1    35    54  -7.084  -0.039  -6.899  -7.111  -8.003         -1.465 -1.465 -2.198  1.612 
     D   322   320 3   323     5     0     0    34    53  -5.462  -0.817  -3.088  -4.519  -2.010         
    IR   323   323 3   323     5     1     1    35    55  -2.408  -0.496  -5.920  -4.087  -5.193          0.000  0.000  0.000  0.000 
                                             [ MATP   98 ]     74     92 g c - -
    MP   324   323 3   328     4     2     2    34    53  -6.936  -7.143  -0.054  -5.557                 -2.877 -0.349 -2.947  1.304 -3.255 -3.654  0.728 -3.348 -2.271  2.782 -3.503  0.153  0.487 -2.968 -1.053 -2.020 
    ML   325   323 3   328     4     1     1    34    54  -3.758  -3.940  -0.507  -2.670                  0.368 -0.385 -0.191  0.094 
    MR   326   323 3   328     4     1     1    34    53  -4.809  -3.838  -1.706  -0.766                  0.368 -0.385 -0.191  0.094 
     D   327   323 3   328     4     0     0    33    52  -4.729  -4.410  -2.426  -0.456                 
    IL   328   328 5   328     4     1     1    36    55  -1.686  -2.369  -1.117  -4.855                  0.000  0.000  0.000  0.000 
    IR   329   329 6   329     3     1     1    35    54  -1.442  -0.798  -4.142                          0.000  0.000  0.000  0.000 
                                             [ MATL   99 ]     75      - g - - -
    ML   330   329 6   332     3     1     1    31    50  -8.344  -0.019  -6.662                          0.230 -1.553  0.979 -0.958 
     D   331   329 6   332     3     0     0    30    49  -5.760  -0.873  -1.199                         
    IL   332   332 3   332     3     1     1    32    51  -1.925  -0.554  -4.164                          0.000  0.000  0.000  0.000 
                                             [ MATR  100 ]      -     91 - u - -
    MR   333   332 3   335     5     1     1    30    49  -7.084  -0.039  -6.899  -7.111  -8.003         -0.169 -0.892  0.308  0.415 
     D   334   332 3   335     5     0     0    29    48  -5.462  -0.817  -3.088  -4.519  -2.010         
    IR   335   335 3   335     5     1     1    31    50  -2.408  -0.496  -5.920  -4.087  -5.193          0.000  0.000  0.000  0.000 
                                             [ MATP  101 ]     76     90 g u - -
    MP   336   335 3   340     6     2     2    29    48  -9.103  -9.042  -0.021  -7.819  -8.098  -8.493 -2.945 -2.136 -3.110  1.959 -3.416 -4.011  0.620 -3.315 -1.780  1.702 -3.470  2.057  0.349 -3.327 -1.206 -2.044 
    ML   337   335 3   340     6     1     1    29    48  -6.250  -6.596  -1.310  -1.005  -6.446  -3.975  0.368 -0.385 -0.191  0.094 
    MR   338   335 3   340     6     1     1    29    48  -6.988  -5.717  -1.625  -5.695  -0.829  -3.908  0.368 -0.385 -0.191  0.094 
     D   339   335 3   340     6     0     0    27    46  -9.220  -7.918  -3.715  -4.397  -4.415  -0.280 
    IL   340   340 5   340     6     1     1    29    48  -2.579  -2.842  -0.760  -4.497  -5.274  -4.934  0.000  0.000  0.000  0.000 
    IR   341   341 6   341     5     1     1    29    48  -2.408  -0.496  -5.920  -4.087  -5.193          0.000  0.000  0.000  0.000 
                                             [ MATP  102 ]     77     89 g c - -
    MP   342   341 6   346     4     2     2    27    46  -6.936  -7.143  -0.054  -5.557                 -3.211 -2.376 -3.266  1.037 -3.604 -3.909  0.547 -3.648 -3.337  2.981 -1.658  0.691  0.279 -3.259 -1.305 -2.294 
    ML   343   341 6   346     4     1     1    28    47  -3.758  -3.940  -0.507  -2.670                  0.368 -0.385 -0.191  0.094 
    MR   344   341 6   346     4     1     1    28    47  -4.809  -3.838  -1.706  -0.766                  0.368 -0.385 -0.191  0.094 
     D   345   341 6   346     4     0     0    26    46  -4.729  -4.410  -2.426  -0.456                 
    IL   346   346 5   346     4     1     1    29    49  -1.686  -2.369  -1.117  -4.855                  0.000  0.000  0.000  0.000 
    IR   347   347 6   347     3     1     1    28    47  -1.442  -0.798  -4.142                          0.000  0.000  0.000  0.000 
                                             [ MATL  103 ]     78      - C - - -
    ML   348   347 6   350     3     1     1    25    44  -7.953  -0.021  -6.607                         -1.714  1.617 -2.537 -1.133 
     D   349   347 6   350     3     0     0    23    42  -6.397  -1.910  -0.470                         
    IL   350   350 3   350     3     1     1    27    46  -1.442  -0.798  -4.142                          0.000  0.000  0.000  0.000 
                                             [ MATL  104 ]     79      - G - - -
    ML   351   350 3   353     3     1     1    23    42  -7.953  -0.021  -6.607                         -0.149 -1.096  1.023 -0.742 
     D   352   350 3   353     3     0     0    22    41  -6.397  -1.910  -0.470                         
    IL   353   353 3   353     3     1     1    26    45  -1.442  -0.798  -4.142                          0.000  0.000  0.000  0.000 
                                             [ MATL  105 ]     80      - U - - -
    ML   354   353 3   356     3     1     1    22    41  -7.953  -0.021  -6.607                         -0.495 -0.584 -0.745  1.019 
     D   355   353 3   356     3     0     0    21    40  -6.397  -1.910  -0.470                         
    IL   356   356 3   356     3     1     1    25    44  -1.442  -0.798  -4.142                          0.000  0.000  0.000  0.000 
                                             [ MATL  106 ]     81      - U - - -
    ML   357   356 3   359     3     1     1    21    40  -7.953  -0.021  -6.607                         -1.035 -0.772 -1.768  1.397 
     D   358   356 3   359     3     0     0    20    39  -6.397  -1.910  -0.470                         
    IL   359   359 3   359     3     1     1    24    43  -1.442  -0.798  -4.142                          0.000  0.000  0.000  0.000 
                                             [ MATL  107 ]     82      - A - - -
    ML   360   359 3   362     3     1     1    20    39  -7.953  -0.021  -6.607                          1.293 -1.326 -0.991 -0.625 
     D   361   359 3   362     3     0     0    19    38  -6.397  -1.910  -0.470                         
    IL   362   362 3   362     3     1     1    23    42  -1.442  -0.798  -4.142                          0.000  0.000  0.000  0.000 
                                             [ MATL  108 ]     83      - A - - -
    ML   363   362 3   365     3     1     1    19    37  -7.953  -0.021  -6.607                          1.714 -2.349 -1.983 -1.889 
     D   364   362 3   365     3     0     0    18    37  -6.397  -1.910  -0.470                         
    IL   365   365 3   365     3     1     1    22    41  -1.442  -0.798  -4.142                          0.000  0.000  0.000  0.000 
                                             [ MATL  109 ]     84      - U - - -
    ML   366   365 3   368     3     1     1    18    36  -7.953  -0.021  -6.607                         -1.465 -1.465 -2.198  1.612 
     D   367   365 3   368     3     0     0    17    35  -6.397  -1.910  -0.470                         
    IL   368   368 3   368     3     1     1    21    40  -1.442  -0.798  -4.142                          0.000  0.000  0.000  0.000 
                                             [ MATL  110 ]     85      - u - - -
    ML   369   368 3   371     3     1     1    16    35  -7.953  -0.021  -6.607                         -0.696  0.378 -1.468  0.784 
     D   370   368 3   371     3     0     0    16    34  -6.397  -1.910  -0.470                         
    IL   371   371 3   371     3     1     1    20    38  -1.442  -0.798  -4.142                          0.000  0.000  0.000  0.000 
                                             [ MATL  111 ]     86      - G - - -
    ML   372   371 3   374     3     1     1    15    33  -7.953  -0.021  -6.607                         -0.760 -1.621  1.290 -0.646 
     D   373   371 3   374     3     0     0    14    33  -6.397  -1.910  -0.470                         
    IL   374   374 3   374     3     1     1    19    37  -1.442  -0.798  -4.142                          0.000  0.000  0.000  0.000 
                                             [ MATL  112 ]     87      - c - - -
    ML   375   374 3   377     3     1     1    13    31  -7.953  -0.021  -6.607                         -0.797  0.886 -1.599  0.318 
     D   376   374 3   377     3     0     0    13    32  -6.397  -1.910  -0.470                         
    IL   377   377 3   377     3     1     1    18    36  -1.442  -0.798  -4.142                          0.000  0.000  0.000  0.000 
                                             [ MATL  113 ]     88      - g - - -
    ML   378   377 3   380     2     1     1     1     1       *   0.000                                 -0.130 -0.577  0.767 -0.485 
     D   379   377 3   380     2     0     0     0     0       *   0.000                                 
    IL   380   380 3   380     2     1     1    13    28  -1.823  -0.479                                  0.000  0.000  0.000  0.000 
                                             [ END   114 ]      -      - - - - -
     E   381   380 3    -1     0     0     0     0     0                                                 
//
HMMER3/f [3.1b3 | July 2016]
NAME  t_pro_dinq_agrb_evalue_maxS_round5_0001
LENG  126
MAXL  231
ALPH  RNA
RF    no
MM    no
CONS  yes
CS    yes
MAP   yes
DATE  Fri Jan 24 16:54:45 2020
COM   [1] cmbuild /home/co78wid/projects/master/results/ta_systems/dinq_agrb/dinq_agrb_evalue_maxS/2_structure_analysis/infernal_search/t_pro_dinq_agrb_evalue_maxS_cmbuild.txt /home/co78wid/projects/master/results/ta_systems/dinq_agrb/dinq_agrb_evalue_maxS/1_sequence_analysis/fold/t_pro_dinq_agrb_evalue_maxS_round5.stk
NSEQ  25
EFFN  1.754761
CKSUM 3665331039
STATS LOCAL MSV       -9.4865  0.71809
STATS LOCAL VITERBI  -11.0759  0.71809
STATS LOCAL FORWARD   -3.3179  0.71809
HMM          A        C        G        U   
            m->m     m->i     m->d     i->m     i->i     d->m     d->d
  COMPO   1.32221  1.52923  1.45109  1.26430
          1.38629  1.38629  1.38629  1.38629
          0.35264  3.80077  1.29166  1.46634  0.26236  0.00000        *
      1   0.40043  2.40625  2.21178  2.03784      1 A - - :
          1.38629  1.38629  1.38629  1.38629
          0.06167  3.50980  3.50980  1.46634  0.26236  2.65983  0.07253
      2   1.86236  1.96868  2.33014  0.49796      2 U - - :
          1.38629  1.38629  1.38629  1.38629
          0.06167  3.50980  3.50980  1.46634  0.26236  2.65983  0.07253
      3   1.81304  2.53191  0.45266  2.10868      3 G - - :
          1.38629  1.38629  1.38629  1.38629
          0.06167  3.50980  3.50980  1.46634  0.26236  1.37755  0.29061
      4   0.34228  2.53644  2.33022  2.17661      4 A - - :
          1.38629  1.38629  1.38629  1.38629
          0.05708  3.58481  3.58481  1.46634  0.26236  2.45865  0.08943
      5   1.95172  2.70092  0.37391  2.27508      5 G - - :
          1.38629  1.38629  1.38629  1.38629
          0.05708  3.58481  3.58481  1.46634  0.26236  2.45865  0.08943
      6   1.97580  2.05675  2.45427  0.43455      6 U - - :
          1.38629  1.38629  1.38629  1.38629
          0.05708  3.58481  3.58481  1.46634  0.26236  2.45865  0.08943
      7   0.34228  2.53644  2.33022  2.17661      7 A - - :
          1.38629  1.38629  1.38629  1.38629
          0.05708  3.58481  3.58481  1.46634  0.26236  2.45865  0.08943
      8   0.34228  2.53644  2.33022  2.17661      8 A - - :
          1.38629  1.38629  1.38629  1.38629
          0.05708  3.58481  3.58481  1.46634  0.26236  2.45865  0.08943
      9   1.95172  2.70092  0.37391  2.27508      9 G - - :
          1.38629  1.38629  1.38629  1.38629
          0.05708  3.58481  3.58481  1.46634  0.26236  2.45865  0.08943
     10   2.01955  0.48876  2.55974  1.73402     10 C - - :
          1.38629  1.38629  1.38629  1.38629
          0.05708  3.58481  3.58481  1.46634  0.26236  2.45865  0.08943
     11   1.60775  2.03952  0.69036  1.78275     11 G - - :
          1.38629  1.38629  1.38629  1.38629
          0.05708  3.58481  3.58481  1.46634  0.26236  2.45865  0.08943
     12   1.95172  2.70092  0.37391  2.27508     12 G - - :
          1.38629  1.38629  1.38629  1.38629
          0.05708  3.58481  3.58481  1.46634  0.26236  2.45865  0.08943
     13   0.70164  1.90189  2.01094  1.50923     13 a - - :
          1.38629  1.38629  1.38629  1.38629
          0.05708  3.58481  3.58481  1.46634  0.26236  2.45865  0.08943
     14   1.60202  1.85647  1.76025  0.75441     14 u - - :
          1.38629  1.38629  1.38629  1.38629
          0.05708  3.58481  3.58481  1.46634  0.26236  2.45865  0.08943
     15   1.95172  2.70092  0.37391  2.27508     15 G - - :
          1.38629  1.38629  1.38629  1.38629
          0.05708  3.58481  3.58481  1.46634  0.26236  2.45865  0.08943
     16   1.77611  0.78341  2.30759  1.29331     16 c - - :
          1.38629  1.38629  1.38629  1.38629
          0.05708  3.58481  3.58481  1.46634  0.26236  2.45865  0.08943
     17   0.61682  2.21245  1.66170  1.82576     17 A - - :
          1.38629  1.38629  1.38629  1.38629
          0.05708  3.58481  3.58481  1.46634  0.26236  2.45865  0.08943
     18   1.97580  2.05675  2.45427  0.43455     18 U - - :
          1.38629  1.38629  1.38629  1.38629
          0.05708  3.58481  3.58481  1.46634  0.26236  2.45865  0.08943
     19   1.97580  2.05675  2.45427  0.43455     19 U - - :
          1.38629  1.38629  1.38629  1.38629
          0.05708  3.58481  3.58481  1.46634  0.26236  2.45865  0.08943
     20   2.01955  0.48876  2.55974  1.73402     20 C - - :
          1.38629  1.38629  1.38629  1.38629
          0.05708  3.58481  3.58481  1.46634  0.26236  2.45865  0.08943
     21   1.97580  2.05675  2.45427  0.43455     21 U - - :
          1.38629  1.38629  1.38629  1.38629
          0.05708  3.58481  3.58481  1.46634  0.26236  2.45865  0.08943
     22   2.01955  0.48876  2.55974  1.73402     22 C - - :
          1.38629  1.38629  1.38629  1.38629
          0.05708  3.58481  3.58481  1.46634  0.26236  2.45865  0.08943
     23   0.34228  2.53644  2.33022  2.17661     23 A - - :
          1.38629  1.38629  1.38629  1.38629
          0.05708  3.58481  3.58481  1.46634  0.26236  2.45865  0.08943
     24   2.01955  0.48876  2.55974  1.73402     24 C - - :
          1.38629  1.38629  1.38629  1.38629
          0.05708  3.58481  3.58481  1.46634  0.26236  1.36277  0.29565
     25   2.06001  2.12360  2.54557  0.39376     25 U - - :
          1.38629  1.38629  1.38629  1.38629
          0.05401  3.63859  3.63859  1.46634  0.26236  0.85168  0.55634
     26   1.52755  0.73620  2.30583  1.58804     26 c - - :
          1.38629  1.38629  1.38629  1.38629
          0.04979  3.71786  3.71786  1.46634  0.26236  1.88091  0.16541
     27   1.93663  0.64973  2.48653  1.38460     27 C - - :
          1.38629  1.38629  1.38629  1.38629
          0.04979  3.71786  3.71786  1.46634  0.26236  1.88091  0.16541
     28   0.62897  2.28354  1.53849  1.89558     28 A - - :
          1.38629  1.38629  1.38629  1.38629
          0.04979  3.71786  3.71786  1.46634  0.26236  1.88091  0.16541
     29   1.64908  1.92625  1.66734  0.74796     29 u - - :
          1.38629  1.38629  1.38629  1.38629
          0.04979  3.71786  3.71786  1.46634  0.26236  1.88091  0.16541
     30   1.19730  1.19357  2.07165  1.31350     30 c - - :
          1.38629  1.38629  1.38629  1.38629
          0.04979  3.71786  3.71786  1.46634  0.26236  1.88091  0.16541
     31   1.76492  2.33696  0.60016  1.69579     31 G - - :
          1.38629  1.38629  1.38629  1.38629
          0.04979  3.71786  3.71786  1.46634  0.26236  1.88091  0.16541
     32   1.18620  1.13380  2.08915  1.39023     32 c - - :
          1.38629  1.38629  1.38629  1.38629
          0.04979  3.71786  3.71786  1.46634  0.26236  1.88091  0.16541
     33   0.43086  2.36005  2.27879  1.87584     33 A - - :
          1.38629  1.38629  1.38629  1.38629
          0.04979  3.71786  3.71786  1.46634  0.26236  0.51482  0.91032
     34   1.52824  1.64484  2.20028  0.73550     34 u - - :
          1.38629  1.38629  1.38629  1.38629
          0.04642  3.78637  3.78637  1.46634  0.26236  1.29184  0.32126
     35   1.58540  1.82886  0.91712  1.44873     35 g - - :
          1.38629  1.38629  1.38629  1.38629
          0.04642  3.78637  3.78637  1.46634  0.26236  1.29184  0.32126
     36   2.35167  3.17628  0.22420  2.75047     36 G - - :
          1.38629  1.38629  1.38629  1.38629
          0.04642  3.78637  3.78637  1.46634  0.26236  1.29184  0.32126
     37   0.66115  2.31652  1.43019  1.92508     37 A - - :
          1.38629  1.38629  1.38629  1.38629
          0.04642  3.78637  3.78637  1.46634  0.26236  1.29184  0.32126
     38   1.22519  2.41206  0.73200  1.99715     38 g - - :
          1.38629  1.38629  1.38629  1.38629
          0.04642  3.78637  3.78637  1.46634  0.26236  1.29184  0.32126
     39   0.97852  1.94333  1.70063  1.20953     39 a - - :
          1.38629  1.38629  1.38629  1.38629
          0.04642  3.78637  3.78637  1.46634  0.26236  1.29184  0.32126
     40   0.46896  2.43810  1.82435  2.07387     40 A - - :
          1.38629  1.38629  1.38629  1.38629
          0.04642  3.78637  3.78637  1.46634  0.26236  1.29184  0.32126
     41   0.71156  2.03613  1.57920  1.75766     41 a - - :
          1.38629  1.38629  1.38629  1.38629
          0.04642  3.78637  3.78637  1.46634  0.26236  1.29184  0.32126
     42   0.46896  2.43810  1.82435  2.07387     42 A - - :
          1.38629  1.38629  1.38629  1.38629
          0.04642  3.78637  3.78637  1.46634  0.26236  1.29184  0.32126
     43   1.97642  0.53390  2.30512  1.74083     43 C - - :
          1.38629  1.38629  1.38629  1.38629
          0.04642  3.78637  3.78637  1.46634  0.26236  1.29184  0.32126
     44   2.35167  3.17628  0.22420  2.75047     44 G - - :
          1.38629  1.38629  1.38629  1.38629
          0.04642  3.78637  3.78637  1.46634  0.26236  1.29184  0.32126
     45   1.62426  1.65046  0.84445  1.70822     45 g - - :
          1.38629  1.38629  1.38629  1.38629
          0.12388  2.36621  3.78637  0.42858  1.05393  0.79746  0.59870
     46   1.15521  2.08616  1.08299  1.50390     47 g - - :
          1.38629  1.38629  1.38629  1.38629
          0.04574  3.80077  3.80077  1.46634  0.26236  1.09861  0.40547
     47   2.32973  2.34255  2.83359  0.29063     48 U - - :
          1.38629  1.38629  1.38629  1.38629
          0.04574  3.80077  3.80077  1.46634  0.26236  1.09861  0.40547
     48   1.62457  2.66365  0.46550  2.24917     49 G - - :
          1.38629  1.38629  1.38629  1.38629
          0.04574  3.80077  3.80077  1.46634  0.26236  1.09861  0.40547
     49   0.21644  2.93530  2.68972  2.60904     50 A - - :
          1.38629  1.38629  1.38629  1.38629
          0.04574  3.80077  3.80077  1.46634  0.26236  1.09861  0.40547
     50   2.32973  2.34255  2.83359  0.29063     51 U - - :
          1.38629  1.38629  1.38629  1.38629
          0.04574  3.80077  3.80077  1.46634  0.26236  1.09861  0.40547
     51   1.98328  1.73613  2.49200  0.50511     52 U - - :
          1.38629  1.38629  1.38629  1.38629
          0.04574  3.80077  3.80077  1.46634  0.26236  1.09861  0.40547
     52   2.38108  3.21060  0.21631  2.78496     53 G - - :
          1.38629  1.38629  1.38629  1.38629
          0.04574  3.80077  3.80077  1.46634  0.26236  1.09861  0.40547
     53   0.21644  2.93530  2.68972  2.60904     54 A - - :
          1.38629  1.38629  1.38629  1.38629
          0.04574  3.80077  3.80077  1.46634  0.26236  1.09861  0.40547
     54   1.95035  1.65208  2.46119  0.54336     55 U - - :
          1.38629  1.38629  1.38629  1.38629
          0.04574  3.80077  3.80077  1.46634  0.26236  1.09861  0.40547
     55   0.21644  2.93530  2.68972  2.60904     56 A - - :
          1.38629  1.38629  1.38629  1.38629
          0.04574  3.80077  3.80077  1.46634  0.26236  1.09861  0.40547
     56   0.21644  2.93530  2.68972  2.60904     57 A - - :
          1.38629  1.38629  1.38629  1.38629
          0.04574  3.80077  3.80077  1.46634  0.26236  1.09861  0.40547
     57   0.21644  2.93530  2.68972  2.60904     58 A - - :
          1.38629  1.38629  1.38629  1.38629
          0.04658  3.78290  3.78290  1.46634  0.26236  1.09861  0.40547
     58   1.78300  2.48598  0.42569  2.35065     59 G - - <
          1.38629  1.38629  1.38629  1.38629
          0.04658  3.78290  3.78290  1.46634  0.26236  1.09861  0.40547
     59   2.53187  0.58332  2.27269  1.34934     60 C - - <
          1.38629  1.38629  1.38629  1.38629
          0.04658  3.78290  3.78290  1.46634  0.26236  1.09861  0.40547
     60   0.53314  1.92134  2.20067  1.85726     61 A - - -
          1.38629  1.38629  1.38629  1.38629
          0.04658  3.78290  3.78290  1.46634  0.26236  1.09861  0.40547
     61   0.51002  2.38641  1.55843  2.33207     62 A - - <
          1.38629  1.38629  1.38629  1.38629
          0.04658  3.78290  3.78290  1.46634  0.26236  1.09861  0.40547
     62   2.62044  1.65308  2.32735  0.44908     63 U - - <
          1.38629  1.38629  1.38629  1.38629
          0.04658  3.78290  3.78290  1.46634  0.26236  1.09861  0.40547
     63   2.86247  0.33893  2.59181  1.86137     64 C - - <
          1.38629  1.38629  1.38629  1.38629
          0.04658  3.78290  3.78290  1.46634  0.26236  1.09861  0.40547
     64   0.50946  2.38774  1.55848  2.33421     65 A - - <
          1.38629  1.38629  1.38629  1.38629
          0.04658  3.78290  3.78290  1.46634  0.26236  1.09861  0.40547
     65   2.29889  2.31726  2.80096  0.30065     66 U - - -
          1.38629  1.38629  1.38629  1.38629
          0.04658  3.78290  3.78290  1.46634  0.26236  1.09861  0.40547
     66   1.76694  0.74832  1.95500  1.53982     67 c - - -
          1.38629  1.38629  1.38629  1.38629
          0.04658  3.78290  3.78290  1.46634  0.26236  1.09861  0.40547
     67   2.04918  2.70940  0.31397  2.60310     68 G - - <
          1.38629  1.38629  1.38629  1.38629
          0.04658  3.78290  3.78290  1.46634  0.26236  1.09861  0.40547
     68   2.51396  1.52980  2.23728  0.51798     69 U - - <
          1.38629  1.38629  1.38629  1.38629
          0.04658  3.78290  3.78290  1.46634  0.26236  1.09861  0.40547
     69   2.62141  1.65308  2.32770  0.44892     70 U - - <
          1.38629  1.38629  1.38629  1.38629
          0.04658  3.78290  3.78290  1.46634  0.26236  1.09861  0.40547
     70   2.86202  0.33901  2.59163  1.86130     71 C - - <
          1.38629  1.38629  1.38629  1.38629
          0.04658  3.78290  3.78290  1.46634  0.26236  1.09861  0.40547
     71   2.29889  2.31726  2.80096  0.30065     72 U - - -
          1.38629  1.38629  1.38629  1.38629
          0.04658  3.78290  3.78290  1.46634  0.26236  1.09861  0.40547
     72   1.47308  1.88291  1.31672  1.04804     73 u - - -
          1.38629  1.38629  1.38629  1.38629
          0.04658  3.78290  3.78290  1.46634  0.26236  1.09861  0.40547
     73   1.51608  2.06351  0.68255  1.90989     74 G - - <
          1.38629  1.38629  1.38629  1.38629
          0.04658  3.78290  3.78290  1.46634  0.26236  1.09861  0.40547
     74   1.22096  2.40690  0.73707  1.99184     75 g - - -
          1.38629  1.38629  1.38629  1.38629
          0.04658  3.78290  3.78290  1.46634  0.26236  1.09861  0.40547
     75   1.31839  2.11150  0.74868  1.97772     76 g - - <
          1.38629  1.38629  1.38629  1.38629
          0.04658  3.78290  3.78290  1.46634  0.26236  1.09861  0.40547
     76   1.83737  2.17769  0.51401  2.04511     77 G - - <
          1.38629  1.38629  1.38629  1.38629
          0.04658  3.78290  3.78290  1.46634  0.26236  1.09861  0.40547
     77   2.43895  0.30617  3.00419  2.06429     78 C - - _
          1.38629  1.38629  1.38629  1.38629
          0.04658  3.78290  3.78290  1.46634  0.26236  1.09861  0.40547
     78   1.46381  2.11741  0.71054  1.85199     79 g - - _
          1.38629  1.38629  1.38629  1.38629
          0.04658  3.78290  3.78290  1.46634  0.26236  1.09861  0.40547
     79   1.69473  1.77233  1.88887  0.70285     80 u - - _
          1.38629  1.38629  1.38629  1.38629
          0.04658  3.78290  3.78290  1.46634  0.26236  1.09861  0.40547
     80   2.03614  1.88784  2.54089  0.44742     81 U - - _
          1.38629  1.38629  1.38629  1.38629
          0.04658  3.78290  3.78290  1.46634  0.26236  1.09861  0.40547
     81   0.51257  2.26556  2.04193  1.78681     82 A - - _
          1.38629  1.38629  1.38629  1.38629
          0.04658  3.78290  3.78290  1.46634  0.26236  1.09861  0.40547
     82   0.22486  2.90119  2.65905  2.57175     83 A - - _
          1.38629  1.38629  1.38629  1.38629
          0.04658  3.78290  3.78290  1.46634  0.26236  1.09861  0.40547
     83   2.29889  2.31726  2.80096  0.30065     84 U - - _
          1.38629  1.38629  1.38629  1.38629
          0.04658  3.78290  3.78290  1.46634  0.26236  1.09861  0.40547
     84   1.82443  1.14364  2.35446  0.85546     85 u - - _
          1.38629  1.38629  1.38629  1.38629
          0.04658  3.78290  3.78290  1.46634  0.26236  1.09861  0.40547
     85   1.85235  2.44354  0.52820  1.79209     86 G - - _
          1.38629  1.38629  1.38629  1.38629
          0.04658  3.78290  3.78290  1.46634  0.26236  1.09861  0.40547
     86   1.88629  0.80449  2.43481  1.16016     87 c - - _
          1.38629  1.38629  1.38629  1.38629
          0.04658  3.78290  3.78290  1.46634  0.26236  1.09861  0.40547
     87   1.45255  1.77817  0.88803  1.68409     88 g - - _
          1.38629  1.38629  1.38629  1.38629
          0.04658  3.78290  3.78290  1.46634  0.26236  1.09861  0.40547
     88   2.28233  0.69282  1.89477  1.39659     89 C - - >
          1.38629  1.38629  1.38629  1.38629
          0.04658  3.78290  3.78290  1.46634  0.26236  1.09861  0.40547
     89   2.12514  1.43555  1.92135  0.70080     90 u - - >
          1.38629  1.38629  1.38629  1.38629
          0.04658  3.78290  3.78290  1.46634  0.26236  1.09861  0.40547
     90   1.48595  1.97936  1.19091  1.10380     91 u - - -
          1.38629  1.38629  1.38629  1.38629
          0.04658  3.78290  3.78290  1.46634  0.26236  1.09861  0.40547
     91   2.10793  0.73778  1.87136  1.40070     92 c - - >
          1.38629  1.38629  1.38629  1.38629
          0.04658  3.78290  3.78290  1.46634  0.26236  1.09861  0.40547
     92   2.29889  2.31726  2.80096  0.30065     93 U - - -
          1.38629  1.38629  1.38629  1.38629
          0.04658  3.78290  3.78290  1.46634  0.26236  1.09861  0.40547
     93   1.46508  2.01379  1.08342  1.21395     94 g - - -
          1.38629  1.38629  1.38629  1.38629
          0.04658  3.78290  3.78290  1.46634  0.26236  1.09861  0.40547
     94   2.13410  2.75680  0.29415  2.61748     95 G - - >
          1.38629  1.38629  1.38629  1.38629
          0.04658  3.78290  3.78290  1.46634  0.26236  1.09861  0.40547
     95   0.51155  2.50374  1.48974  2.37274     96 A - - >
          1.38629  1.38629  1.38629  1.38629
          0.04658  3.78290  3.78290  1.46634  0.26236  1.09861  0.40547
     96   0.63397  2.39830  1.28631  2.27930     97 A - - >
          1.38629  1.38629  1.38629  1.38629
          0.04658  3.78290  3.78290  1.46634  0.26236  1.09861  0.40547
     97   2.81264  0.38310  2.52547  1.72493     98 C - - >
          1.38629  1.38629  1.38629  1.38629
          0.04658  3.78290  3.78290  1.46634  0.26236  1.09861  0.40547
     98   2.56629  1.81506  2.20353  0.43088     99 U - - >
          1.38629  1.38629  1.38629  1.38629
          0.04658  3.78290  3.78290  1.46634  0.26236  1.09861  0.40547
     99   2.13649  2.75960  0.29317  2.62116    100 G - - >
          1.38629  1.38629  1.38629  1.38629
          0.04658  3.78290  3.78290  1.46634  0.26236  1.09861  0.40547
    100   0.51058  2.50657  1.48968  2.37668    101 A - - >
          1.38629  1.38629  1.38629  1.38629
          0.04658  3.78290  3.78290  1.46634  0.26236  1.09861  0.40547
    101   2.57024  1.81528  2.20474  0.43015    102 U - - >
          1.38629  1.38629  1.38629  1.38629
          0.04658  3.78290  3.78290  1.46634  0.26236  1.09861  0.40547
    102   2.04238  0.57005  2.60197  1.46682    103 C - - -
          1.38629  1.38629  1.38629  1.38629
          0.04658  3.78290  3.78290  1.46634  0.26236  1.09861  0.40547
    103   2.43895  0.30617  3.00419  2.06429    104 C - - -
          1.38629  1.38629  1.38629  1.38629
          0.04658  3.78290  3.78290  1.46634  0.26236  1.09861  0.40547
    104   1.83204  2.43557  0.42768  2.29912    105 G - - >
          1.38629  1.38629  1.38629  1.38629
          0.04658  3.78290  3.78290  1.46634  0.26236  1.09861  0.40547
    105   2.59228  0.45661  2.30356  1.65121    106 C - - >
          1.38629  1.38629  1.38629  1.38629
          0.04658  3.78290  3.78290  1.46634  0.26236  1.09861  0.40547
    106   1.30777  1.93957  2.16498  0.75277    107 u - - :
          1.38629  1.38629  1.38629  1.38629
          0.04658  3.78290  3.78290  1.46634  0.26236  1.09861  0.40547
    107   1.50421  1.97368  2.25551  0.62728    108 U - - :
          1.38629  1.38629  1.38629  1.38629
          0.04658  3.78290  3.78290  1.46634  0.26236  1.09861  0.40547
    108   1.58381  1.27055  1.72124  1.09277    109 u - - :
          1.38629  1.38629  1.38629  1.38629
          0.04658  3.78290  3.78290  1.46634  0.26236  1.09861  0.40547
    109   1.88629  0.80449  2.43481  1.16016    110 c - - :
          1.38629  1.38629  1.38629  1.38629
          0.04658  3.78290  3.78290  1.46634  0.26236  1.09861  0.40547
    110   2.29889  2.31726  2.80096  0.30065    111 U - - :
          1.38629  1.38629  1.38629  1.38629
          0.04658  3.78290  3.78290  1.46634  0.26236  1.09861  0.40547
    111   1.54400  1.54247  1.14094  1.37396    112 g - - :
          1.38629  1.38629  1.38629  1.38629
          0.04658  3.78290  3.78290  1.46634  0.26236  1.09861  0.40547
    112   1.88629  0.80449  2.43481  1.16016    113 c - - :
          1.38629  1.38629  1.38629  1.38629
          0.04658  3.78290  3.78290  1.46634  0.26236  1.09861  0.40547
    113   2.29889  2.31726  2.80096  0.30065    114 U - - :
          1.38629  1.38629  1.38629  1.38629
          0.04658  3.78290  3.78290  1.46634  0.26236  1.09861  0.40547
    114   1.82586  1.17993  2.35404  0.82866    115 u - - :
          1.38629  1.38629  1.38629  1.38629
          0.21538  3.78290  1.76605  1.46634  0.26236  1.09861  0.40547
    115   2.09413  0.44805  2.63973  1.79233    116 C - - :
          1.38629  1.38629  1.38629  1.38629
          0.05492  3.62244  3.62244  1.46634  0.26236  2.25284  0.11104
    116   0.31622  2.60351  2.39091  2.24867    117 A - - :
          1.38629  1.38629  1.38629  1.38629
          0.05492  3.62244  3.62244  1.46634  0.26236  2.25284  0.11104
    117   2.02384  2.78790  0.33965  2.36146    118 G - - :
          1.38629  1.38629  1.38629  1.38629
          0.05492  3.62244  3.62244  1.46634  0.26236  2.25284  0.11104
    118   1.80179  0.77615  2.33704  1.27937    119 c - - :
          1.38629  1.38629  1.38629  1.38629
          0.05492  3.62244  3.62244  1.46634  0.26236  2.25284  0.11104
    119   2.03445  2.10320  2.51793  0.40563    120 U - - :
          1.38629  1.38629  1.38629  1.38629
          0.05492  3.62244  3.62244  1.46634  0.26236  2.25284  0.11104
    120   1.50691  1.74627  1.85634  0.80355    121 u - - :
          1.38629  1.38629  1.38629  1.38629
          0.05492  3.62244  3.62244  1.46634  0.26236  2.25284  0.11104
    121   1.29655  0.96851  2.11702  1.48507    122 c - - :
          1.38629  1.38629  1.38629  1.38629
          0.05492  3.62244  3.62244  1.46634  0.26236  2.25284  0.11104
    122   2.03445  2.10320  2.51793  0.40563    123 U - - :
          1.38629  1.38629  1.38629  1.38629
          0.05492  3.62244  3.62244  1.46634  0.26236  2.25284  0.11104
    123   2.02384  2.78790  0.33965  2.36146    124 G - - :
          1.38629  1.38629  1.38629  1.38629
          0.05492  3.62244  3.62244  1.46634  0.26236  2.25284  0.11104
    124   0.61793  2.23247  1.63088  1.84565    125 A - - :
          1.38629  1.38629  1.38629  1.38629
          0.05492  3.62244  3.62244  1.46634  0.26236  2.25284  0.11104
    125   0.61793  2.23247  1.63088  1.84565    126 A - - :
          1.38629  1.38629  1.38629  1.38629
          0.05492  3.62244  3.62244  1.46634  0.26236  2.25284  0.11104
    126   2.09413  0.44805  2.63973  1.79233    127 C - - :
          1.38629  1.38629  1.38629  1.38629
          0.02783  3.59536        *  1.46634  0.26236  0.00000        *
//
