INFERNAL1/a [1.1.2 | July 2016]
NAME     at_nt_cjpt_cjra_round5_0001
STATES   243
NODES    65
CLEN     78
W        93
ALPH     RNA
RF       no
CONS     yes
MAP      yes
DATE     Tue Dec 17 00:32:41 2019
COM      [1] cmbuild /home/co78wid/projects/master/results/ta_systems/cjpt_cjra/2_structure_analysis/infernal_search/at_nt_cjpt_cjra_cmbuild.txt /home/co78wid/projects/master/results/ta_systems/cjpt_cjra/1_sequence_analysis/fold/at_nt_cjpt_cjra_round5.stk
COM      [2] cmcalibrate --cpu 20 /home/co78wid/projects/master/results/ta_systems/cjpt_cjra/2_structure_analysis/infernal_search/at_nt_cjpt_cjra_cmbuild.txt
PBEGIN   0.05
PEND     0.05
WBETA    1e-07
QDBBETA1 1e-07
QDBBETA2 1e-15
N2OMEGA  1.52588e-05
N3OMEGA  1.52588e-05
ELSELF   -0.08926734
NSEQ     2
EFFN     1.441406
CKSUM    4020579235
NULL     0.000  0.000  0.000  0.000 
EFP7GF   -5.9096 0.72184
ECMLC    0.73941    -5.81061     2.30652     1600000      485016  0.002474
ECMGC    0.41539   -15.70370    -2.81586     1600000       84533  0.004732
ECMLI    0.77027    -2.86070     4.05839     1600000      247617  0.004846
ECMGI    0.45450   -10.22560     0.94055     1600000       63988  0.006251
CM
                                             [ ROOT    0 ]      -      - - - - -
     S     0    -1 0     1     4     0     1    93   113  -6.733  -6.940  -0.062  -5.354                 
    IL     1     1 2     1     4     1    21    97   117  -1.686  -2.369  -1.117  -4.855                  0.000  0.000  0.000  0.000 
    IR     2     2 3     2     3     1    21    96   116  -1.442  -0.798  -4.142                          0.000  0.000  0.000  0.000 
                                             [ MATL    1 ]      1      - U - - -
    ML     3     2 3     5     3     1    20    93   113  -7.766  -0.024  -6.420                         -1.129 -1.190 -1.841  1.498 
     D     4     2 3     5     3     0    17    92   112  -6.174  -1.687  -0.566                         
    IL     5     5 3     5     3     1    20    95   115  -1.442  -0.798  -4.142                          0.000  0.000  0.000  0.000 
                                             [ MATL    2 ]      2      - U - - -
    ML     6     5 3     8     3     1    19    92   112  -7.766  -0.024  -6.420                         -1.129 -1.190 -1.841  1.498 
     D     7     5 3     8     3     0    16    91   110  -6.174  -1.687  -0.566                         
    IL     8     8 3     8     3     1    19    94   114  -1.442  -0.798  -4.142                          0.000  0.000  0.000  0.000 
                                             [ MATL    3 ]      3      - G - - -
    ML     9     8 3    11     3     1    18    91   111  -7.766  -0.024  -6.420                         -1.157 -2.305  1.604 -1.689 
     D    10     8 3    11     3     0    15    90   109  -6.174  -1.687  -0.566                         
    IL    11    11 3    11     3     1    18    93   113  -1.442  -0.798  -4.142                          0.000  0.000  0.000  0.000 
                                             [ MATL    4 ]      4      - A - - -
    ML    12    11 3    14     3     1    17    90   109  -8.170  -0.312  -2.387                          1.617 -1.976 -1.647 -1.482 
     D    13    11 3    14     3     0    15    89   108  -5.620  -0.734  -1.403                         
    IL    14    14 3    14     3     1    19    91   110  -1.925  -0.554  -4.164                          0.000  0.000  0.000  0.000 
                                             [ MATR    5 ]      -     78 - U - -
    MR    15    14 3    17     3     1    20    89   109  -7.884  -0.026  -6.201                         -0.616 -0.787 -1.284  1.237 
     D    16    14 3    17     3     0    13    87   106  -7.604  -2.781  -0.235                         
    IR    17    17 3    17     3     1    19    90   109  -1.925  -0.554  -4.164                          0.000  0.000  0.000  0.000 
                                             [ MATR    6 ]      -     77 - A - -
    MR    18    17 3    20     3     1    20    88   108  -7.884  -0.026  -6.201                          1.381 -1.391 -1.117 -0.855 
     D    19    17 3    20     3     0    13    86   105  -7.604  -2.781  -0.235                         
    IR    20    20 3    20     3     1    18    89   108  -1.925  -0.554  -4.164                          0.000  0.000  0.000  0.000 
                                             [ MATR    7 ]      -     76 - A - -
    MR    21    20 3    23     3     1    20    87   107  -7.884  -0.026  -6.201                          1.381 -1.391 -1.117 -0.855 
     D    22    20 3    23     3     0    12    85   104  -7.604  -2.781  -0.235                         
    IR    23    23 3    23     3     1    18    88   107  -1.925  -0.554  -4.164                          0.000  0.000  0.000  0.000 
                                             [ MATR    8 ]      -     75 - U - -
    MR    24    23 3    26     3     1    19    86   106  -7.884  -0.026  -6.201                         -0.616 -0.787 -1.284  1.237 
     D    25    23 3    26     3     0    12    84   103  -7.604  -2.781  -0.235                         
    IR    26    26 3    26     3     1    18    87   106  -1.925  -0.554  -4.164                          0.000  0.000  0.000  0.000 
                                             [ MATR    9 ]      -     74 - A - -
    MR    27    26 3    29     3     1    19    85   105  -7.884  -0.026  -6.201                          1.381 -1.391 -1.117 -0.855 
     D    28    26 3    29     3     0    12    83   102  -7.604  -2.781  -0.235                         
    IR    29    29 3    29     3     1    17    86   105  -1.925  -0.554  -4.164                          0.000  0.000  0.000  0.000 
                                             [ MATR   10 ]      -     73 - G - -
    MR    30    29 3    32     3     1    19    84   104  -7.884  -0.026  -6.201                         -0.531 -1.548  1.290 -0.940 
     D    31    29 3    32     3     0    11    82   101  -7.604  -2.781  -0.235                         
    IR    32    32 3    32     3     1    17    85   104  -1.925  -0.554  -4.164                          0.000  0.000  0.000  0.000 
                                             [ MATR   11 ]      -     72 - G - -
    MR    33    32 3    35     3     1    18    83   103  -7.884  -0.026  -6.201                         -0.531 -1.548  1.290 -0.940 
     D    34    32 3    35     3     0    11    81   100  -7.604  -2.781  -0.235                         
    IR    35    35 3    35     3     1    17    84   103  -1.925  -0.554  -4.164                          0.000  0.000  0.000  0.000 
                                             [ MATR   12 ]      -     71 - G - -
    MR    36    35 3    38     3     1    18    82   102  -7.884  -0.026  -6.201                         -0.531 -1.548  1.290 -0.940 
     D    37    35 3    38     3     0    11    80    99  -7.604  -2.781  -0.235                         
    IR    38    38 3    38     3     1    16    83   102  -1.925  -0.554  -4.164                          0.000  0.000  0.000  0.000 
                                             [ MATR   13 ]      -     70 - G - -
    MR    39    38 3    41     3     1    17    81   101  -7.884  -0.026  -6.201                         -0.531 -1.548  1.290 -0.940 
     D    40    38 3    41     3     0    10    79    98  -7.604  -2.781  -0.235                         
    IR    41    41 3    41     3     1    16    82   101  -1.925  -0.554  -4.164                          0.000  0.000  0.000  0.000 
                                             [ MATR   14 ]      -     69 - C - -
    MR    42    41 3    44     3     1    17    80   100  -7.884  -0.026  -6.201                         -0.626  1.101 -1.382 -0.280 
     D    43    41 3    44     3     0    10    78    97  -7.604  -2.781  -0.235                         
    IR    44    44 3    44     3     1    16    81   100  -1.925  -0.554  -4.164                          0.000  0.000  0.000  0.000 
                                             [ MATR   15 ]      -     68 - G - -
    MR    45    44 3    47     3     1    16    79    99  -7.884  -0.026  -6.201                         -0.531 -1.548  1.290 -0.940 
     D    46    44 3    47     3     0    10    77    96  -7.604  -2.781  -0.235                         
    IR    47    47 3    47     3     1    15    80    99  -1.925  -0.554  -4.164                          0.000  0.000  0.000  0.000 
                                             [ MATR   16 ]      -     67 - A - -
    MR    48    47 3    50     3     1    16    78    98  -7.884  -0.026  -6.201                          1.381 -1.391 -1.117 -0.855 
     D    49    47 3    50     3     0    10    76    95  -7.604  -2.781  -0.235                         
    IR    50    50 3    50     3     1    15    79    98  -1.925  -0.554  -4.164                          0.000  0.000  0.000  0.000 
                                             [ MATR   17 ]      -     66 - G - -
    MR    51    50 3    53     3     1    15    77    97  -7.884  -0.026  -6.201                         -0.531 -1.548  1.290 -0.940 
     D    52    50 3    53     3     0     9    75    94  -7.604  -2.781  -0.235                         
    IR    53    53 3    53     3     1    14    78    97  -1.925  -0.554  -4.164                          0.000  0.000  0.000  0.000 
                                             [ MATR   18 ]      -     65 - A - -
    MR    54    53 3    56     3     1    14    76    96  -7.884  -0.026  -6.201                          1.381 -1.391 -1.117 -0.855 
     D    55    53 3    56     3     0     9    74    93  -7.604  -2.781  -0.235                         
    IR    56    56 3    56     3     1    14    77    96  -1.925  -0.554  -4.164                          0.000  0.000  0.000  0.000 
                                             [ MATR   19 ]      -     64 - U - -
    MR    57    56 3    59     3     1    14    75    95  -7.884  -0.026  -6.201                         -0.616 -0.787 -1.284  1.237 
     D    58    56 3    59     3     0     9    73    92  -7.604  -2.781  -0.235                         
    IR    59    59 3    59     3     1    13    76    95  -1.925  -0.554  -4.164                          0.000  0.000  0.000  0.000 
                                             [ MATR   20 ]      -     63 - A - -
    MR    60    59 3    62     3     1    13    74    94  -7.884  -0.026  -6.201                          1.381 -1.391 -1.117 -0.855 
     D    61    59 3    62     3     0     9    72    91  -7.604  -2.781  -0.235                         
    IR    62    62 3    62     3     1    13    75    94  -1.925  -0.554  -4.164                          0.000  0.000  0.000  0.000 
                                             [ MATR   21 ]      -     62 - C - -
    MR    63    62 3    65     3     1    12    73    93  -7.884  -0.026  -6.201                         -0.626  1.101 -1.382 -0.280 
     D    64    62 3    65     3     0     8    71    90  -7.604  -2.781  -0.235                         
    IR    65    65 3    65     3     1    12    74    93  -1.925  -0.554  -4.164                          0.000  0.000  0.000  0.000 
                                             [ MATR   22 ]      -     61 - U - -
    MR    66    65 3    68     3     1    11    72    92  -7.884  -0.026  -6.201                         -0.616 -0.787 -1.284  1.237 
     D    67    65 3    68     3     0     8    70    90  -7.604  -2.781  -0.235                         
    IR    68    68 3    68     3     1    11    73    92  -1.925  -0.554  -4.164                          0.000  0.000  0.000  0.000 
                                             [ MATR   23 ]      -     60 - G - -
    MR    69    68 3    71     3     1    10    71    90  -7.884  -0.026  -6.201                         -0.531 -1.548  1.290 -0.940 
     D    70    68 3    71     3     0     8    70    89  -7.604  -0.485  -1.834                         
    IR    71    71 3    71     3     1    10    72    91  -1.925  -0.554  -4.164                          0.000  0.000  0.000  0.000 
                                             [ MATR   24 ]      -     59 - C - -
    MR    72    71 3    74     3     1     9    70    89  -8.170  -0.021  -6.488                         -1.272  1.469 -2.075 -0.783 
     D    73    71 3    74     3     0     6    68    88  -6.390  -1.568  -0.620                         
    IR    74    74 3    74     3     1     9    71    90  -1.925  -0.554  -4.164                          0.000  0.000  0.000  0.000 
                                             [ MATR   25 ]      -     58 - C - -
    MR    75    74 3    77     3     1     8    69    88  -8.170  -0.021  -6.488                         -1.272  1.469 -2.075 -0.783 
     D    76    74 3    77     3     0     6    67    87  -6.390  -1.568  -0.620                         
    IR    77    77 3    77     3     1     8    70    89  -1.925  -0.554  -4.164                          0.000  0.000  0.000  0.000 
                                             [ MATR   26 ]      -     57 - C - -
    MR    78    77 3    80     3     1     7    68    87  -8.170  -0.021  -6.488                         -1.272  1.469 -2.075 -0.783 
     D    79    77 3    80     3     0     5    67    86  -6.390  -1.568  -0.620                         
    IR    80    80 3    80     3     1     7    69    88  -1.925  -0.554  -4.164                          0.000  0.000  0.000  0.000 
                                             [ MATR   27 ]      -     56 - C - -
    MR    81    80 3    83     3     1     6    67    86  -8.170  -0.021  -6.488                         -1.272  1.469 -2.075 -0.783 
     D    82    80 3    83     3     0     5    66    85  -6.390  -1.568  -0.620                         
    IR    83    83 3    83     3     1     7    68    87  -1.925  -0.554  -4.164                          0.000  0.000  0.000  0.000 
                                             [ MATR   28 ]      -     55 - G - -
    MR    84    83 3    86     2     1     5    66    85  -8.115  -0.005                                 -1.157 -2.305  1.604 -1.689 
     D    85    83 3    86     2     0     4    65    85  -4.432  -0.068                                 
    IR    86    86 3    86     2     1     6    67    86  -1.823  -0.479                                  0.000  0.000  0.000  0.000 
                                             [ BIF    29 ]      -      - - - - -
     B    87    86 3    88   165     0     4    65    84                                                 
                                             [ BEGL   30 ]      -      - - - - -
     S    88    87 1    89     4     0     0    39    58  -0.048  -6.729  -6.136  -6.776                 
                                             [ MATP   31 ]      5     29 C G - -
    MP    89    88 1    93     6     2     2    39    58  -9.029  -8.968  -0.022  -7.745  -8.025  -8.420 -4.157 -4.024 -3.910 -0.296 -2.722 -4.373  3.408 -3.491 -3.949  0.010 -4.250 -1.967  0.828 -4.250 -0.421 -2.804 
    ML    90    88 1    93     6     1     1    37    56  -6.250  -6.596  -1.310  -1.005  -6.446  -3.975  0.368 -0.385 -0.191  0.094 
    MR    91    88 1    93     6     1     1    37    56  -6.988  -5.717  -1.625  -5.695  -0.829  -3.908  0.368 -0.385 -0.191  0.094 
     D    92    88 1    93     6     0     0    35    54  -9.049  -7.747  -3.544  -4.226  -4.244  -0.319 
    IL    93    93 5    93     6     1     1    39    57  -2.579  -2.842  -0.760  -4.497  -5.274  -4.934  0.000  0.000  0.000  0.000 
    IR    94    94 6    94     5     1     1    38    57  -2.408  -0.496  -5.920  -4.087  -5.193          0.000  0.000  0.000  0.000 
                                             [ MATP   32 ]      6     28 U A - -
    MP    95    94 6    99     6     2     2    37    56  -9.029  -8.968  -0.022  -7.745  -8.025  -8.420 -3.800 -3.608 -3.679  0.066 -2.710 -4.277  1.608 -3.376 -3.688  0.389 -4.080 -1.518  3.101 -3.963 -0.396 -2.548 
    ML    96    94 6    99     6     1     1    35    54  -6.250  -6.596  -1.310  -1.005  -6.446  -3.975  0.368 -0.385 -0.191  0.094 
    MR    97    94 6    99     6     1     1    35    54  -6.988  -5.717  -1.625  -5.695  -0.829  -3.908  0.368 -0.385 -0.191  0.094 
     D    98    94 6    99     6     0     0    33    52  -9.049  -7.747  -3.544  -4.226  -4.244  -0.319 
    IL    99    99 5    99     6     1     1    37    55  -2.579  -2.842  -0.760  -4.497  -5.274  -4.934  0.000  0.000  0.000  0.000 
    IR   100   100 6   100     5     1     1    36    55  -2.408  -0.496  -5.920  -4.087  -5.193          0.000  0.000  0.000  0.000 
                                             [ MATP   33 ]      7     27 u a - -
    MP   101   100 6   105     6     2     2    35    54  -9.029  -8.968  -0.022  -7.745  -8.025  -8.420 -2.881 -2.935 -2.905  0.500  0.931 -3.594  1.912 -2.818 -2.941  0.650 -3.406 -1.170  2.229 -3.112 -0.018 -1.937 
    ML   102   100 6   105     6     1     1    34    52  -6.250  -6.596  -1.310  -1.005  -6.446  -3.975  0.368 -0.385 -0.191  0.094 
    MR   103   100 6   105     6     1     1    33    52  -6.988  -5.717  -1.625  -5.695  -0.829  -3.908  0.368 -0.385 -0.191  0.094 
     D   104   100 6   105     6     0     0    31    50  -9.049  -7.747  -3.544  -4.226  -4.244  -0.319 
    IL   105   105 5   105     6     1     1    35    53  -2.579  -2.842  -0.760  -4.497  -5.274  -4.934  0.000  0.000  0.000  0.000 
    IR   106   106 6   106     5     1     1    34    53  -2.408  -0.496  -5.920  -4.087  -5.193          0.000  0.000  0.000  0.000 
                                             [ MATP   34 ]      8     26 C G - -
    MP   107   106 6   111     4     2     2    33    52  -6.668  -7.913  -0.093  -4.367                 -4.157 -4.024 -3.910 -0.296 -2.722 -4.373  3.408 -3.491 -3.949  0.010 -4.250 -1.967  0.828 -4.250 -0.421 -2.804 
    ML   108   106 6   111     4     1     1    32    51  -2.408  -4.532  -1.293  -1.473                  0.368 -0.385 -0.191  0.094 
    MR   109   106 6   111     4     1     1    32    51  -4.102 -12.528  -0.390  -2.485                  0.368 -0.385 -0.191  0.094 
     D   110   106 6   111     4     0     0    30    49 -12.737 -14.007  -2.036  -0.404                 
    IL   111   111 5   111     4     1     1    32    51  -2.817  -4.319  -0.613  -2.698                  0.000  0.000  0.000  0.000 
    IR   112   112 6   112     3     1     1    33    51  -1.925  -0.554  -4.164                          0.000  0.000  0.000  0.000 
                                             [ MATR   35 ]      -     25 - u - -
    MR   113   112 6   115     5     1     1    31    50  -6.922  -0.044  -6.737  -6.949  -7.841         -0.558  0.488 -1.321  0.603 
     D   114   112 6   115     5     0     0    30    48  -5.352  -0.707  -2.978  -4.409  -2.404         
    IR   115   115 3   115     5     1     1    31    50  -2.408  -0.496  -5.920  -4.087  -5.193          0.000  0.000  0.000  0.000 
                                             [ MATP   36 ]      9     24 C G - -
    MP   116   115 3   120     6     2     2    30    49  -9.029  -8.968  -0.022  -7.745  -8.025  -8.420 -4.157 -4.024 -3.910 -0.296 -2.722 -4.373  3.408 -3.491 -3.949  0.010 -4.250 -1.967  0.828 -4.250 -0.421 -2.804 
    ML   117   115 3   120     6     1     1    28    47  -6.250  -6.596  -1.310  -1.005  -6.446  -3.975  0.368 -0.385 -0.191  0.094 
    MR   118   115 3   120     6     1     1    28    47  -6.988  -5.717  -1.625  -5.695  -0.829  -3.908  0.368 -0.385 -0.191  0.094 
     D   119   115 3   120     6     0     0    26    45  -9.049  -7.747  -3.544  -4.226  -4.244  -0.319 
    IL   120   120 5   120     6     1     1    30    48  -2.579  -2.842  -0.760  -4.497  -5.274  -4.934  0.000  0.000  0.000  0.000 
    IR   121   121 6   121     5     1     1    29    48  -2.408  -0.496  -5.920  -4.087  -5.193          0.000  0.000  0.000  0.000 
                                             [ MATP   37 ]     10     23 U A - -
    MP   122   121 6   126     6     2     2    28    47  -9.029  -8.968  -0.022  -7.745  -8.025  -8.420 -3.800 -3.608 -3.679  0.066 -2.710 -4.277  1.608 -3.376 -3.688  0.389 -4.080 -1.518  3.101 -3.963 -0.396 -2.548 
    ML   123   121 6   126     6     1     1    26    45  -6.250  -6.596  -1.310  -1.005  -6.446  -3.975  0.368 -0.385 -0.191  0.094 
    MR   124   121 6   126     6     1     1    26    45  -6.988  -5.717  -1.625  -5.695  -0.829  -3.908  0.368 -0.385 -0.191  0.094 
     D   125   121 6   126     6     0     0    24    43  -9.049  -7.747  -3.544  -4.226  -4.244  -0.319 
    IL   126   126 5   126     6     1     1    28    46  -2.579  -2.842  -0.760  -4.497  -5.274  -4.934  0.000  0.000  0.000  0.000 
    IR   127   127 6   127     5     1     1    27    46  -2.408  -0.496  -5.920  -4.087  -5.193          0.000  0.000  0.000  0.000 
                                             [ MATP   38 ]     11     22 A U - -
    MP   128   127 6   132     6     2     2    26    45  -9.029  -8.968  -0.022  -7.745  -8.025  -8.420 -3.483 -2.598 -3.521  3.085 -3.709 -4.749  0.572 -3.581 -3.429  1.413 -3.961 -0.130  0.153 -3.986 -1.371 -2.376 
    ML   129   127 6   132     6     1     1    24    43  -6.250  -6.596  -1.310  -1.005  -6.446  -3.975  0.368 -0.385 -0.191  0.094 
    MR   130   127 6   132     6     1     1    24    43  -6.988  -5.717  -1.625  -5.695  -0.829  -3.908  0.368 -0.385 -0.191  0.094 
     D   131   127 6   132     6     0     0    22    41  -9.049  -7.747  -3.544  -4.226  -4.244  -0.319 
    IL   132   132 5   132     6     1     1    26    44  -2.579  -2.842  -0.760  -4.497  -5.274  -4.934  0.000  0.000  0.000  0.000 
    IR   133   133 6   133     5     1     1    25    44  -2.408  -0.496  -5.920  -4.087  -5.193          0.000  0.000  0.000  0.000 
                                             [ MATP   39 ]     12     21 A U - -
    MP   134   133 6   138     6     2     2    24    43  -9.029  -8.968  -0.022  -7.745  -8.025  -8.420 -3.483 -2.598 -3.521  3.085 -3.709 -4.749  0.572 -3.581 -3.429  1.413 -3.961 -0.130  0.153 -3.986 -1.371 -2.376 
    ML   135   133 6   138     6     1     1    23    41  -6.250  -6.596  -1.310  -1.005  -6.446  -3.975  0.368 -0.385 -0.191  0.094 
    MR   136   133 6   138     6     1     1    22    41  -6.988  -5.717  -1.625  -5.695  -0.829  -3.908  0.368 -0.385 -0.191  0.094 
     D   137   133 6   138     6     0     0    20    39  -9.049  -7.747  -3.544  -4.226  -4.244  -0.319 
    IL   138   138 5   138     6     1     1    24    42  -2.579  -2.842  -0.760  -4.497  -5.274  -4.934  0.000  0.000  0.000  0.000 
    IR   139   139 6   139     5     1     1    23    42  -2.408  -0.496  -5.920  -4.087  -5.193          0.000  0.000  0.000  0.000 
                                             [ MATP   40 ]     13     20 A U - -
    MP   140   139 6   144     6     2     2    22    41  -9.029  -8.968  -0.022  -7.745  -8.025  -8.420 -3.483 -2.598 -3.521  3.085 -3.709 -4.749  0.572 -3.581 -3.429  1.413 -3.961 -0.130  0.153 -3.986 -1.371 -2.376 
    ML   141   139 6   144     6     1     1    21    40  -6.250  -6.596  -1.310  -1.005  -6.446  -3.975  0.368 -0.385 -0.191  0.094 
    MR   142   139 6   144     6     1     1    21    40  -6.988  -5.717  -1.625  -5.695  -0.829  -3.908  0.368 -0.385 -0.191  0.094 
     D   143   139 6   144     6     0     0    19    38  -9.049  -7.747  -3.544  -4.226  -4.244  -0.319 
    IL   144   144 5   144     6     1     1    22    40  -2.579  -2.842  -0.760  -4.497  -5.274  -4.934  0.000  0.000  0.000  0.000 
    IR   145   145 6   145     5     1     1    21    40  -2.408  -0.496  -5.920  -4.087  -5.193          0.000  0.000  0.000  0.000 
                                             [ MATP   41 ]     14     19 u g - -
    MP   146   145 6   150     4     2     2    20    39  -6.733  -6.940  -0.062  -5.354                 -3.699 -3.602 -3.490  0.024 -2.378 -3.981  1.896 -3.110 -3.526  0.288 -3.860 -1.615  1.107 -3.820  2.706 -2.419 
    ML   147   145 6   150     4     1     1    21    39  -3.758  -3.940  -0.507  -2.670                  0.368 -0.385 -0.191  0.094 
    MR   148   145 6   150     4     1     1    20    39  -4.809  -3.838  -1.706  -0.766                  0.368 -0.385 -0.191  0.094 
     D   149   145 6   150     4     0     0    19    38  -4.568  -4.250  -2.265  -0.520                 
    IL   150   150 5   150     4     1     1    22    41  -1.686  -2.369  -1.117  -4.855                  0.000  0.000  0.000  0.000 
    IR   151   151 6   151     3     1     1    21    40  -1.442  -0.798  -4.142                          0.000  0.000  0.000  0.000 
                                             [ MATL   42 ]     15      - G - - -
    ML   152   151 6   154     3     1     1    16    35  -7.766  -0.024  -6.420                         -1.157 -2.305  1.604 -1.689 
     D   153   151 6   154     3     0     0    16    34  -6.174  -1.687  -0.566                         
    IL   154   154 3   154     3     1     1    20    38  -1.442  -0.798  -4.142                          0.000  0.000  0.000  0.000 
                                             [ MATL   43 ]     16      - A - - -
    ML   155   154 3   157     3     1     1    15    33  -7.766  -0.024  -6.420                          1.617 -1.976 -1.647 -1.482 
     D   156   154 3   157     3     0     0    15    33  -6.174  -1.687  -0.566                         
    IL   157   157 3   157     3     1     1    19    37  -1.442  -0.798  -4.142                          0.000  0.000  0.000  0.000 
                                             [ MATL   44 ]     17      - A - - -
    ML   158   157 3   160     3     1     1    13    32  -7.766  -0.024  -6.420                          1.617 -1.976 -1.647 -1.482 
     D   159   157 3   160     3     0     0    13    32  -6.174  -1.687  -0.566                         
    IL   160   160 3   160     3     1     1    18    36  -1.442  -0.798  -4.142                          0.000  0.000  0.000  0.000 
                                             [ MATL   45 ]     18      - A - - -
    ML   161   160 3   163     2     1     1     1     1       *   0.000                                  1.617 -1.976 -1.647 -1.482 
     D   162   160 3   163     2     0     0     0     0       *   0.000                                 
    IL   163   163 3   163     2     1     1    13    28  -1.823  -0.479                                  0.000  0.000  0.000  0.000 
                                             [ END    46 ]      -      - - - - -
     E   164   163 3    -1     0     0     0     0     0                                                 
                                             [ BEGR   47 ]      -      - - - - -
     S   165    87 1   166     3     0     0    39    58  -7.766  -0.024  -6.420                         
    IL   166   166 2   166     3     1     1    43    62  -1.442  -0.798  -4.142                          0.000  0.000  0.000  0.000 
                                             [ MATL   48 ]     30      - A - - -
    ML   167   166 2   169     3     1     1    39    58  -7.766  -0.024  -6.420                          1.617 -1.976 -1.647 -1.482 
     D   168   166 2   169     3     0     0    38    57  -6.174  -1.687  -0.566                         
    IL   169   169 3   169     3     1     1    42    61  -1.442  -0.798  -4.142                          0.000  0.000  0.000  0.000 
                                             [ MATL   49 ]     31      - A - - -
    ML   170   169 3   172     3     1     1    38    57  -7.766  -0.024  -6.420                          1.617 -1.976 -1.647 -1.482 
     D   171   169 3   172     3     0     0    37    56  -6.174  -1.687  -0.566                         
    IL   172   172 3   172     3     1     1    40    60  -1.442  -0.798  -4.142                          0.000  0.000  0.000  0.000 
                                             [ MATL   50 ]     32      - U - - -
    ML   173   172 3   175     3     1     1    37    56  -7.766  -0.024  -6.420                         -1.129 -1.190 -1.841  1.498 
     D   174   172 3   175     3     0     0    36    55  -6.174  -1.687  -0.566                         
    IL   175   175 3   175     3     1     1    39    58  -1.442  -0.798  -4.142                          0.000  0.000  0.000  0.000 
                                             [ MATL   51 ]     33      - U - - -
    ML   176   175 3   178     5     1     1    36    54  -6.922  -0.044  -6.737  -6.949  -7.841         -1.129 -1.190 -1.841  1.498 
     D   177   175 3   178     5     0     0    34    53  -4.959  -0.803  -4.221  -2.596  -2.508         
    IL   178   178 3   178     5     1     1    36    55  -2.408  -0.496  -4.087  -5.920  -5.193          0.000  0.000  0.000  0.000 
                                             [ MATP   52 ]     34     54 g u - -
    MP   179   178 3   183     6     2     2    35    53  -9.029  -8.968  -0.022  -7.745  -8.025  -8.420 -3.373 -2.245 -3.518  1.270 -4.034 -4.771  0.310 -3.577 -3.253  1.683 -3.762  2.771 -0.051 -4.022 -1.629 -2.275 
    ML   180   178 3   183     6     1     1    33    52  -6.250  -6.596  -1.310  -1.005  -6.446  -3.975  0.368 -0.385 -0.191  0.094 
    MR   181   178 3   183     6     1     1    33    52  -6.988  -5.717  -1.625  -5.695  -0.829  -3.908  0.368 -0.385 -0.191  0.094 
     D   182   178 3   183     6     0     0    31    49  -9.049  -7.747  -3.544  -4.226  -4.244  -0.319 
    IL   183   183 5   183     6     1     1    34    53  -2.579  -2.842  -0.760  -4.497  -5.274  -4.934  0.000  0.000  0.000  0.000 
    IR   184   184 6   184     5     1     1    34    53  -2.408  -0.496  -5.920  -4.087  -5.193          0.000  0.000  0.000  0.000 
                                             [ MATP   53 ]     35     53 g u - -
    MP   185   184 6   189     6     2     2    33    51  -9.029  -8.968  -0.022  -7.745  -8.025  -8.420 -3.373 -2.245 -3.518  1.270 -4.034 -4.771  0.310 -3.577 -3.253  1.683 -3.762  2.771 -0.051 -4.022 -1.629 -2.275 
    ML   186   184 6   189     6     1     1    31    50  -6.250  -6.596  -1.310  -1.005  -6.446  -3.975  0.368 -0.385 -0.191  0.094 
    MR   187   184 6   189     6     1     1    31    50  -6.988  -5.717  -1.625  -5.695  -0.829  -3.908  0.368 -0.385 -0.191  0.094 
     D   188   184 6   189     6     0     0    29    47  -9.049  -7.747  -3.544  -4.226  -4.244  -0.319 
    IL   189   189 5   189     6     1     1    32    51  -2.579  -2.842  -0.760  -4.497  -5.274  -4.934  0.000  0.000  0.000  0.000 
    IR   190   190 6   190     5     1     1    32    51  -2.408  -0.496  -5.920  -4.087  -5.193          0.000  0.000  0.000  0.000 
                                             [ MATP   54 ]     36     52 C G - -
    MP   191   190 6   195     6     2     2    31    49  -9.029  -8.968  -0.022  -7.745  -8.025  -8.420 -4.157 -4.024 -3.910 -0.296 -2.722 -4.373  3.408 -3.491 -3.949  0.010 -4.250 -1.967  0.828 -4.250 -0.421 -2.804 
    ML   192   190 6   195     6     1     1    29    48  -6.250  -6.596  -1.310  -1.005  -6.446  -3.975  0.368 -0.385 -0.191  0.094 
    MR   193   190 6   195     6     1     1    29    48  -6.988  -5.717  -1.625  -5.695  -0.829  -3.908  0.368 -0.385 -0.191  0.094 
     D   194   190 6   195     6     0     0    27    45  -9.049  -7.747  -3.544  -4.226  -4.244  -0.319 
    IL   195   195 5   195     6     1     1    30    49  -2.579  -2.842  -0.760  -4.497  -5.274  -4.934  0.000  0.000  0.000  0.000 
    IR   196   196 6   196     5     1     1    30    49  -2.408  -0.496  -5.920  -4.087  -5.193          0.000  0.000  0.000  0.000 
                                             [ MATP   55 ]     37     51 u g - -
    MP   197   196 6   201     6     2     2    29    47  -9.029  -8.968  -0.022  -7.745  -8.025  -8.420 -3.699 -3.602 -3.490  0.024 -2.378 -3.981  1.896 -3.110 -3.526  0.288 -3.860 -1.615  1.107 -3.820  2.706 -2.419 
    ML   198   196 6   201     6     1     1    27    46  -6.250  -6.596  -1.310  -1.005  -6.446  -3.975  0.368 -0.385 -0.191  0.094 
    MR   199   196 6   201     6     1     1    27    46  -6.988  -5.717  -1.625  -5.695  -0.829  -3.908  0.368 -0.385 -0.191  0.094 
     D   200   196 6   201     6     0     0    25    43  -9.049  -7.747  -3.544  -4.226  -4.244  -0.319 
    IL   201   201 5   201     6     1     1    28    47  -2.579  -2.842  -0.760  -4.497  -5.274  -4.934  0.000  0.000  0.000  0.000 
    IR   202   202 6   202     5     1     1    28    47  -2.408  -0.496  -5.920  -4.087  -5.193          0.000  0.000  0.000  0.000 
                                             [ MATP   56 ]     38     50 U A - -
    MP   203   202 6   207     6     2     2    27    45  -9.029  -8.968  -0.022  -7.745  -8.025  -8.420 -3.800 -3.608 -3.679  0.066 -2.710 -4.277  1.608 -3.376 -3.688  0.389 -4.080 -1.518  3.101 -3.963 -0.396 -2.548 
    ML   204   202 6   207     6     1     1    25    44  -6.250  -6.596  -1.310  -1.005  -6.446  -3.975  0.368 -0.385 -0.191  0.094 
    MR   205   202 6   207     6     1     1    25    44  -6.988  -5.717  -1.625  -5.695  -0.829  -3.908  0.368 -0.385 -0.191  0.094 
     D   206   202 6   207     6     0     0    23    41  -9.049  -7.747  -3.544  -4.226  -4.244  -0.319 
    IL   207   207 5   207     6     1     1    26    45  -2.579  -2.842  -0.760  -4.497  -5.274  -4.934  0.000  0.000  0.000  0.000 
    IR   208   208 6   208     5     1     1    26    45  -2.408  -0.496  -5.920  -4.087  -5.193          0.000  0.000  0.000  0.000 
                                             [ MATP   57 ]     39     49 A U - -
    MP   209   208 6   213     6     2     2    25    43  -9.029  -8.968  -0.022  -7.745  -8.025  -8.420 -3.483 -2.598 -3.521  3.085 -3.709 -4.749  0.572 -3.581 -3.429  1.413 -3.961 -0.130  0.153 -3.986 -1.371 -2.376 
    ML   210   208 6   213     6     1     1    23    42  -6.250  -6.596  -1.310  -1.005  -6.446  -3.975  0.368 -0.385 -0.191  0.094 
    MR   211   208 6   213     6     1     1    23    42  -6.988  -5.717  -1.625  -5.695  -0.829  -3.908  0.368 -0.385 -0.191  0.094 
     D   212   208 6   213     6     0     0    21    40  -9.049  -7.747  -3.544  -4.226  -4.244  -0.319 
    IL   213   213 5   213     6     1     1    24    43  -2.579  -2.842  -0.760  -4.497  -5.274  -4.934  0.000  0.000  0.000  0.000 
    IR   214   214 6   214     5     1     1    24    43  -2.408  -0.496  -5.920  -4.087  -5.193          0.000  0.000  0.000  0.000 
                                             [ MATP   58 ]     40     48 U A - -
    MP   215   214 6   219     6     2     2    23    41  -9.029  -8.968  -0.022  -7.745  -8.025  -8.420 -3.800 -3.608 -3.679  0.066 -2.710 -4.277  1.608 -3.376 -3.688  0.389 -4.080 -1.518  3.101 -3.963 -0.396 -2.548 
    ML   216   214 6   219     6     1     1    21    40  -6.250  -6.596  -1.310  -1.005  -6.446  -3.975  0.368 -0.385 -0.191  0.094 
    MR   217   214 6   219     6     1     1    21    40  -6.988  -5.717  -1.625  -5.695  -0.829  -3.908  0.368 -0.385 -0.191  0.094 
     D   218   214 6   219     6     0     0    19    38  -9.049  -7.747  -3.544  -4.226  -4.244  -0.319 
    IL   219   219 5   219     6     1     1    22    41  -2.579  -2.842  -0.760  -4.497  -5.274  -4.934  0.000  0.000  0.000  0.000 
    IR   220   220 6   220     5     1     1    22    41  -2.408  -0.496  -5.920  -4.087  -5.193          0.000  0.000  0.000  0.000 
                                             [ MATP   59 ]     41     47 C G - -
    MP   221   220 6   225     6     2     2    21    39  -9.029  -8.968  -0.022  -7.745  -8.025  -8.420 -4.157 -4.024 -3.910 -0.296 -2.722 -4.373  3.408 -3.491 -3.949  0.010 -4.250 -1.967  0.828 -4.250 -0.421 -2.804 
    ML   222   220 6   225     6     1     1    20    39  -6.250  -6.596  -1.310  -1.005  -6.446  -3.975  0.368 -0.385 -0.191  0.094 
    MR   223   220 6   225     6     1     1    20    39  -6.988  -5.717  -1.625  -5.695  -0.829  -3.908  0.368 -0.385 -0.191  0.094 
     D   224   220 6   225     6     0     0    18    37  -9.049  -7.747  -3.544  -4.226  -4.244  -0.319 
    IL   225   225 5   225     6     1     1    21    39  -2.579  -2.842  -0.760  -4.497  -5.274  -4.934  0.000  0.000  0.000  0.000 
    IR   226   226 6   226     5     1     1    20    39  -2.408  -0.496  -5.920  -4.087  -5.193          0.000  0.000  0.000  0.000 
                                             [ MATP   60 ]     42     46 U A - -
    MP   227   226 6   231     4     2     2    19    37  -6.733  -6.940  -0.062  -5.354                 -3.800 -3.608 -3.679  0.066 -2.710 -4.277  1.608 -3.376 -3.688  0.389 -4.080 -1.518  3.101 -3.963 -0.396 -2.548 
    ML   228   226 6   231     4     1     1    20    38  -3.758  -3.940  -0.507  -2.670                  0.368 -0.385 -0.191  0.094 
    MR   229   226 6   231     4     1     1    19    38  -4.809  -3.838  -1.706  -0.766                  0.368 -0.385 -0.191  0.094 
     D   230   226 6   231     4     0     0    18    37  -4.568  -4.250  -2.265  -0.520                 
    IL   231   231 5   231     4     1     1    21    40  -1.686  -2.369  -1.117  -4.855                  0.000  0.000  0.000  0.000 
    IR   232   232 6   232     3     1     1    20    38  -1.442  -0.798  -4.142                          0.000  0.000  0.000  0.000 
                                             [ MATL   61 ]     43      - U - - -
    ML   233   232 6   235     3     1     1    15    33  -7.766  -0.024  -6.420                         -1.129 -1.190 -1.841  1.498 
     D   234   232 6   235     3     0     0    15    33  -6.174  -1.687  -0.566                         
    IL   235   235 3   235     3     1     1    19    37  -1.442  -0.798  -4.142                          0.000  0.000  0.000  0.000 
                                             [ MATL   62 ]     44      - U - - -
    ML   236   235 3   238     3     1     1    13    32  -7.766  -0.024  -6.420                         -1.129 -1.190 -1.841  1.498 
     D   237   235 3   238     3     0     0    13    32  -6.174  -1.687  -0.566                         
    IL   238   238 3   238     3     1     1    18    36  -1.442  -0.798  -4.142                          0.000  0.000  0.000  0.000 
                                             [ MATL   63 ]     45      - U - - -
    ML   239   238 3   241     2     1     1     1     1       *   0.000                                 -1.129 -1.190 -1.841  1.498 
     D   240   238 3   241     2     0     0     0     0       *   0.000                                 
    IL   241   241 3   241     2     1     1    13    28  -1.823  -0.479                                  0.000  0.000  0.000  0.000 
                                             [ END    64 ]      -      - - - - -
     E   242   241 3    -1     0     0     0     0     0                                                 
//
HMMER3/f [3.1b3 | July 2016]
NAME  at_nt_cjpt_cjra_round5_0001
LENG  78
MAXL  171
ALPH  RNA
RF    no
MM    no
CONS  yes
CS    yes
MAP   yes
DATE  Tue Dec 17 00:32:41 2019
COM   [1] cmbuild /home/co78wid/projects/master/results/ta_systems/cjpt_cjra/2_structure_analysis/infernal_search/at_nt_cjpt_cjra_cmbuild.txt /home/co78wid/projects/master/results/ta_systems/cjpt_cjra/1_sequence_analysis/fold/at_nt_cjpt_cjra_round5.stk
NSEQ  2
EFFN  1.753906
CKSUM 4020579235
STATS LOCAL MSV       -8.5375  0.72184
STATS LOCAL VITERBI   -9.4505  0.72184
STATS LOCAL FORWARD   -3.2550  0.72184
HMM          A        C        G        U   
            m->m     m->i     m->d     i->m     i->i     d->m     d->d
  COMPO   1.33662  1.60384  1.38477  1.25259
          1.38629  1.38629  1.38629  1.38629
          0.04879  3.73767  3.73767  1.46634  0.26236  0.00000        *
      1   2.32930  2.34219  2.83314  0.29076      1 U - - :
          1.38629  1.38629  1.38629  1.38629
          0.04879  3.73767  3.73767  1.46634  0.26236  1.09861  0.40547
      2   2.32930  2.34219  2.83314  0.29076      2 U - - :
          1.38629  1.38629  1.38629  1.38629
          0.04879  3.73767  3.73767  1.46634  0.26236  1.09861  0.40547
      3   2.38057  3.21001  0.21644  2.78437      3 G - - :
          1.38629  1.38629  1.38629  1.38629
          0.04879  3.73767  3.73767  1.46634  0.26236  1.09861  0.40547
      4   0.21656  2.93483  2.68930  2.60852      4 A - - :
          1.38629  1.38629  1.38629  1.38629
          0.04879  3.73767  3.73767  1.46634  0.26236  1.09861  0.40547
      5   2.90459  0.32616  2.63308  1.88595      5 C - - <
          1.38629  1.38629  1.38629  1.38629
          0.04879  3.73767  3.73767  1.46634  0.26236  1.09861  0.40547
      6   2.65789  1.67513  2.36587  0.43270      6 U - - <
          1.38629  1.38629  1.38629  1.38629
          0.04879  3.73767  3.73767  1.46634  0.26236  1.09861  0.40547
      7   2.25203  0.97266  2.06375  0.94222      7 u - - <
          1.38629  1.38629  1.38629  1.38629
          0.04879  3.73767  3.73767  1.46634  0.26236  1.09861  0.40547
      8   2.89671  0.32735  2.62977  1.88472      8 C - - <
          1.38629  1.38629  1.38629  1.38629
          0.04879  3.73767  3.73767  1.46634  0.26236  1.09861  0.40547
      9   2.86850  0.33170  2.61780  1.88027      9 C - - <
          1.38629  1.38629  1.38629  1.38629
          0.04879  3.73767  3.73767  1.46634  0.26236  1.09861  0.40547
     10   2.64333  1.67504  2.36046  0.43510     10 U - - <
          1.38629  1.38629  1.38629  1.38629
          0.04879  3.73767  3.73767  1.46634  0.26236  1.09861  0.40547
     11   0.49096  2.42141  1.58349  2.36544     11 A - - <
          1.38629  1.38629  1.38629  1.38629
          0.04879  3.73767  3.73767  1.46634  0.26236  1.09861  0.40547
     12   0.49070  2.42206  1.58352  2.36647     12 A - - <
          1.38629  1.38629  1.38629  1.38629
          0.04879  3.73767  3.73767  1.46634  0.26236  1.09861  0.40547
     13   0.49059  2.42233  1.58354  2.36690     13 A - - <
          1.38629  1.38629  1.38629  1.38629
          0.04879  3.73767  3.73767  1.46634  0.26236  1.09861  0.40547
     14   2.65922  1.43730  2.41153  0.50625     14 U - - <
          1.38629  1.38629  1.38629  1.38629
          0.04879  3.73767  3.73767  1.46634  0.26236  1.09861  0.40547
     15   2.38057  3.21001  0.21644  2.78437     15 G - - _
          1.38629  1.38629  1.38629  1.38629
          0.04879  3.73767  3.73767  1.46634  0.26236  1.09861  0.40547
     16   0.21656  2.93483  2.68930  2.60852     16 A - - _
          1.38629  1.38629  1.38629  1.38629
          0.04879  3.73767  3.73767  1.46634  0.26236  1.09861  0.40547
     17   0.21656  2.93483  2.68930  2.60852     17 A - - _
          1.38629  1.38629  1.38629  1.38629
          0.04879  3.73767  3.73767  1.46634  0.26236  1.09861  0.40547
     18   0.21656  2.93483  2.68930  2.60852     18 A - - _
          1.38629  1.38629  1.38629  1.38629
          0.04879  3.73767  3.73767  1.46634  0.26236  1.09861  0.40547
     19   1.93752  2.58370  0.37012  2.41025     19 G - - >
          1.38629  1.38629  1.38629  1.38629
          0.04879  3.73767  3.73767  1.46634  0.26236  1.09861  0.40547
     20   2.59705  1.84353  2.23774  0.41468     20 U - - >
          1.38629  1.38629  1.38629  1.38629
          0.04879  3.73767  3.73767  1.46634  0.26236  1.09861  0.40547
     21   2.59744  1.84355  2.23786  0.41461     21 U - - >
          1.38629  1.38629  1.38629  1.38629
          0.04879  3.73767  3.73767  1.46634  0.26236  1.09861  0.40547
     22   2.59790  1.84358  2.23800  0.41453     22 U - - >
          1.38629  1.38629  1.38629  1.38629
          0.04879  3.73767  3.73767  1.46634  0.26236  1.09861  0.40547
     23   0.49333  2.54204  1.51179  2.40580     23 A - - >
          1.38629  1.38629  1.38629  1.38629
          0.04879  3.73767  3.73767  1.46634  0.26236  1.09861  0.40547
     24   2.15880  2.79561  0.28378  2.65175     24 G - - >
          1.38629  1.38629  1.38629  1.38629
          0.04879  3.73767  3.73767  1.46634  0.26236  1.09861  0.40547
     25   1.84400  1.00633  2.38279  0.95720     25 u - - -
          1.38629  1.38629  1.38629  1.38629
          0.04879  3.73767  3.73767  1.46634  0.26236  1.09861  0.40547
     26   2.15808  2.79477  0.28406  2.65064     26 G - - >
          1.38629  1.38629  1.38629  1.38629
          0.04879  3.73767  3.73767  1.46634  0.26236  1.09861  0.40547
     27   0.76419  2.22741  1.21627  2.03907     27 a - - >
          1.38629  1.38629  1.38629  1.38629
          0.04879  3.73767  3.73767  1.46634  0.26236  1.09861  0.40547
     28   0.49389  2.54034  1.51180  2.40348     28 A - - >
          1.38629  1.38629  1.38629  1.38629
          0.04879  3.73767  3.73767  1.46634  0.26236  1.09861  0.40547
     29   2.15358  2.78941  0.28585  2.64368     29 G - - >
          1.38629  1.38629  1.38629  1.38629
          0.04879  3.73767  3.73767  1.46634  0.26236  1.09861  0.40547
     30   0.21656  2.93483  2.68930  2.60852     30 A - - -
          1.38629  1.38629  1.38629  1.38629
          0.04879  3.73767  3.73767  1.46634  0.26236  1.09861  0.40547
     31   0.21656  2.93483  2.68930  2.60852     31 A - - -
          1.38629  1.38629  1.38629  1.38629
          0.04879  3.73767  3.73767  1.46634  0.26236  1.09861  0.40547
     32   2.32930  2.34219  2.83314  0.29076     32 U - - -
          1.38629  1.38629  1.38629  1.38629
          0.04879  3.73767  3.73767  1.46634  0.26236  1.09861  0.40547
     33   2.32930  2.34219  2.83314  0.29076     33 U - - -
          1.38629  1.38629  1.38629  1.38629
          0.04879  3.73767  3.73767  1.46634  0.26236  1.09861  0.40547
     34   1.79331  2.58699  0.39368  2.47959     34 G - - <
          1.38629  1.38629  1.38629  1.38629
          0.04879  3.73767  3.73767  1.46634  0.26236  1.09861  0.40547
     35   1.79332  2.58700  0.39368  2.47961     35 G - - <
          1.38629  1.38629  1.38629  1.38629
          0.04879  3.73767  3.73767  1.46634  0.26236  1.09861  0.40547
     36   2.89670  0.32735  2.62976  1.88472     36 C - - <
          1.38629  1.38629  1.38629  1.38629
          0.04879  3.73767  3.73767  1.46634  0.26236  1.09861  0.40547
     37   2.66260  1.43712  2.41288  0.50573     37 U - - <
          1.38629  1.38629  1.38629  1.38629
          0.04879  3.73767  3.73767  1.46634  0.26236  1.09861  0.40547
     38   2.65362  1.67510  2.36429  0.43340     38 U - - <
          1.38629  1.38629  1.38629  1.38629
          0.04879  3.73767  3.73767  1.46634  0.26236  1.09861  0.40547
     39   0.49026  2.42313  1.58359  2.36817     39 A - - <
          1.38629  1.38629  1.38629  1.38629
          0.04879  3.73767  3.73767  1.46634  0.26236  1.09861  0.40547
     40   2.65257  1.67510  2.36390  0.43358     40 U - - <
          1.38629  1.38629  1.38629  1.38629
          0.04879  3.73767  3.73767  1.46634  0.26236  1.09861  0.40547
     41   2.89309  0.32790  2.62824  1.88416     41 C - - <
          1.38629  1.38629  1.38629  1.38629
          0.04879  3.73767  3.73767  1.46634  0.26236  1.09861  0.40547
     42   2.65181  1.67509  2.36362  0.43370     42 U - - <
          1.38629  1.38629  1.38629  1.38629
          0.04879  3.73767  3.73767  1.46634  0.26236  1.09861  0.40547
     43   2.32930  2.34219  2.83314  0.29076     43 U - - _
          1.38629  1.38629  1.38629  1.38629
          0.04879  3.73767  3.73767  1.46634  0.26236  1.09861  0.40547
     44   2.32930  2.34219  2.83314  0.29076     44 U - - _
          1.38629  1.38629  1.38629  1.38629
          0.04879  3.73767  3.73767  1.46634  0.26236  1.09861  0.40547
     45   2.32930  2.34219  2.83314  0.29076     45 U - - _
          1.38629  1.38629  1.38629  1.38629
          0.04879  3.73767  3.73767  1.46634  0.26236  1.09861  0.40547
     46   0.49353  2.54145  1.51180  2.40500     46 A - - >
          1.38629  1.38629  1.38629  1.38629
          0.04879  3.73767  3.73767  1.46634  0.26236  1.09861  0.40547
     47   2.15788  2.79453  0.28414  2.65033     47 G - - >
          1.38629  1.38629  1.38629  1.38629
          0.04879  3.73767  3.73767  1.46634  0.26236  1.09861  0.40547
     48   0.49343  2.54176  1.51180  2.40542     48 A - - >
          1.38629  1.38629  1.38629  1.38629
          0.04879  3.73767  3.73767  1.46634  0.26236  1.09861  0.40547
     49   2.59822  1.84360  2.23810  0.41448     49 U - - >
          1.38629  1.38629  1.38629  1.38629
          0.04879  3.73767  3.73767  1.46634  0.26236  1.09861  0.40547
     50   0.49332  2.54209  1.51179  2.40586     50 A - - >
          1.38629  1.38629  1.38629  1.38629
          0.04879  3.73767  3.73767  1.46634  0.26236  1.09861  0.40547
     51   1.93828  2.58464  0.36970  2.41146     51 G - - >
          1.38629  1.38629  1.38629  1.38629
          0.04879  3.73767  3.73767  1.46634  0.26236  1.09861  0.40547
     52   2.15852  2.79529  0.28389  2.65133     52 G - - >
          1.38629  1.38629  1.38629  1.38629
          0.04879  3.73767  3.73767  1.46634  0.26236  1.09861  0.40547
     53   2.69498  1.65572  2.39080  0.43087     53 U - - >
          1.38629  1.38629  1.38629  1.38629
          0.04879  3.73767  3.73767  1.46634  0.26236  1.09861  0.40547
     54   2.69218  1.65571  2.38977  0.43130     54 U - - >
          1.38629  1.38629  1.38629  1.38629
          0.04879  3.73767  3.73767  1.46634  0.26236  1.09861  0.40547
     55   2.38057  3.21001  0.21644  2.78437     55 G - - :
          1.38629  1.38629  1.38629  1.38629
          0.04879  3.73767  3.73767  1.46634  0.26236  1.09861  0.40547
     56   2.47899  0.29346  3.04592  2.09604     56 C - - :
          1.38629  1.38629  1.38629  1.38629
          0.04879  3.73767  3.73767  1.46634  0.26236  1.09861  0.40547
     57   2.47899  0.29346  3.04592  2.09604     57 C - - :
          1.38629  1.38629  1.38629  1.38629
          0.04879  3.73767  3.73767  1.46634  0.26236  1.09861  0.40547
     58   2.47899  0.29346  3.04592  2.09604     58 C - - :
          1.38629  1.38629  1.38629  1.38629
          0.04879  3.73767  3.73767  1.46634  0.26236  1.09861  0.40547
     59   2.47899  0.29346  3.04592  2.09604     59 C - - :
          1.38629  1.38629  1.38629  1.38629
          0.30092  3.73767  1.44369  1.46634  0.26236  1.09861  0.40547
     60   1.87488  2.60757  0.41521  2.18289     60 G - - :
          1.38629  1.38629  1.38629  1.38629
          0.06235  3.49910  3.49910  1.46634  0.26236  2.47774  0.08767
     61   1.91314  2.00777  2.38587  0.46827     61 U - - :
          1.38629  1.38629  1.38629  1.38629
          0.06235  3.49910  3.49910  1.46634  0.26236  2.47774  0.08767
     62   1.94119  0.53671  2.47527  1.67312     62 C - - :
          1.38629  1.38629  1.38629  1.38629
          0.06235  3.49910  3.49910  1.46634  0.26236  2.47774  0.08767
     63   0.37304  2.46456  2.26496  2.09979     63 A - - :
          1.38629  1.38629  1.38629  1.38629
          0.06235  3.49910  3.49910  1.46634  0.26236  2.47774  0.08767
     64   1.91314  2.00777  2.38587  0.46827     64 U - - :
          1.38629  1.38629  1.38629  1.38629
          0.06235  3.49910  3.49910  1.46634  0.26236  2.47774  0.08767
     65   0.37304  2.46456  2.26496  2.09979     65 A - - :
          1.38629  1.38629  1.38629  1.38629
          0.06235  3.49910  3.49910  1.46634  0.26236  2.47774  0.08767
     66   1.87488  2.60757  0.41521  2.18289     66 G - - :
          1.38629  1.38629  1.38629  1.38629
          0.06235  3.49910  3.49910  1.46634  0.26236  2.47774  0.08767
     67   0.37304  2.46456  2.26496  2.09979     67 A - - :
          1.38629  1.38629  1.38629  1.38629
          0.06235  3.49910  3.49910  1.46634  0.26236  2.47774  0.08767
     68   1.87488  2.60757  0.41521  2.18289     68 G - - :
          1.38629  1.38629  1.38629  1.38629
          0.06235  3.49910  3.49910  1.46634  0.26236  2.47774  0.08767
     69   1.94119  0.53671  2.47527  1.67312     69 C - - :
          1.38629  1.38629  1.38629  1.38629
          0.06235  3.49910  3.49910  1.46634  0.26236  2.47774  0.08767
     70   1.87488  2.60757  0.41521  2.18289     70 G - - :
          1.38629  1.38629  1.38629  1.38629
          0.06235  3.49910  3.49910  1.46634  0.26236  2.47774  0.08767
     71   1.87488  2.60757  0.41521  2.18290     71 G - - :
          1.38629  1.38629  1.38629  1.38629
          0.06235  3.49910  3.49910  1.46634  0.26236  2.47774  0.08767
     72   1.87488  2.60757  0.41521  2.18289     72 G - - :
          1.38629  1.38629  1.38629  1.38629
          0.06235  3.49910  3.49910  1.46634  0.26236  2.47774  0.08767
     73   1.87488  2.60757  0.41521  2.18290     73 G - - :
          1.38629  1.38629  1.38629  1.38629
          0.06235  3.49910  3.49910  1.46634  0.26236  2.47774  0.08767
     74   0.37304  2.46456  2.26496  2.09979     74 A - - :
          1.38629  1.38629  1.38629  1.38629
          0.06235  3.49910  3.49910  1.46634  0.26236  2.47774  0.08767
     75   1.91314  2.00777  2.38587  0.46827     75 U - - :
          1.38629  1.38629  1.38629  1.38629
          0.06235  3.49910  3.49910  1.46634  0.26236  2.47774  0.08767
     76   0.37304  2.46456  2.26496  2.09979     76 A - - :
          1.38629  1.38629  1.38629  1.38629
          0.06235  3.49910  3.49910  1.46634  0.26236  2.47774  0.08767
     77   0.37304  2.46456  2.26496  2.09979     77 A - - :
          1.38629  1.38629  1.38629  1.38629
          0.06235  3.49910  3.49910  1.46634  0.26236  2.47774  0.08767
     78   1.91314  2.00777  2.38587  0.46827     78 U - - :
          1.38629  1.38629  1.38629  1.38629
          0.03166  3.46841        *  1.46634  0.26236  0.00000        *
//
