INFERNAL1/a [1.1.2 | July 2016]
NAME     at_nt_aapa_isoa_round5_0001
STATES   240
NODES    74
CLEN     77
W        93
ALPH     RNA
RF       no
CONS     yes
MAP      yes
DATE     Mon Dec 16 21:35:27 2019
COM      [1] cmbuild /home/co78wid/projects/master/results/ta_systems/aapa_isoa/2_structure_analysis/infernal_search/at_nt_aapa_isoa_cmbuild.txt /home/co78wid/projects/master/results/ta_systems/aapa_isoa/1_sequence_analysis/fold/at_nt_aapa_isoa_round5.stk
COM      [2] cmcalibrate --cpu 20 /home/co78wid/projects/master/results/ta_systems/aapa_isoa/2_structure_analysis/infernal_search/at_nt_aapa_isoa_cmbuild.txt
PBEGIN   0.05
PEND     0.05
WBETA    1e-07
QDBBETA1 1e-07
QDBBETA2 1e-15
N2OMEGA  1.52588e-05
N3OMEGA  1.52588e-05
ELSELF   -0.08926734
NSEQ     94
EFFN     1.953552
CKSUM    2427481651
NULL     0.000  0.000  0.000  0.000 
EFP7GF   -7.7929 0.71878
ECMLC    0.61772    -7.00847     2.62627     1600000      461233  0.002602
ECMGC    0.36280   -14.91862    -2.02326     1600000       43043  0.009293
ECMLI    0.58365    -5.08769     4.64731     1600000      352191  0.003407
ECMGI    0.38916   -10.21721     1.64147     1600000       40392  0.009903
CM
                                             [ ROOT    0 ]      -      - - - - -
     S     0    -1 0     1     4     0     1    93   113  -6.958  -7.165  -0.150  -3.580                 
    IL     1     1 2     1     4     8    36    97   117  -1.686  -2.369  -1.117  -4.855                  0.000  0.000  0.000  0.000 
    IR     2     2 3     2     3     7    36    96   116  -1.442  -0.798  -4.142                          0.000  0.000  0.000  0.000 
                                             [ MATL    1 ]      1      - A - - -
    ML     3     2 3     5     3     7    35    93   113  -7.887  -0.022  -6.541                          1.683 -2.216 -1.864 -1.744 
     D     4     2 3     5     3     4    31    92   112  -6.799  -1.211  -0.839                         
    IL     5     5 3     5     3     7    35    95   115  -1.442  -0.798  -4.142                          0.000  0.000  0.000  0.000 
                                             [ MATL    2 ]      2      - A - - -
    ML     6     5 3     8     3     7    34    92   112  -7.944  -0.064  -4.676                          1.710 -2.331 -1.967 -1.870 
     D     7     5 3     8     3     3    31    91   111  -6.421  -1.934  -0.461                         
    IL     8     8 3     8     3     6    34    94   114  -1.442  -0.798  -4.142                          0.000  0.000  0.000  0.000 
                                             [ MATL    3 ]      3      - A - - -
    ML     9     8 3    11     3     6    33    91   111  -7.902  -0.022  -6.556                          1.691 -2.246 -1.891 -1.777 
     D    10     8 3    11     3     3    30    90   110  -6.709  -1.354  -0.739                         
    IL    11    11 3    11     3     6    33    93   113  -1.442  -0.798  -4.142                          0.000  0.000  0.000  0.000 
                                             [ MATL    4 ]      4      - C - - -
    ML    12    11 3    14     3     6    32    90   110  -7.943  -0.021  -6.597                         -0.610  1.121 -1.602 -0.252 
     D    13    11 3    14     3     3    29    89   109  -6.428  -1.941  -0.458                         
    IL    14    14 3    14     3     5    32    92   112  -1.442  -0.798  -4.142                          0.000  0.000  0.000  0.000 
                                             [ MATL    5 ]      5      - g - - -
    ML    15    14 3    17     3     5    31    89   109  -7.943  -0.021  -6.597                          0.421 -1.086  0.619 -0.611 
     D    16    14 3    17     3     3    29    88   108  -6.428  -1.245  -0.820                         
    IL    17    17 3    17     3     5    31    91   111  -1.442  -0.798  -4.142                          0.000  0.000  0.000  0.000 
                                             [ MATL    6 ]      6      - C - - -
    ML    18    17 3    20     3     4    30    88   108  -8.363  -0.384  -2.116                         -1.066  1.383 -1.744 -0.700 
     D    19    17 3    20     3     2    28    87   107  -5.620  -0.734  -1.403                         
    IL    20    20 3    20     3     5    32    89   109  -1.925  -0.554  -4.164                          0.000  0.000  0.000  0.000 
                                             [ MATR    7 ]      -     83 - C - -
    MR    21    20 3    23     3     5    32    87   107  -8.003  -0.024  -6.321                         -0.881  1.276 -1.658 -0.476 
     D    22    20 3    23     3     2    27    85   105  -7.902  -1.589  -0.592                         
    IR    23    23 3    23     3     4    31    88   108  -1.925  -0.554  -4.164                          0.000  0.000  0.000  0.000 
                                             [ MATR    8 ]      -     82 - A - -
    MR    24    23 3    26     3     5    31    86   106  -8.132  -0.022  -6.450                          1.468 -1.637 -1.139 -1.127 
     D    25    23 3    26     3     2    26    85   105  -7.555  -1.108  -0.914                         
    IR    26    26 3    26     3     4    30    87   107  -1.925  -0.554  -4.164                          0.000  0.000  0.000  0.000 
                                             [ MATR    9 ]      -     81 - A - -
    MR    27    26 3    29     3     5    31    85   105  -8.267  -0.020  -6.585                          1.593 -1.952 -1.459 -1.472 
     D    28    26 3    29     3     1    25    83   103  -7.012  -2.190  -0.371                         
    IR    29    29 3    29     3     4    30    86   106  -1.925  -0.554  -4.164                          0.000  0.000  0.000  0.000 
                                             [ MATR   10 ]      -     80 - A - -
    MR    30    29 3    32     3     5    30    84   104  -8.267  -0.020  -6.585                          1.338 -1.530 -0.673 -1.006 
     D    31    29 3    32     3     1    24    82   102  -7.012  -2.190  -0.371                         
    IR    32    32 3    32     3     4    29    85   105  -1.925  -0.554  -4.164                          0.000  0.000  0.000  0.000 
                                             [ MATR   11 ]      -     79 - A - -
    MR    33    32 3    35     3     4    29    83   103  -8.267  -0.020  -6.585                          1.021 -0.748 -0.593 -0.490 
     D    34    32 3    35     3     1    24    81   101  -7.012  -2.190  -0.371                         
    IR    35    35 3    35     3     3    28    84   104  -1.925  -0.554  -4.164                          0.000  0.000  0.000  0.000 
                                             [ MATR   12 ]      -     78 - a - -
    MR    36    35 3    38     3     4    29    82   102  -8.267  -0.020  -6.585                          0.970 -1.318  0.060 -0.745 
     D    37    35 3    38     3     1    23    80   100  -7.012  -2.190  -0.371                         
    IR    38    38 3    38     3     3    28    83   103  -1.925  -0.554  -4.164                          0.000  0.000  0.000  0.000 
                                             [ MATR   13 ]      -     77 - C - -
    MR    39    38 3    41     3     4    28    81   101  -8.267  -0.020  -6.585                         -0.954  1.186 -1.761 -0.130 
     D    40    38 3    41     3     1    23    79    99  -7.012  -2.190  -0.371                         
    IR    41    41 3    41     3     3    27    82   102  -1.925  -0.554  -4.164                          0.000  0.000  0.000  0.000 
                                             [ MATR   14 ]      -     76 - G - -
    MR    42    41 3    44     3     4    27    80   100  -8.267  -0.020  -6.585                         -1.380 -2.568  1.673 -1.954 
     D    43    41 3    44     3     1    22    79    99  -7.012  -1.276  -0.787                         
    IR    44    44 3    44     3     3    26    81   101  -1.925  -0.554  -4.164                          0.000  0.000  0.000  0.000 
                                             [ MATR   15 ]      -     75 - G - -
    MR    45    44 3    47     3     3    26    79    99  -8.321  -0.019  -6.639                         -1.504 -2.712  1.705 -2.098 
     D    46    44 3    47     3     0    21    78    98  -6.701  -1.267  -0.799                         
    IR    47    47 3    47     3     3    25    80   100  -1.925  -0.554  -4.164                          0.000  0.000  0.000  0.000 
                                             [ MATR   16 ]      -     74 - U - -
    MR    48    47 3    50     3     3    25    78    98  -8.353  -0.019  -6.670                         -0.776 -0.595 -1.556  1.272 
     D    49    47 3    50     3     0    21    76    96  -6.477  -1.655  -0.575                         
    IR    50    50 3    50     3     2    25    79    99  -1.925  -0.554  -4.164                          0.000  0.000  0.000  0.000 
                                             [ MATR   17 ]      -     73 - a - -
    MR    51    50 3    53     3     3    24    77    97  -8.353  -0.019  -6.670                          0.885 -1.382  0.258 -0.803 
     D    52    50 3    53     3     0    20    76    96  -6.477  -1.410  -0.707                         
    IR    53    53 3    53     3     2    24    78    98  -1.925  -0.554  -4.164                          0.000  0.000  0.000  0.000 
                                             [ MATR   18 ]      -     72 - A - -
    MR    54    53 3    56     3     3    24    76    96  -8.363  -0.019  -6.681                          1.142 -0.519 -1.180 -0.613 
     D    55    53 3    56     3     0    19    75    94  -6.390  -1.568  -0.620                         
    IR    56    56 3    56     3     2    23    77    97  -1.925  -0.554  -4.164                          0.000  0.000  0.000  0.000 
                                             [ MATR   19 ]      -     71 - A - -
    MR    57    56 3    59     3     3    23    75    95  -8.363  -0.019  -6.681                          1.675 -2.220 -1.743 -1.765 
     D    58    56 3    59     3     0    18    73    93  -6.390  -1.568  -0.620                         
    IR    59    59 3    59     3     2    22    76    96  -1.925  -0.554  -4.164                          0.000  0.000  0.000  0.000 
                                             [ MATR   20 ]      -     70 - A - -
    MR    60    59 3    62     3     2    22    74    94  -6.203  -0.034  -6.681                          1.650 -2.144 -1.627 -1.686 
     D    61    59 3    62     3     0    18    72    92  -6.390  -1.568  -0.620                         
    IR    62    62 3    62     3     1    21    75    95  -1.974  -0.532  -4.213                          0.000  0.000  0.000  0.000 
                                             [ MATR   21 ]      -     68 - A - -
    MR    63    62 3    65     3     2    21    73    93  -8.363  -0.019  -6.681                          1.280 -1.427 -0.651 -0.830 
     D    64    62 3    65     3     0    17    71    91  -6.390  -1.568  -0.620                         
    IR    65    65 3    65     3     1    21    74    94  -1.925  -0.554  -4.164                          0.000  0.000  0.000  0.000 
                                             [ MATR   22 ]      -     67 - u - -
    MR    66    65 3    68     3     2    20    72    92  -8.363  -0.019  -6.681                         -0.248 -0.206 -1.221  0.897 
     D    67    65 3    68     3     0    16    70    90  -6.390  -1.568  -0.620                         
    IR    68    68 3    68     3     1    20    73    93  -1.925  -0.554  -4.164                          0.000  0.000  0.000  0.000 
                                             [ MATR   23 ]      -     66 - c - -
    MR    69    68 3    71     3     2    19    71    91  -8.363  -0.019  -6.681                         -0.484  0.561 -1.351  0.504 
     D    70    68 3    71     3     0    16    69    89  -6.390  -1.568  -0.620                         
    IR    71    71 3    71     3     1    19    72    92  -1.925  -0.554  -4.164                          0.000  0.000  0.000  0.000 
                                             [ MATR   24 ]      -     65 - A - -
    MR    72    71 3    74     3     1    18    70    90  -8.363  -0.019  -6.681                          1.648 -1.989 -1.793 -1.617 
     D    73    71 3    74     3     0    15    68    88  -6.390  -1.568  -0.620                         
    IR    74    74 3    74     3     1    18    71    91  -1.925  -0.554  -4.164                          0.000  0.000  0.000  0.000 
                                             [ MATR   25 ]      -     64 - A - -
    MR    75    74 3    77     3     1    17    69    89  -8.363  -0.019  -6.681                          1.050 -1.043 -0.993 -0.087 
     D    76    74 3    77     3     0    14    67    87  -6.390  -1.568  -0.620                         
    IR    77    77 3    77     3     1    17    70    90  -1.925  -0.554  -4.164                          0.000  0.000  0.000  0.000 
                                             [ MATR   26 ]      -     63 - A - -
    MR    78    77 3    80     3     1    16    68    88  -5.864  -0.039  -6.681                          1.118 -0.531 -1.158 -0.538 
     D    79    77 3    80     3     0    14    66    86  -6.390  -1.568  -0.620                         
    IR    80    80 3    80     3     1    16    69    89  -1.819  -0.587  -4.292                          0.000  0.000  0.000  0.000 
                                             [ MATR   27 ]      -     60 - A - -
    MR    81    80 3    83     3     1    15    67    87  -8.363  -0.019  -6.681                          1.179 -1.471 -0.238 -0.924 
     D    82    80 3    83     3     0    13    65    85  -6.390  -1.568  -0.620                         
    IR    83    83 3    83     3     1    16    68    88  -1.925  -0.554  -4.164                          0.000  0.000  0.000  0.000 
                                             [ MATR   28 ]      -     59 - G - -
    MR    84    83 3    86     3     1    14    66    86  -5.850  -0.329  -2.421                         -1.600 -2.824  1.728 -2.210 
     D    85    83 3    86     3     0    13    65    85  -6.390  -1.568  -0.620                         
    IR    86    86 3    86     3     1    15    67    87  -1.818  -0.588  -4.293                          0.000  0.000  0.000  0.000 
                                             [ MATR   29 ]      -     56 - G - -
    MR    87    86 3    89     3     1    14    65    85  -8.082  -0.023  -6.400                         -0.959 -2.069  1.527 -1.453 
     D    88    86 3    89     3     0    12    64    84  -7.702  -0.448  -1.932                         
    IR    89    89 3    89     3     1    14    66    86  -1.925  -0.554  -4.164                          0.000  0.000  0.000  0.000 
                                             [ MATR   30 ]      -     55 - U - -
    MR    90    89 3    92     3     1    13    64    84  -8.363  -0.019  -6.681                         -1.503 -1.496 -2.237  1.623 
     D    91    89 3    92     3     0    11    63    83  -6.390  -1.568  -0.620                         
    IR    92    92 3    92     3     1    13    65    85  -1.925  -0.554  -4.164                          0.000  0.000  0.000  0.000 
                                             [ MATR   31 ]      -     54 - A - -
    MR    93    92 3    95     2     1    12    63    83  -8.368  -0.004                                  1.723 -2.390 -2.020 -1.934 
     D    94    92 3    95     2     0    11    62    82  -4.432  -0.068                                 
    IR    95    95 3    95     2     1    12    64    84  -1.823  -0.479                                  0.000  0.000  0.000  0.000 
                                             [ BIF    32 ]      -      - - - - -
     B    96    95 3    97   165     0    11    62    82                                                 
                                             [ BEGL   33 ]      -      - - - - -
     S    97    96 1    98     4     0     0    37    56  -0.044  -6.838  -6.246  -6.886                 
                                             [ MATP   34 ]      7     29 C G - -
    MP    98    97 1   102     6     2     2    37    56  -9.111  -9.050  -0.021  -7.827  -8.107  -8.502 -4.575 -4.484 -4.261 -0.713 -2.973 -4.669  3.559 -3.786 -4.311 -0.477 -4.569 -2.431  0.539 -4.643 -0.680 -3.150 
    ML    99    97 1   102     6     1     1    35    55  -6.250  -6.596  -1.310  -1.005  -6.446  -3.975  0.368 -0.385 -0.191  0.094 
    MR   100    97 1   102     6     1     1    35    54  -6.988  -5.717  -1.625  -5.695  -0.829  -3.908  0.368 -0.385 -0.191  0.094 
     D   101    97 1   102     6     0     0    33    52  -9.049  -7.747  -3.544  -4.226  -4.244  -0.319 
    IL   102   102 5   102     6     1     1    36    56  -2.579  -2.842  -0.760  -4.497  -5.274  -4.934  0.000  0.000  0.000  0.000 
    IR   103   103 6   103     5     1     1    36    55  -2.408  -0.496  -5.920  -4.087  -5.193          0.000  0.000  0.000  0.000 
                                             [ MATP   35 ]      8     28 C G - -
    MP   104   103 6   108     6     2     2    35    54  -9.111  -9.050  -0.024  -7.827  -7.555  -8.502 -4.575 -4.484 -4.261 -0.713 -2.973 -4.669  3.559 -3.786 -4.311 -0.477 -4.569 -2.431  0.539 -4.643 -0.680 -3.150 
    ML   105   103 6   108     6     1     1    34    53  -6.250  -6.596  -1.310  -1.005  -6.446  -3.975  0.368 -0.385 -0.191  0.094 
    MR   106   103 6   108     6     1     1    34    53  -6.988  -5.717  -1.625  -5.695  -0.829  -3.908  0.368 -0.385 -0.191  0.094 
     D   107   103 6   108     6     0     0    32    51  -9.049  -7.747  -3.544  -4.226  -4.244  -0.319 
    IL   108   108 5   108     6     1     1    35    54  -2.579  -2.842  -0.760  -4.497  -5.274  -4.934  0.000  0.000  0.000  0.000 
    IR   109   109 6   109     5     1     1    34    53  -2.408  -0.496  -5.920  -4.087  -5.193          0.000  0.000  0.000  0.000 
                                             [ MATP   36 ]      9     27 C G - -
    MP   110   109 6   114     4     2     2    33    52  -6.951  -7.158  -0.084  -4.588                 -4.528 -4.502 -4.264 -0.739 -2.475 -4.699  3.564 -3.837 -4.321 -0.517 -4.596 -2.512  0.520 -4.610 -0.742 -3.169 
    ML   111   109 6   114     4     1     1    33    53  -3.758  -3.940  -0.507  -2.670                  0.368 -0.385 -0.191  0.094 
    MR   112   109 6   114     4     1     1    33    52  -4.842  -3.871  -1.635  -0.799                  0.395 -0.487 -0.006 -0.036 
     D   113   109 6   114     4     0     0    32    51  -4.568  -4.250  -2.265  -0.520                 
    IL   114   114 5   114     4     1     1    35    54  -1.686  -2.369  -1.117  -4.855                  0.000  0.000  0.000  0.000 
    IR   115   115 6   115     3     1     1    34    53  -1.442  -0.798  -4.142                          0.000  0.000  0.000  0.000 
                                             [ MATL   37 ]     10      - C - - -
    ML   116   115 6   118     3     1     1    30    49  -8.337  -0.019  -6.655                         -1.696  1.612 -2.519 -1.119 
     D   117   115 6   118     3     0     0    29    48  -5.767  -0.643  -1.550                         
    IL   118   118 3   118     3     1     1    31    50  -1.925  -0.554  -4.164                          0.000  0.000  0.000  0.000 
                                             [ MATR   38 ]      -     26 - G - -
    MR   119   118 3   121     5     1     1    29    48  -7.101  -0.039  -6.917  -7.129  -8.021         -1.373 -2.663  1.685 -2.057 
     D   120   118 3   121     5     0     0    28    47  -5.352  -0.707  -2.978  -4.409  -2.404         
    IR   121   121 3   121     5     1     1    29    48  -2.408  -0.496  -5.920  -4.087  -5.193          0.000  0.000  0.000  0.000 
                                             [ MATP   39 ]     11     25 A U - -
    MP   122   121 3   126     6     2     2    28    47  -9.111  -9.050  -0.021  -7.827  -8.107  -8.502 -3.812 -2.838 -3.829  3.345 -4.177 -5.241  0.124 -3.870 -3.720  1.056 -4.268 -0.310 -0.293 -4.426 -1.817 -2.662 
    ML   123   121 3   126     6     1     1    27    46  -6.250  -6.596  -1.310  -1.005  -6.446  -3.975  0.368 -0.385 -0.191  0.094 
    MR   124   121 3   126     6     1     1    27    45  -6.988  -5.717  -1.625  -5.695  -0.829  -3.908  0.368 -0.385 -0.191  0.094 
     D   125   121 3   126     6     0     0    24    43  -9.049  -7.747  -3.544  -4.226  -4.244  -0.319 
    IL   126   126 5   126     6     1     1    28    47  -2.579  -2.842  -0.760  -4.497  -5.274  -4.934  0.000  0.000  0.000  0.000 
    IR   127   127 6   127     5     1     1    27    46  -2.408  -0.496  -5.920  -4.087  -5.193          0.000  0.000  0.000  0.000 
                                             [ MATP   40 ]     12     24 U A - -
    MP   128   127 6   132     6     2     2    26    45  -9.111  -9.050  -0.021  -7.827  -8.107  -8.502 -4.217 -4.043 -4.052 -0.336 -2.989 -4.614  1.340 -3.686 -4.057 -0.086 -4.429 -1.941  3.341 -4.367 -0.664 -2.879 
    ML   129   127 6   132     6     1     1    25    44  -6.250  -6.596  -1.310  -1.005  -6.446  -3.975  0.368 -0.385 -0.191  0.094 
    MR   130   127 6   132     6     1     1    25    44  -6.988  -5.717  -1.625  -5.695  -0.829  -3.908  0.368 -0.385 -0.191  0.094 
     D   131   127 6   132     6     0     0    23    42  -9.049  -7.747  -3.544  -4.226  -4.244  -0.319 
    IL   132   132 5   132     6     1     1    26    45  -2.579  -2.842  -0.760  -4.497  -5.274  -4.934  0.000  0.000  0.000  0.000 
    IR   133   133 6   133     5     1     1    25    44  -2.408  -0.496  -5.920  -4.087  -5.193          0.000  0.000  0.000  0.000 
                                             [ MATP   41 ]     13     23 A U - -
    MP   134   133 6   138     6     2     2    24    43  -9.111  -9.050  -0.021  -7.827  -8.107  -8.502 -3.812 -2.838 -3.829  3.345 -4.177 -5.241  0.124 -3.870 -3.720  1.056 -4.268 -0.310 -0.293 -4.426 -1.817 -2.662 
    ML   135   133 6   138     6     1     1    24    43  -6.250  -6.596  -1.310  -1.005  -6.446  -3.975  0.368 -0.385 -0.191  0.094 
    MR   136   133 6   138     6     1     1    23    42  -6.988  -5.717  -1.625  -5.695  -0.829  -3.908  0.368 -0.385 -0.191  0.094 
     D   137   133 6   138     6     0     0    22    41  -9.049  -7.747  -3.544  -4.226  -4.244  -0.319 
    IL   138   138 5   138     6     1     1    24    43  -2.579  -2.842  -0.760  -4.497  -5.274  -4.934  0.000  0.000  0.000  0.000 
    IR   139   139 6   139     5     1     1    24    42  -2.408  -0.496  -5.920  -4.087  -5.193          0.000  0.000  0.000  0.000 
                                             [ MATP   42 ]     14     22 A U - -
    MP   140   139 6   144     4     2     2    22    41  -6.958  -7.165  -0.077  -4.761                 -3.812 -2.838 -3.829  3.345 -4.177 -5.241  0.124 -3.870 -3.720  1.056 -4.268 -0.310 -0.293 -4.426 -1.817 -2.662 
    ML   141   139 6   144     4     1     1    23    42  -3.758  -3.940  -0.507  -2.670                  0.368 -0.385 -0.191  0.094 
    MR   142   139 6   144     4     1     1    22    41  -4.809  -3.838  -1.706  -0.766                  0.368 -0.385 -0.191  0.094 
     D   143   139 6   144     4     0     0    21    40  -4.568  -4.250  -2.265  -0.520                 
    IL   144   144 5   144     4     1     1    24    43  -1.686  -2.369  -1.117  -4.855                  0.000  0.000  0.000  0.000 
    IR   145   145 6   145     3     1     1    23    42  -1.442  -0.798  -4.142                          0.000  0.000  0.000  0.000 
                                             [ MATL   43 ]     15      - G - - -
    ML   146   145 6   148     3     1     1    19    38  -7.952  -0.021  -6.606                         -0.916 -2.183  1.537 -1.525 
     D   147   145 6   148     3     0     0    18    37  -6.361  -1.343  -0.752                         
    IL   148   148 3   148     3     1     1    22    41  -1.442  -0.798  -4.142                          0.000  0.000  0.000  0.000 
                                             [ MATL   44 ]     16      - u - - -
    ML   149   148 3   151     3     1     1    18    36  -7.973  -0.020  -6.628                          0.219 -0.396 -1.049  0.672 
     D   150   148 3   151     3     0     0    17    36  -6.174  -1.687  -0.566                         
    IL   151   151 3   151     3     1     1    21    40  -1.442  -0.798  -4.142                          0.000  0.000  0.000  0.000 
                                             [ MATL   45 ]     17      - g - - -
    ML   152   151 3   154     3     1     1    17    35  -7.973  -0.045  -5.214                         -0.207 -0.509  0.783 -0.495 
     D   153   151 3   154     3     0     0    16    35  -6.174  -1.687  -0.566                         
    IL   154   154 3   154     3     1     1    20    39  -1.442  -0.798  -4.142                          0.000  0.000  0.000  0.000 
                                             [ MATL   46 ]     18      - c - - -
    ML   155   154 3   157     3     1     1    16    34  -5.800  -0.041  -6.603                         -0.445  0.777 -0.481 -0.259 
     D   156   154 3   157     3     0     0    14    32  -6.384  -1.897  -0.475                         
    IL   157   157 3   157     3     1     1    18    36  -1.487  -0.765  -4.187                          0.000  0.000  0.000  0.000 
                                             [ MATL   47 ]     20      - g - - -
    ML   158   157 3   160     3     1     1    13    31  -7.949  -0.021  -6.603                          0.461 -1.449  0.769 -0.855 
     D   159   157 3   160     3     0     0    13    32  -6.384  -1.308  -0.776                         
    IL   160   160 3   160     3     1     1    18    36  -1.442  -0.798  -4.142                          0.000  0.000  0.000  0.000 
                                             [ MATL   48 ]     21      - A - - -
    ML   161   160 3   163     2     1     1     1     1       *   0.000                                  1.027 -0.961 -0.344 -0.600 
     D   162   160 3   163     2     0     0     0     0       *   0.000                                 
    IL   163   163 3   163     2     1     1    13    28  -1.823  -0.479                                  0.000  0.000  0.000  0.000 
                                             [ END    49 ]      -      - - - - -
     E   164   163 3    -1     0     0     0     0     0                                                 
                                             [ BEGR   50 ]      -      - - - - -
     S   165    96 1   166     3     0     0    39    58  -7.973  -0.020  -6.628                         
    IL   166   166 2   166     3     1     1    42    62  -1.442  -0.798  -4.142                          0.000  0.000  0.000  0.000 
                                             [ MATL   51 ]     30      - A - - -
    ML   167   166 2   169     3     1     1    39    58  -7.973  -0.020  -6.628                          1.546 -1.890 -1.205 -1.411 
     D   168   166 2   169     3     0     0    38    57  -6.174  -1.687  -0.566                         
    IL   169   169 3   169     3     1     1    41    61  -1.442  -0.798  -4.142                          0.000  0.000  0.000  0.000 
                                             [ MATL   52 ]     31      - U - - -
    ML   170   169 3   172     3     1     1    38    57  -7.973  -0.145  -3.445                         -1.333 -1.254 -2.066  1.558 
     D   171   169 3   172     3     0     0    37    56  -6.174  -1.687  -0.566                         
    IL   172   172 3   172     3     1     1    40    60  -1.442  -0.798  -4.142                          0.000  0.000  0.000  0.000 
                                             [ MATL   53 ]     32      - A - - -
    ML   173   172 3   175     3     1     1    37    56  -7.851  -0.029  -6.019                          1.665 -2.143 -1.798 -1.664 
     D   174   172 3   175     3     0     0    36    55  -6.990  -0.717  -1.381                         
    IL   175   175 3   175     3     1     1    39    59  -1.442  -0.798  -4.142                          0.000  0.000  0.000  0.000 
                                             [ MATL   54 ]     33      - A - - -
    ML   176   175 3   178     3     1     1    36    55  -7.968  -0.044  -5.246                          1.720 -2.378 -2.010 -1.921 
     D   177   175 3   178     3     0     0    34    54  -6.227  -1.575  -0.619                         
    IL   178   178 3   178     3     1     1    38    58  -1.442  -0.798  -4.142                          0.000  0.000  0.000  0.000 
                                             [ MATL   55 ]     34      - A - - -
    ML   179   178 3   181     3     1     1    35    54  -7.950  -0.021  -6.604                          1.632 -2.027 -1.771 -1.469 
     D   180   178 3   181     3     0     0    33    53  -6.376  -1.320  -0.767                         
    IL   181   181 3   181     3     1     1    37    56  -1.442  -0.798  -4.142                          0.000  0.000  0.000  0.000 
                                             [ MATL   56 ]     35      - U - - -
    ML   182   181 3   184     3     1     1    34    53  -7.973  -0.020  -6.628                         -1.292 -1.192 -2.025  1.540 
     D   183   181 3   184     3     0     0    32    52  -6.174  -1.687  -0.566                         
    IL   184   184 3   184     3     1     1    36    55  -1.442  -0.798  -4.142                          0.000  0.000  0.000  0.000 
                                             [ MATL   57 ]     36      - U - - -
    ML   185   184 3   187     3     1     1    33    52  -7.973  -0.020  -6.628                         -0.915 -0.462 -1.655  1.279 
     D   186   184 3   187     3     0     0    31    51  -6.174  -1.687  -0.566                         
    IL   187   187 3   187     3     1     1    35    54  -1.442  -0.798  -4.142                          0.000  0.000  0.000  0.000 
                                             [ MATL   58 ]     37      - C - - -
    ML   188   187 3   190     3     1     1    31    51  -7.973  -0.020  -6.628                         -0.909  1.054 -1.722  0.123 
     D   189   187 3   190     3     0     0    30    49  -6.174  -1.687  -0.566                         
    IL   190   190 3   190     3     1     1    34    53  -1.442  -0.798  -4.142                          0.000  0.000  0.000  0.000 
                                             [ MATL   59 ]     38      - U - - -
    ML   191   190 3   193     3     1     1    30    49  -7.973  -0.029  -5.974                         -0.254 -0.654 -1.288  1.082 
     D   192   190 3   193     3     0     0    29    48  -6.174  -1.687  -0.566                         
    IL   193   193 3   193     3     1     1    33    52  -1.442  -0.798  -4.142                          0.000  0.000  0.000  0.000 
                                             [ MATL   60 ]     39      - a - - -
    ML   194   193 3   196     3     1     1    29    48  -7.965  -0.021  -6.619                          0.831 -0.762 -1.023  0.188 
     D   195   193 3   196     3     0     0    28    47  -6.250  -1.763  -0.531                         
    IL   196   196 3   196     3     1     1    32    51  -1.442  -0.798  -4.142                          0.000  0.000  0.000  0.000 
                                             [ MATL   61 ]     40      - A - - -
    ML   197   196 3   199     3     1     1    28    47  -7.965  -0.021  -6.619                          1.719 -2.373 -2.005 -1.916 
     D   198   196 3   199     3     0     0    27    46  -6.250  -1.763  -0.531                         
    IL   199   199 3   199     3     1     1    31    50  -1.442  -0.798  -4.142                          0.000  0.000  0.000  0.000 
                                             [ MATL   62 ]     41      - A - - -
    ML   200   199 3   202     3     1     1    27    46  -7.965  -0.021  -6.619                          1.577 -1.857 -1.664 -1.233 
     D   201   199 3   202     3     0     0    26    45  -6.250  -1.763  -0.531                         
    IL   202   202 3   202     3     1     1    30    49  -1.442  -0.798  -4.142                          0.000  0.000  0.000  0.000 
                                             [ MATL   63 ]     42      - A - - -
    ML   203   202 3   205     3     1     1    26    45  -7.965  -0.021  -6.619                          1.283 -1.221 -1.264 -0.473 
     D   204   202 3   205     3     0     0    25    44  -6.250  -1.532  -0.642                         
    IL   205   205 3   205     3     1     1    28    48  -1.442  -0.798  -4.142                          0.000  0.000  0.000  0.000 
                                             [ MATL   64 ]     43      - A - - -
    ML   206   205 3   208     5     1     1    25    44  -7.101  -0.039  -6.917  -7.129  -8.021          1.353 -1.607 -0.629 -1.089 
     D   207   205 3   208     5     0     0    24    43  -4.959  -0.803  -4.221  -2.596  -2.508         
    IL   208   208 3   208     5     1     1    25    44  -2.408  -0.496  -4.087  -5.920  -5.193          0.000  0.000  0.000  0.000 
                                             [ MATP   65 ]     44     53 G C - -
    MP   209   208 3   213     6     2     2    24    43  -9.111  -9.050  -0.021  -7.827  -8.107  -8.502 -4.764 -3.104 -4.865  0.186 -5.263 -4.702 -0.623 -5.109 -4.342  3.643 -4.678 -0.804 -1.007 -4.482 -2.661 -3.741 
    ML   210   208 3   213     6     1     1    23    42  -6.250  -6.596  -1.310  -1.005  -6.446  -3.975  0.368 -0.385 -0.191  0.094 
    MR   211   208 3   213     6     1     1    23    42  -6.988  -5.717  -1.625  -5.695  -0.829  -3.908  0.368 -0.385 -0.191  0.094 
     D   212   208 3   213     6     0     0    22    40  -9.049  -7.747  -3.544  -4.226  -4.244  -0.319 
    IL   213   213 5   213     6     1     1    24    43  -2.579  -2.842  -0.760  -4.497  -5.274  -4.934  0.000  0.000  0.000  0.000 
    IR   214   214 6   214     5     1     1    23    42  -2.408  -0.496  -5.920  -4.087  -5.193          0.000  0.000  0.000  0.000 
                                             [ MATP   66 ]     45     52 G C - -
    MP   215   214 6   219     4     2     2    22    41  -6.958  -7.165  -0.053  -5.579                 -4.045 -2.723 -4.078  0.742 -4.714 -4.526 -0.146 -4.432 -3.942  3.339 -4.332  0.707 -0.435 -3.994 -2.132 -2.978 
    ML   216   214 6   219     4     1     1    23    42  -3.758  -3.940  -0.507  -2.670                  0.368 -0.385 -0.191  0.094 
    MR   217   214 6   219     4     1     1    22    41  -4.809  -3.838  -1.706  -0.766                  0.368 -0.385 -0.191  0.094 
     D   218   214 6   219     4     0     0    21    40  -4.568  -4.250  -2.265  -0.520                 
    IL   219   219 5   219     4     1     1    24    43  -1.686  -2.369  -1.117  -4.855                  0.000  0.000  0.000  0.000 
    IR   220   220 6   220     3     1     1    23    42  -1.442  -0.798  -4.142                          0.000  0.000  0.000  0.000 
                                             [ MATL   67 ]     46      - A - - -
    ML   221   220 6   223     3     1     1    19    37  -7.973  -0.020  -6.628                          1.723 -2.390 -2.020 -1.934 
     D   222   220 6   223     3     0     0    18    37  -6.174  -1.687  -0.566                         
    IL   223   223 3   223     3     1     1    22    41  -1.442  -0.798  -4.142                          0.000  0.000  0.000  0.000 
                                             [ MATL   68 ]     47      - G - - -
    ML   224   223 3   226     3     1     1    18    36  -7.973  -0.020  -6.628                         -1.418 -2.560  1.670 -1.867 
     D   225   223 3   226     3     0     0    17    36  -6.174  -1.687  -0.566                         
    IL   226   226 3   226     3     1     1    21    40  -1.442  -0.798  -4.142                          0.000  0.000  0.000  0.000 
                                             [ MATL   69 ]     48      - U - - -
    ML   227   226 3   229     3     1     1    16    35  -7.973  -0.020  -6.628                         -1.194 -1.032 -1.926  1.491 
     D   228   226 3   229     3     0     0    16    34  -6.174  -1.687  -0.566                         
    IL   229   229 3   229     3     1     1    20    38  -1.442  -0.798  -4.142                          0.000  0.000  0.000  0.000 
                                             [ MATL   70 ]     49      - U - - -
    ML   230   229 3   232     3     1     1    15    33  -7.973  -0.020  -6.628                         -1.503 -1.496 -2.237  1.623 
     D   231   229 3   232     3     0     0    15    33  -6.174  -1.687  -0.566                         
    IL   232   232 3   232     3     1     1    19    37  -1.442  -0.798  -4.142                          0.000  0.000  0.000  0.000 
                                             [ MATL   71 ]     50      - U - - -
    ML   233   232 3   235     3     1     1    13    31  -7.973  -0.020  -6.628                         -1.503 -1.496 -2.237  1.623 
     D   234   232 3   235     3     0     0    13    32  -6.174  -1.687  -0.566                         
    IL   235   235 3   235     3     1     1    18    36  -1.442  -0.798  -4.142                          0.000  0.000  0.000  0.000 
                                             [ MATL   72 ]     51      - G - - -
    ML   236   235 3   238     2     1     1     1     1       *   0.000                                 -1.600 -2.824  1.728 -2.210 
     D   237   235 3   238     2     0     0     0     0       *   0.000                                 
    IL   238   238 3   238     2     1     1    13    28  -1.823  -0.479                                  0.000  0.000  0.000  0.000 
                                             [ END    73 ]      -      - - - - -
     E   239   238 3    -1     0     0     0     0     0                                                 
//
HMMER3/f [3.1b3 | July 2016]
NAME  at_nt_aapa_isoa_round5_0001
LENG  77
MAXL  163
ALPH  RNA
RF    no
MM    no
CONS  yes
CS    yes
MAP   yes
DATE  Mon Dec 16 21:35:27 2019
COM   [1] cmbuild /home/co78wid/projects/master/results/ta_systems/aapa_isoa/2_structure_analysis/infernal_search/at_nt_aapa_isoa_cmbuild.txt /home/co78wid/projects/master/results/ta_systems/aapa_isoa/1_sequence_analysis/fold/at_nt_aapa_isoa_round5.stk
NSEQ  94
EFFN  2.286316
CKSUM 2427481651
STATS LOCAL MSV       -8.7114  0.71878
STATS LOCAL VITERBI   -9.4937  0.71878
STATS LOCAL FORWARD   -3.4490  0.71878
HMM          A        C        G        U   
            m->m     m->i     m->d     i->m     i->i     d->m     d->d
  COMPO   1.03976  1.68049  1.46139  1.47725
          1.38629  1.38629  1.38629  1.38629
          0.10995  3.95521  2.46545  1.46634  0.26236  0.00000        *
      1   0.18412  3.08124  2.82099  2.76909      1 A - - :
          1.38629  1.38629  1.38629  1.38629
          0.04187  3.88713  3.88713  1.46634  0.26236  0.68211  0.70431
      2   0.16737  3.16836  2.89943  2.86496      2 A - - :
          1.38629  1.38629  1.38629  1.38629
          0.07453  3.93231  2.95217  1.46634  0.26236  1.43086  0.27326
      3   0.17951  3.10435  2.84179  2.79450      3 A - - :
          1.38629  1.38629  1.38629  1.38629
          0.04136  3.89914  3.89914  1.46634  0.26236  0.80035  0.59634
      4   1.87769  0.55743  2.59500  1.61078      4 C - - :
          1.38629  1.38629  1.38629  1.38629
          0.04002  3.93155  3.93155  1.46634  0.26236  1.44002  0.27040
      5   1.09438  2.18102  0.92180  1.86740      5 g - - :
          1.38629  1.38629  1.38629  1.38629
          0.04002  3.93155  3.93155  1.46634  0.26236  0.64217  0.74687
      6   2.25927  0.36835  2.71799  1.98274      6 C - - :
          1.38629  1.38629  1.38629  1.38629
          0.03906  3.95521  3.95521  1.46634  0.26236  1.09861  0.40547
      7   3.18168  0.24560  2.94629  2.08978      7 C - - <
          1.38629  1.38629  1.38629  1.38629
          0.03906  3.95521  3.95521  1.46634  0.26236  1.09861  0.40547
      8   3.17626  0.24621  2.94374  2.08885      8 C - - <
          1.38629  1.38629  1.38629  1.38629
          0.04389  3.95521  3.73852  1.46634  0.26236  1.09861  0.40547
      9   3.19517  0.23715  2.97676  2.12690      9 C - - <
          1.38629  1.38629  1.38629  1.38629
          0.06197  3.95057  3.19786  1.46634  0.26236  0.95949  0.48303
     10   2.76303  0.21897  3.33808  2.32231     10 C - - -
          1.38629  1.38629  1.38629  1.38629
          0.03994  3.93347  3.93347  1.46634  0.26236  0.66381  0.72337
     11   0.35373  2.73765  1.80826  2.66968     11 A - - <
          1.38629  1.38629  1.38629  1.38629
          0.03906  3.95521  3.95521  1.46634  0.26236  1.09861  0.40547
     12   2.93795  1.88069  2.68582  0.31969     12 U - - <
          1.38629  1.38629  1.38629  1.38629
          0.03906  3.95521  3.95521  1.46634  0.26236  1.09861  0.40547
     13   0.35323  2.73946  1.80857  2.67232     13 A - - <
          1.38629  1.38629  1.38629  1.38629
          0.03906  3.95521  3.95521  1.46634  0.26236  1.09861  0.40547
     14   0.35323  2.73947  1.80857  2.67234     14 A - - <
          1.38629  1.38629  1.38629  1.38629
          0.05665  3.95521  3.32647  1.46634  0.26236  1.09861  0.40547
     15   2.11917  3.03267  0.28058  2.57256     15 G - - _
          1.38629  1.38629  1.38629  1.38629
          0.03974  3.93831  3.93831  1.46634  0.26236  0.72587  0.66146
     16   1.23276  1.66931  2.14960  0.90732     16 u - - _
          1.38629  1.38629  1.38629  1.38629
          0.03906  3.95521  3.95521  1.46634  0.26236  1.09861  0.40547
     17   1.57257  1.74710  0.79530  1.79116     17 g - - _
          1.38629  1.38629  1.38629  1.38629
          0.05904  3.95521  3.26544  1.46634  0.26236  1.09861  0.40547
     18   1.75479  0.79748  1.72809  1.61459     18 c - - _
          1.38629  1.38629  1.38629  1.38629
          0.05636  3.34471  3.93601  0.88465  0.53249  1.38461  0.28824
     19   1.06075  2.46807  0.81736  2.05994     20 g - - _
          1.38629  1.38629  1.38629  1.38629
          0.03984  3.93601  3.93601  1.46634  0.26236  0.69484  0.69146
     20   0.64771  2.08347  1.62882  1.85728     21 A - - _
          1.38629  1.38629  1.38629  1.38629
          0.03906  3.95521  3.95521  1.46634  0.26236  1.09861  0.40547
     21   2.90113  2.09972  2.55224  0.29485     22 U - - >
          1.38629  1.38629  1.38629  1.38629
          0.03906  3.95521  3.95521  1.46634  0.26236  1.09861  0.40547
     22   2.90289  2.09992  2.55289  0.29462     23 U - - >
          1.38629  1.38629  1.38629  1.38629
          0.03906  3.95521  3.95521  1.46634  0.26236  1.09861  0.40547
     23   0.36200  2.87275  1.71792  2.69210     24 A - - >
          1.38629  1.38629  1.38629  1.38629
          0.03906  3.95521  3.95521  1.46634  0.26236  1.09861  0.40547
     24   2.90835  2.10055  2.55492  0.29391     25 U - - >
          1.38629  1.38629  1.38629  1.38629
          0.03906  3.95521  3.95521  1.46634  0.26236  1.09861  0.40547
     25   2.48554  3.41634  0.18144  2.99940     26 G - - -
          1.38629  1.38629  1.38629  1.38629
          0.03906  3.95521  3.95521  1.46634  0.26236  1.09861  0.40547
     26   2.34848  3.13010  0.21216  2.95765     27 G - - >
          1.38629  1.38629  1.38629  1.38629
          0.03906  3.95521  3.95521  1.46634  0.26236  1.09861  0.40547
     27   2.36165  3.10348  0.21440  2.92222     28 G - - >
          1.38629  1.38629  1.38629  1.38629
          0.03906  3.95521  3.95521  1.46634  0.26236  1.09861  0.40547
     28   2.35842  3.09912  0.21537  2.91695     29 G - - >
          1.38629  1.38629  1.38629  1.38629
          0.03906  3.95521  3.95521  1.46634  0.26236  1.09861  0.40547
     29   0.28091  2.80880  2.28444  2.49140     30 A - - -
          1.38629  1.38629  1.38629  1.38629
          0.03906  3.95521  3.95521  1.46634  0.26236  1.09861  0.40547
     30   2.44164  2.35082  2.95461  0.26710     31 U - - -
          1.38629  1.38629  1.38629  1.38629
          0.14000  3.95521  2.19381  1.46634  0.26236  1.09861  0.40547
     31   0.19570  3.02597  2.77127  2.70839     32 A - - -
          1.38629  1.38629  1.38629  1.38629
          0.04840  3.85833  3.64427  1.46634  0.26236  0.29536  1.36362
     32   0.16103  3.20380  2.93137  2.90401     33 A - - -
          1.38629  1.38629  1.38629  1.38629
          0.05848  3.95063  3.28190  1.46634  0.26236  0.96111  0.48202
     33   0.22068  2.91920  2.73755  2.53423     34 A - - -
          1.38629  1.38629  1.38629  1.38629
          0.03980  3.93682  3.93682  1.46634  0.26236  0.70543  0.68102
     34   2.40842  2.30050  2.92080  0.27979     35 U - - -
          1.38629  1.38629  1.38629  1.38629
          0.03906  3.95521  3.95521  1.46634  0.26236  1.09861  0.40547
     35   2.11077  1.73061  2.62785  0.46292     36 U - - -
          1.38629  1.38629  1.38629  1.38629
          0.03906  3.95521  3.95521  1.46634  0.26236  1.09861  0.40547
     36   2.10891  0.60867  2.68347  1.32340     37 C - - -
          1.38629  1.38629  1.38629  1.38629
          0.03906  3.95521  3.95521  1.46634  0.26236  1.09861  0.40547
     37   1.59240  1.87449  2.34052  0.60358     38 U - - -
          1.38629  1.38629  1.38629  1.38629
          0.04590  3.95521  3.66087  1.46634  0.26236  1.09861  0.40547
     38   0.78713  1.94242  2.13836  1.26003     39 a - - -
          1.38629  1.38629  1.38629  1.38629
          0.03933  3.94864  3.94864  1.46634  0.26236  1.20664  0.35553
     39   0.16171  3.19994  2.92789  2.89976     40 A - - -
          1.38629  1.38629  1.38629  1.38629
          0.03933  3.94864  3.94864  1.46634  0.26236  1.20664  0.35553
     40   0.25923  2.78287  2.65127  2.34413     41 A - - -
          1.38629  1.38629  1.38629  1.38629
          0.03933  3.94864  3.94864  1.46634  0.26236  1.20664  0.35553
     41   0.46529  2.28591  2.33098  1.75349     42 A - - -
          1.38629  1.38629  1.38629  1.38629
          0.03933  3.94864  3.94864  1.46634  0.26236  0.91230  0.51350
     42   0.41559  2.58982  1.84116  2.24072     43 A - - -
          1.38629  1.38629  1.38629  1.38629
          0.03906  3.95521  3.95521  1.46634  0.26236  1.09861  0.40547
     43   2.57000  3.21486  0.17353  3.15558     44 G - - <
          1.38629  1.38629  1.38629  1.38629
          0.03906  3.95521  3.95521  1.46634  0.26236  1.09861  0.40547
     44   2.15566  2.84223  0.27498  2.71375     45 G - - <
          1.38629  1.38629  1.38629  1.38629
          0.03906  3.95521  3.95521  1.46634  0.26236  1.09861  0.40547
     45   0.15949  3.21267  2.93936  2.91379     46 A - - _
          1.38629  1.38629  1.38629  1.38629
          0.03906  3.95521  3.95521  1.46634  0.26236  1.09861  0.40547
     46   2.52481  3.33518  0.19123  2.84080     47 G - - _
          1.38629  1.38629  1.38629  1.38629
          0.03906  3.95521  3.95521  1.46634  0.26236  1.09861  0.40547
     47   2.33019  2.17413  2.84179  0.31376     48 U - - _
          1.38629  1.38629  1.38629  1.38629
          0.03906  3.95521  3.95521  1.46634  0.26236  1.09861  0.40547
     48   2.58502  2.55324  3.10140  0.22091     49 U - - _
          1.38629  1.38629  1.38629  1.38629
          0.03906  3.95521  3.95521  1.46634  0.26236  1.09861  0.40547
     49   2.58502  2.55324  3.10140  0.22091     50 U - - _
          1.38629  1.38629  1.38629  1.38629
          0.03906  3.95521  3.95521  1.46634  0.26236  1.09861  0.40547
     50   2.67287  3.54694  0.15305  3.12247     51 G - - _
          1.38629  1.38629  1.38629  1.38629
          0.03906  3.95521  3.95521  1.46634  0.26236  1.09861  0.40547
     51   2.93573  0.41167  2.65672  1.54092     52 C - - >
          1.38629  1.38629  1.38629  1.38629
          0.03906  3.95521  3.95521  1.46634  0.26236  1.09861  0.40547
     52   3.34308  0.20697  3.04095  2.26488     53 C - - >
          1.38629  1.38629  1.38629  1.38629
          0.03906  3.95521  3.95521  1.46634  0.26236  1.09861  0.40547
     53   0.15949  3.21267  2.93936  2.91379     54 A - - :
          1.38629  1.38629  1.38629  1.38629
          0.03906  3.95521  3.95521  1.46634  0.26236  1.09861  0.40547
     54   2.58502  2.55324  3.10140  0.22091     55 U - - :
          1.38629  1.38629  1.38629  1.38629
          0.29074  3.95521  1.45615  1.46634  0.26236  1.09861  0.40547
     55   2.18767  2.98335  0.27490  2.55677     56 G - - :
          1.38629  1.38629  1.38629  1.38629
          0.07335  3.07136  3.71444  1.07564  0.41715  0.15214  1.95806
     56   2.67287  3.54694  0.15305  3.12247     59 G - - :
          1.38629  1.38629  1.38629  1.38629
          0.03906  3.95521  3.95521  1.46634  0.26236  1.09861  0.40547
     57   0.53864  2.48676  1.54869  2.11398     60 A - - :
          1.38629  1.38629  1.38629  1.38629
          0.05699  3.31747  3.95521  1.07780  0.41604  1.09861  0.40547
     58   0.57820  1.76162  2.25407  1.81798     63 A - - :
          1.38629  1.38629  1.38629  1.38629
          0.03906  3.95521  3.95521  1.46634  0.26236  1.09861  0.40547
     59   0.63118  2.15506  2.11863  1.46126     64 A - - :
          1.38629  1.38629  1.38629  1.38629
          0.03906  3.95521  3.95521  1.46634  0.26236  1.09861  0.40547
     60   0.21091  2.88179  2.75228  2.65447     65 A - - :
          1.38629  1.38629  1.38629  1.38629
          0.03906  3.95521  3.95521  1.46634  0.26236  1.09861  0.40547
     61   1.76946  0.96182  2.38744  1.03419     66 c - - :
          1.38629  1.38629  1.38629  1.38629
          0.03906  3.95521  3.95521  1.46634  0.26236  1.09861  0.40547
     62   1.58498  1.52860  2.28333  0.74178     67 u - - :
          1.38629  1.38629  1.38629  1.38629
          0.03906  3.95521  3.95521  1.46634  0.26236  1.09861  0.40547
     63   0.46889  2.44359  1.85852  2.02833     68 A - - :
          1.38629  1.38629  1.38629  1.38629
          0.05239  3.44544  3.95521  0.94823  0.49009  1.09861  0.40547
     64   0.20902  3.01125  2.61891  2.71043     70 A - - :
          1.38629  1.38629  1.38629  1.38629
          0.03906  3.95521  3.95521  1.46634  0.26236  1.09861  0.40547
     65   0.19235  3.07251  2.71338  2.77477     71 A - - :
          1.38629  1.38629  1.38629  1.38629
          0.03906  3.95521  3.95521  1.46634  0.26236  1.09861  0.40547
     66   0.56031  1.75270  2.27279  1.87969     72 A - - :
          1.38629  1.38629  1.38629  1.38629
          0.04848  3.95521  3.56955  1.46634  0.26236  1.09861  0.40547
     67   0.74891  2.41848  1.18580  2.02073     73 a - - :
          1.38629  1.38629  1.38629  1.38629
          0.03942  3.94616  3.94616  1.46634  0.26236  1.24433  0.33987
     68   2.00023  1.83357  2.54994  0.46718     74 U - - :
          1.38629  1.38629  1.38629  1.38629
          0.06681  3.94616  3.09447  1.46634  0.26236  1.24433  0.33987
     69   2.60187  3.46579  0.16624  3.04123     75 G - - :
          1.38629  1.38629  1.38629  1.38629
          0.08798  3.91985  2.74303  1.46634  0.26236  1.57157  0.23284
     70   2.50984  3.35995  0.18530  2.93504     76 G - - :
          1.38629  1.38629  1.38629  1.38629
          0.04243  3.87429  3.87429  1.46634  0.26236  1.95419  0.15278
     71   2.15098  0.51218  2.72091  1.52038     77 C - - :
          1.38629  1.38629  1.38629  1.38629
          0.04243  3.87429  3.87429  1.46634  0.26236  1.95419  0.15278
     72   0.68749  2.36693  1.33029  1.97333     78 A - - :
          1.38629  1.38629  1.38629  1.38629
          0.04243  3.87429  3.87429  1.46634  0.26236  1.95419  0.15278
     73   0.65071  1.92268  1.81691  1.77442     79 A - - :
          1.38629  1.38629  1.38629  1.38629
          0.04243  3.87429  3.87429  1.46634  0.26236  1.95419  0.15278
     74   0.42502  2.52964  1.87716  2.17566     80 A - - :
          1.38629  1.38629  1.38629  1.38629
          0.04243  3.87429  3.87429  1.46634  0.26236  1.95419  0.15278
     75   0.24582  2.86504  2.49299  2.54730     81 A - - :
          1.38629  1.38629  1.38629  1.38629
          0.16420  3.87429  2.03516  1.46634  0.26236  1.95419  0.15278
     76   0.33044  2.61932  2.24526  2.27656     82 A - - :
          1.38629  1.38629  1.38629  1.38629
          0.16715  3.75788  2.03569  1.46634  0.26236  2.51360  0.08444
     77   2.12200  0.43394  2.66952  1.81418     83 C - - :
          1.38629  1.38629  1.38629  1.38629
          0.37474  1.16305        *  1.60230  0.22494  0.00000        *
//
