INFERNAL1/a [1.1.2 | July 2016]
NAME     t_pro_aapa_isoa_round5_0001
STATES   274
NODES    73
CLEN     90
W        106
ALPH     RNA
RF       no
CONS     yes
MAP      yes
DATE     Mon Dec 16 23:01:33 2019
COM      [1] cmbuild /home/co78wid/projects/master/results/ta_systems/aapa_isoa/2_structure_analysis/infernal_search/t_pro_aapa_isoa_cmbuild.txt /home/co78wid/projects/master/results/ta_systems/aapa_isoa/1_sequence_analysis/fold/t_pro_aapa_isoa_round5.stk
COM      [2] cmcalibrate --cpu 20 /home/co78wid/projects/master/results/ta_systems/aapa_isoa/2_structure_analysis/infernal_search/t_pro_aapa_isoa_cmbuild.txt
PBEGIN   0.05
PEND     0.05
WBETA    1e-07
QDBBETA1 1e-07
QDBBETA2 1e-15
N2OMEGA  1.52588e-05
N3OMEGA  1.52588e-05
ELSELF   -0.08926734
NSEQ     33
EFFN     1.285034
CKSUM    3242212768
NULL     0.000  0.000  0.000  0.000 
EFP7GF   -7.8061 0.71864
ECMLC    0.50043    -9.39685     2.44501     1600000      449577  0.002669
ECMGC    0.41729   -12.99383    -0.18622     1600000       83777  0.004775
ECMLI    0.47678    -6.35159     4.65894     1600000      228591  0.005250
ECMGI    0.43743    -7.63196     3.77929     1600000       58871  0.006795
CM
                                             [ ROOT    0 ]      -      - - - - -
     S     0    -1 0     1     4     1     1   106   127  -6.656  -6.863  -0.091  -4.558                 
    IL     1     1 2     1     4     1    30   110   131  -1.686  -2.369  -1.117  -4.855                  0.000  0.000  0.000  0.000 
    IR     2     2 3     2     3     1    30   109   130  -1.442  -0.798  -4.142                          0.000  0.000  0.000  0.000 
                                             [ MATL    1 ]      1      - A - - -
    ML     3     2 3     5     3     1    29   107   127  -7.674  -0.025  -6.328                          1.559 -1.797 -1.487 -1.289 
     D     4     2 3     5     3     0    24   105   125  -6.334  -1.847  -0.495                         
    IL     5     5 3     5     3     1    29   108   129  -1.442  -0.798  -4.142                          0.000  0.000  0.000  0.000 
                                             [ MATL    2 ]      2      - U - - -
    ML     6     5 3     8     3     1    28   105   126  -7.674  -0.025  -6.328                         -0.971 -1.063 -1.672  1.432 
     D     7     5 3     8     3     0    24   104   124  -6.334  -1.847  -0.495                         
    IL     8     8 3     8     3     1    28   107   128  -1.442  -0.798  -4.142                          0.000  0.000  0.000  0.000 
                                             [ MATL    3 ]      3      - G - - -
    ML     9     8 3    11     3     1    28   104   124  -7.674  -0.025  -6.328                         -0.964 -2.076  1.529 -1.460 
     D    10     8 3    11     3     0    23   103   123  -6.334  -1.847  -0.495                         
    IL    11    11 3    11     3     1    27   106   127  -1.442  -0.798  -4.142                          0.000  0.000  0.000  0.000 
                                             [ MATL    4 ]      4      - g - - -
    ML    12    11 3    14     3     1    27   103   123  -7.674  -0.025  -6.328                          0.513 -1.188  0.554 -0.587 
     D    13    11 3    14     3     0    22   102   122  -6.334  -1.386  -0.725                         
    IL    14    14 3    14     3     1    26   105   125  -1.442  -0.798  -4.142                          0.000  0.000  0.000  0.000 
                                             [ MATL    5 ]      5      - a - - -
    ML    15    14 3    17     3     1    26   102   122  -7.696  -0.025  -6.350                          0.401  0.288 -0.957 -0.084 
     D    16    14 3    17     3     0    21   101   121  -6.174  -1.687  -0.566                         
    IL    17    17 3    17     3     1    25   104   124  -1.442  -0.798  -4.142                          0.000  0.000  0.000  0.000 
                                             [ MATL    6 ]      6      - u - - -
    ML    18    17 3    20     3     1    25   101   121  -7.696  -0.025  -6.350                          0.268 -0.590 -0.592  0.554 
     D    19    17 3    20     3     0    20   100   120  -6.174  -1.687  -0.566                         
    IL    20    20 3    20     3     1    25   103   123  -1.442  -0.798  -4.142                          0.000  0.000  0.000  0.000 
                                             [ MATL    7 ]      7      - A - - -
    ML    21    20 3    23     3     1    24   100   120  -7.696  -0.025  -6.350                          1.339 -1.273 -1.012 -0.834 
     D    22    20 3    23     3     0    19    99   119  -6.174  -1.687  -0.566                         
    IL    23    23 3    23     3     1    24   102   122  -1.442  -0.798  -4.142                          0.000  0.000  0.000  0.000 
                                             [ MATL    8 ]      8      - C - - -
    ML    24    23 3    26     3     1    23    99   119  -7.696  -0.025  -6.350                         -0.439  1.012 -1.370 -0.219 
     D    25    23 3    26     3     0    18    98   118  -6.174  -1.687  -0.566                         
    IL    26    26 3    26     3     1    23   101   121  -1.442  -0.798  -4.142                          0.000  0.000  0.000  0.000 
                                             [ MATL    9 ]      9      - a - - -
    ML    27    26 3    29     3     1    22    98   118  -5.640  -0.047  -6.350                          0.451  0.211 -0.938 -0.068 
     D    28    26 3    29     3     0    17    96   116  -6.174  -1.687  -0.566                         
    IL    29    29 3    29     3     1    22   100   120  -1.483  -0.768  -4.184                          0.000  0.000  0.000  0.000 
                                             [ MATL   10 ]     11      - a - - -
    ML    30    29 3    32     3     1    22    97   117  -7.696  -0.025  -6.350                          0.909 -1.177  0.029 -0.599 
     D    31    29 3    32     3     0    17    95   115  -6.174  -1.687  -0.566                         
    IL    32    32 3    32     3     1    21    99   119  -1.442  -0.798  -4.142                          0.000  0.000  0.000  0.000 
                                             [ MATL   11 ]     12      - A - - -
    ML    33    32 3    35     3     1    21    96   116  -7.696  -0.025  -6.350                          1.457 -1.607 -1.128 -1.094 
     D    34    32 3    35     3     0    16    94   114  -6.174  -1.687  -0.566                         
    IL    35    35 3    35     3     1    20    98   118  -1.442  -0.798  -4.142                          0.000  0.000  0.000  0.000 
                                             [ MATL   12 ]     13      - A - - -
    ML    36    35 3    38     3     1    20    95   114  -7.696  -0.025  -6.350                          1.574 -1.840 -1.525 -1.335 
     D    37    35 3    38     3     0    15    93   113  -6.174  -1.687  -0.566                         
    IL    38    38 3    38     3     1    20    97   117  -1.442  -0.798  -4.142                          0.000  0.000  0.000  0.000 
                                             [ MATL   13 ]     14      - a - - -
    ML    39    38 3    41     3     1    19    94   113  -7.696  -0.025  -6.350                          0.411  0.339 -0.978 -0.157 
     D    40    38 3    41     3     0    14    92   112  -6.174  -1.687  -0.566                         
    IL    41    41 3    41     3     1    19    96   116  -1.442  -0.798  -4.142                          0.000  0.000  0.000  0.000 
                                             [ MATL   14 ]     15      - A - - -
    ML    42    41 3    44     3     1    18    93   112  -7.696  -0.025  -6.350                          1.574 -1.840 -1.525 -1.335 
     D    43    41 3    44     3     0    13    91   111  -6.174  -1.687  -0.566                         
    IL    44    44 3    44     3     1    18    95   115  -1.442  -0.798  -4.142                          0.000  0.000  0.000  0.000 
                                             [ MATL   15 ]     16      - U - - -
    ML    45    44 3    47     3     1    17    92   111  -7.696  -0.025  -6.350                         -1.009 -1.093 -1.712  1.448 
     D    46    44 3    47     3     0    12    90   110  -6.174  -1.687  -0.566                         
    IL    47    47 3    47     3     1    17    94   113  -1.442  -0.798  -4.142                          0.000  0.000  0.000  0.000 
                                             [ MATL   16 ]     17      - G - - -
    ML    48    47 3    50     3     1    17    91   110  -7.696  -0.025  -6.350                         -1.010 -2.130  1.549 -1.515 
     D    49    47 3    50     3     0    11    89   109  -6.174  -1.687  -0.566                         
    IL    50    50 3    50     3     1    16    93   112  -1.442  -0.798  -4.142                          0.000  0.000  0.000  0.000 
                                             [ MATL   17 ]     18      - G - - -
    ML    51    50 3    53     3     1    16    89   109  -7.696  -0.025  -6.350                         -1.010 -2.130  1.549 -1.515 
     D    52    50 3    53     3     0    11    88   108  -6.174  -1.687  -0.566                         
    IL    53    53 3    53     3     1    15    91   111  -1.442  -0.798  -4.142                          0.000  0.000  0.000  0.000 
                                             [ MATL   18 ]     19      - c - - -
    ML    54    53 3    56     3     1    15    88   108  -7.696  -0.025  -6.350                         -0.534  0.628 -1.298  0.441 
     D    55    53 3    56     3     0    10    87   107  -6.174  -1.687  -0.566                         
    IL    56    56 3    56     3     1    14    90   110  -1.442  -0.798  -4.142                          0.000  0.000  0.000  0.000 
                                             [ MATL   19 ]     20      - A - - -
    ML    57    56 3    59     3     1    14    87   107  -7.696  -0.025  -6.350                          1.574 -1.840 -1.525 -1.335 
     D    58    56 3    59     3     0     9    86   106  -6.174  -1.687  -0.566                         
    IL    59    59 3    59     3     1    14    89   109  -1.442  -0.798  -4.142                          0.000  0.000  0.000  0.000 
                                             [ MATL   20 ]     21      - A - - -
    ML    60    59 3    62     3     1    13    86   106  -7.696  -0.025  -6.350                          1.574 -1.840 -1.525 -1.335 
     D    61    59 3    62     3     0     8    85   104  -6.174  -1.687  -0.566                         
    IL    62    62 3    62     3     1    13    88   108  -1.442  -0.798  -4.142                          0.000  0.000  0.000  0.000 
                                             [ MATL   21 ]     22      - A - - -
    ML    63    62 3    65     3     1    12    85   105  -7.696  -0.025  -6.350                          1.574 -1.840 -1.525 -1.335 
     D    64    62 3    65     3     0     7    84   103  -6.174  -1.687  -0.566                         
    IL    65    65 3    65     3     1    12    87   107  -1.442  -0.798  -4.142                          0.000  0.000  0.000  0.000 
                                             [ MATL   22 ]     23      - A - - -
    ML    66    65 3    68     3     1    12    84   103  -7.696  -0.025  -6.350                          1.574 -1.840 -1.525 -1.335 
     D    67    65 3    68     3     0     6    83   102  -6.174  -1.687  -0.566                         
    IL    68    68 3    68     3     1    11    86   106  -1.442  -0.798  -4.142                          0.000  0.000  0.000  0.000 
                                             [ MATL   23 ]     24      - A - - -
    ML    69    68 3    71     3     1    11    83   102  -7.696  -0.025  -6.350                          1.574 -1.840 -1.525 -1.335 
     D    70    68 3    71     3     0     5    82   101  -6.174  -1.687  -0.566                         
    IL    71    71 3    71     3     1    10    85   105  -1.442  -0.798  -4.142                          0.000  0.000  0.000  0.000 
                                             [ MATL   24 ]     25      - C - - -
    ML    72    71 3    74     3     1    10    82   101  -7.696  -0.025  -6.350                         -1.116  1.400 -1.909 -0.660 
     D    73    71 3    74     3     0     5    81   100  -6.174  -1.687  -0.566                         
    IL    74    74 3    74     3     1     9    84   104  -1.442  -0.798  -4.142                          0.000  0.000  0.000  0.000 
                                             [ MATL   25 ]     26      - U - - -
    ML    75    74 3    77     3     1     9    81   100  -7.696  -0.025  -6.350                         -1.009 -1.093 -1.712  1.448 
     D    76    74 3    77     3     0     4    79    99  -6.174  -1.687  -0.566                         
    IL    77    77 3    77     3     1     9    83   103  -1.442  -0.798  -4.142                          0.000  0.000  0.000  0.000 
                                             [ MATL   26 ]     27      - C - - -
    ML    78    77 3    80     3     1     8    80    99  -7.696  -0.025  -6.350                         -1.116  1.400 -1.909 -0.660 
     D    79    77 3    80     3     0     3    78    98  -6.174  -1.687  -0.566                         
    IL    80    80 3    80     3     1     8    82   101  -1.442  -0.798  -4.142                          0.000  0.000  0.000  0.000 
                                             [ MATL   27 ]     28      - U - - -
    ML    81    80 3    83     3     1     8    79    98  -7.696  -0.025  -6.350                         -1.009 -1.093 -1.712  1.448 
     D    82    80 3    83     3     0     3    77    97  -6.174  -1.687  -0.566                         
    IL    83    83 3    83     3     1     7    81   100  -1.442  -0.798  -4.142                          0.000  0.000  0.000  0.000 
                                             [ MATL   28 ]     29      - U - - -
    ML    84    83 3    86     3     1     7    78    97  -7.696  -0.025  -6.350                         -1.009 -1.093 -1.712  1.448 
     D    85    83 3    86     3     0     2    76    95  -6.174  -1.687  -0.566                         
    IL    86    86 3    86     3     1     6    80    99  -1.442  -0.798  -4.142                          0.000  0.000  0.000  0.000 
                                             [ MATL   29 ]     30      - G - - -
    ML    87    86 3    89     3     1     6    76    95  -7.696  -0.025  -6.350                         -0.678 -1.575  1.360 -1.080 
     D    88    86 3    89     3     0     1    75    94  -6.174  -1.687  -0.566                         
    IL    89    89 3    89     3     1     5    79    98  -1.442  -0.798  -4.142                          0.000  0.000  0.000  0.000 
                                             [ MATL   30 ]     31      - G - - -
    ML    90    89 3    92     3     1     5    75    94  -8.105  -0.038  -5.496                         -1.010 -2.130  1.549 -1.515 
     D    91    89 3    92     3     0     1    74    93  -5.620  -0.734  -1.403                         
    IL    92    92 3    92     3     1     4    76    95  -1.925  -0.554  -4.164                          0.000  0.000  0.000  0.000 
                                             [ MATR   31 ]      -     91 - a - -
    MR    93    92 3    95     3     1     5    74    93  -8.090  -0.022  -6.408                          0.830 -1.155  0.138 -0.571 
     D    94    92 3    95     3     0     0    73    92  -6.492  -1.670  -0.568                         
    IR    95    95 3    95     3     1     4    75    94  -1.925  -0.554  -4.164                          0.000  0.000  0.000  0.000 
                                             [ MATR   32 ]      -     90 - G - -
    MR    96    95 3    98     3     1     4    73    92  -8.090  -0.022  -6.408                         -0.976 -2.090  1.534 -1.474 
     D    97    95 3    98     3     0     0    72    91  -6.492  -1.670  -0.568                         
    IR    98    98 3    98     3     1     3    74    93  -1.925  -0.554  -4.164                          0.000  0.000  0.000  0.000 
                                             [ MATR   33 ]      -     89 - C - -
    MR    99    98 3   101     3     1     4    72    91  -8.090  -0.022  -6.408                         -0.476  1.079 -1.417 -0.334 
     D   100    98 3   101     3     0     0    71    90  -6.492  -1.670  -0.568                         
    IR   101   101 3   101     3     1     3    73    92  -1.925  -0.554  -4.164                          0.000  0.000  0.000  0.000 
                                             [ MATR   34 ]      -     88 - G - -
    MR   102   101 3   104     3     1     3    71    90  -8.090  -0.022  -6.408                         -0.035 -1.445  1.068 -0.836 
     D   103   101 3   104     3     0     0    70    89  -6.492  -1.670  -0.568                         
    IR   104   104 3   104     3     1     2    72    91  -1.925  -0.554  -4.164                          0.000  0.000  0.000  0.000 
                                             [ MATR   35 ]      -     87 - A - -
    MR   105   104 3   107     3     1     3    70    89  -8.090  -0.022  -6.408                          1.563 -1.808 -1.496 -1.300 
     D   106   104 3   107     3     0     0    69    88  -6.492  -1.670  -0.568                         
    IR   107   107 3   107     3     1     2    71    90  -1.925  -0.554  -4.164                          0.000  0.000  0.000  0.000 
                                             [ MATR   36 ]      -     86 - A - -
    MR   108   107 3   110     3     1     3    69    88  -8.090  -0.022  -6.408                          1.365 -1.464 -0.891 -0.938 
     D   109   107 3   110     3     0     0    68    87  -6.492  -1.670  -0.568                         
    IR   110   110 3   110     3     1     1    70    89  -1.925  -0.554  -4.164                          0.000  0.000  0.000  0.000 
                                             [ MATR   37 ]      -     85 - G - -
    MR   111   110 3   113     3     1     2    68    87  -8.090  -0.022  -6.408                         -0.480 -1.737  1.336 -1.126 
     D   112   110 3   113     3     0     0    67    85  -6.492  -1.670  -0.568                         
    IR   113   113 3   113     3     1     1    69    88  -1.925  -0.554  -4.164                          0.000  0.000  0.000  0.000 
                                             [ MATR   38 ]      -     84 - U - -
    MR   114   113 3   116     3     1     2    67    86  -8.090  -0.022  -6.408                         -0.981 -1.071 -1.682  1.436 
     D   115   113 3   116     3     0     0    66    85  -6.492  -1.670  -0.568                         
    IR   116   116 3   116     3     1     1    68    87  -1.925  -0.554  -4.164                          0.000  0.000  0.000  0.000 
                                             [ MATR   39 ]      -     83 - U - -
    MR   117   116 3   119     3     1     2    66    85  -8.090  -0.022  -6.408                         -0.981 -1.071 -1.682  1.436 
     D   118   116 3   119     3     0     0    65    84  -6.492  -1.670  -0.568                         
    IR   119   119 3   119     3     1     1    67    86  -1.925  -0.554  -4.164                          0.000  0.000  0.000  0.000 
                                             [ MATR   40 ]      -     82 - A - -
    MR   120   119 3   122     5     1     1    65    84  -6.848  -0.046  -6.663  -6.875  -7.767          1.345 -1.338 -1.202 -0.668 
     D   121   119 3   122     5     0     0    64    83  -5.410  -0.765  -2.631  -4.468  -2.462         
    IR   122   122 3   122     5     1     1    66    85  -2.408  -0.496  -5.920  -4.087  -5.193          0.000  0.000  0.000  0.000 
                                             [ MATP   41 ]     32     81 a u - -
    MP   123   122 3   127     6     2     2    64    83  -8.997  -8.936  -0.023  -7.713  -7.993  -8.388 -3.021 -1.213 -3.103  2.724 -3.349 -4.136  0.740 -3.318 -3.098  1.788 -3.621 -0.026  0.451 -3.364 -1.118 -2.068 
    ML   124   122 3   127     6     1     1    63    82  -6.323  -6.669  -1.383  -0.935  -6.519  -4.048  0.551 -0.511 -0.217 -0.039 
    MR   125   122 3   127     6     1     1    63    82  -6.988  -5.717  -1.625  -5.695  -0.829  -3.908  0.368 -0.385 -0.191  0.094 
     D   126   122 3   127     6     0     0    60    79  -9.049  -7.747  -3.544  -4.226  -4.244  -0.319 
    IL   127   127 5   127     6     1     1    64    83  -2.579  -2.842  -0.760  -4.497  -5.274  -4.934  0.000  0.000  0.000  0.000 
    IR   128   128 6   128     5     1     1    64    83  -2.408  -0.496  -5.920  -4.087  -5.193          0.000  0.000  0.000  0.000 
                                             [ MATP   42 ]     33     80 a u - -
    MP   129   128 6   133     6     2     2    62    81  -8.997  -8.936  -0.023  -7.713  -7.993  -8.388 -3.117 -2.281 -3.208  2.627 -3.541 -4.357  0.678 -3.383 -3.134  1.809 -3.669  0.864  0.382 -3.543 -1.230 -2.097 
    ML   130   128 6   133     6     1     1    61    80  -6.323  -6.669  -1.209  -1.078  -6.519  -4.048  0.551 -0.511 -0.217 -0.039 
    MR   131   128 6   133     6     1     1    61    80  -6.988  -5.717  -1.625  -5.695  -0.829  -3.908  0.368 -0.385 -0.191  0.094 
     D   132   128 6   133     6     0     0    58    77  -9.049  -7.747  -3.544  -4.226  -4.244  -0.319 
    IL   133   133 5   133     6     1     1    62    81  -2.579  -2.842  -0.760  -4.497  -5.274  -4.934  0.000  0.000  0.000  0.000 
    IR   134   134 6   134     5     1     1    62    81  -2.408  -0.496  -5.920  -4.087  -5.193          0.000  0.000  0.000  0.000 
                                             [ MATP   43 ]     34     79 a u - -
    MP   135   134 6   139     6     2     2    60    79  -9.003  -8.942  -0.023  -7.719  -7.999  -8.394 -3.391 -2.532 -3.432  2.984 -3.575 -4.611  0.703 -3.496 -3.346  1.517 -3.873 -0.082  0.281 -3.863 -1.242 -2.295 
    ML   136   134 6   139     6     1     1    59    78  -6.250  -6.596  -1.310  -1.005  -6.446  -3.975  0.368 -0.385 -0.191  0.094 
    MR   137   134 6   139     6     1     1    59    78  -6.988  -5.717  -1.625  -5.695  -0.829  -3.908  0.368 -0.385 -0.191  0.094 
     D   138   134 6   139     6     0     0    56    75  -9.049  -7.747  -3.544  -4.226  -4.244  -0.319 
    IL   139   139 5   139     6     1     1    60    79  -2.579  -2.842  -0.760  -4.497  -5.274  -4.934  0.000  0.000  0.000  0.000 
    IR   140   140 6   140     5     1     1    60    79  -2.408  -0.496  -5.920  -4.087  -5.193          0.000  0.000  0.000  0.000 
                                             [ MATP   44 ]     35     78 a u - -
    MP   141   140 6   145     6     2     2    58    77  -9.003  -8.942  -0.023  -7.719  -7.999  -8.394 -3.236 -2.380 -3.315  2.853 -3.644 -4.518  0.603 -3.460 -3.233  1.687 -3.774  0.401  0.290 -3.695 -1.319 -2.190 
    ML   142   140 6   145     6     1     1    57    76  -6.250  -6.596  -1.310  -1.005  -6.446  -3.975  0.368 -0.385 -0.191  0.094 
    MR   143   140 6   145     6     1     1    57    76  -6.988  -5.717  -1.625  -5.695  -0.829  -3.908  0.368 -0.385 -0.191  0.094 
     D   144   140 6   145     6     0     0    54    73  -9.049  -7.747  -3.544  -4.226  -4.244  -0.319 
    IL   145   145 5   145     6     1     1    58    77  -2.579  -2.842  -0.760  -4.497  -5.274  -4.934  0.000  0.000  0.000  0.000 
    IR   146   146 6   146     5     1     1    58    77  -2.408  -0.496  -5.920  -4.087  -5.193          0.000  0.000  0.000  0.000 
                                             [ MATP   45 ]     36     77 C G - -
    MP   147   146 6   151     6     2     2    56    75  -9.003  -8.942  -0.023  -7.719  -7.999  -8.394 -3.459 -3.422 -3.425  0.178 -1.999 -4.065  3.177 -2.392 -3.452  0.419 -3.873 -1.501  1.084 -3.651 -0.315 -2.383 
    ML   148   146 6   151     6     1     1    55    74  -6.250  -6.596  -1.310  -1.005  -6.446  -3.975  0.368 -0.385 -0.191  0.094 
    MR   149   146 6   151     6     1     1    55    74  -6.988  -5.717  -1.625  -5.695  -0.829  -3.908  0.368 -0.385 -0.191  0.094 
     D   150   146 6   151     6     0     0    53    72  -9.049  -7.747  -3.544  -4.226  -4.244  -0.319 
    IL   151   151 5   151     6     1     1    56    75  -2.579  -2.842  -0.760  -4.497  -5.274  -4.934  0.000  0.000  0.000  0.000 
    IR   152   152 6   152     5     1     1    56    75  -2.408  -0.496  -5.920  -4.087  -5.193          0.000  0.000  0.000  0.000 
                                             [ MATP   46 ]     37     76 a u - -
    MP   153   152 6   157     4     2     2    54    73  -6.599  -7.844  -0.098  -4.298                 -3.391 -2.532 -3.432  2.984 -3.575 -4.611  0.703 -3.496 -3.346  1.517 -3.873 -0.082  0.281 -3.863 -1.242 -2.295 
    ML   154   152 6   157     4     1     1    54    73  -2.408  -4.532  -1.293  -1.473                  0.368 -0.385 -0.191  0.094 
    MR   155   152 6   157     4     1     1    53    72  -4.102 -12.528  -0.390  -2.485                  0.368 -0.385 -0.191  0.094 
     D   156   152 6   157     4     0     0    51    70 -12.737 -14.007  -2.036  -0.404                 
    IL   157   157 5   157     4     1     1    54    73  -2.817  -4.319  -0.613  -2.698                  0.000  0.000  0.000  0.000 
    IR   158   158 6   158     3     1     1    54    73  -1.925  -0.554  -4.164                          0.000  0.000  0.000  0.000 
                                             [ MATR   47 ]      -     75 - U - -
    MR   159   158 6   161     3     1     1    52    71  -8.105  -0.022  -6.423                         -1.009 -1.093 -1.712  1.448 
     D   160   158 6   161     3     0     0    51    69  -6.390  -1.568  -0.620                         
    IR   161   161 3   161     3     1     1    53    72  -1.925  -0.554  -4.164                          0.000  0.000  0.000  0.000 
                                             [ MATR   48 ]      -     74 - G - -
    MR   162   161 3   164     3     1     1    51    70  -8.105  -0.022  -6.423                         -0.509 -1.772  1.355 -1.162 
     D   163   161 3   164     3     0     0    50    68  -6.390  -1.568  -0.620                         
    IR   164   164 3   164     3     1     1    52    71  -1.925  -0.554  -4.164                          0.000  0.000  0.000  0.000 
                                             [ MATR   49 ]      -     73 - u - -
    MR   165   164 3   167     3     1     1    50    69  -8.105  -0.022  -6.423                         -0.394 -0.739 -0.625  0.994 
     D   166   164 3   167     3     0     0    49    67  -6.390  -1.568  -0.620                         
    IR   167   167 3   167     3     1     1    51    70  -1.925  -0.554  -4.164                          0.000  0.000  0.000  0.000 
                                             [ MATR   50 ]      -     72 - U - -
    MR   168   167 3   170     3     1     1    49    68  -8.105  -0.022  -6.423                         -1.009 -1.093 -1.712  1.448 
     D   169   167 3   170     3     0     0    48    66  -6.390  -1.568  -0.620                         
    IR   170   170 3   170     3     1     1    50    69  -1.925  -0.554  -4.164                          0.000  0.000  0.000  0.000 
                                             [ MATR   51 ]      -     71 - G - -
    MR   171   170 3   173     3     1     1    48    67  -8.105  -0.022  -6.423                         -1.010 -2.130  1.549 -1.515 
     D   172   170 3   173     3     0     0    47    66  -6.390  -1.568  -0.620                         
    IR   173   173 3   173     3     1     1    49    68  -1.925  -0.554  -4.164                          0.000  0.000  0.000  0.000 
                                             [ MATR   52 ]      -     70 - A - -
    MR   174   173 3   176     5     1     1    47    66  -6.862  -0.046  -6.677  -6.889  -7.781          1.574 -1.840 -1.525 -1.335 
     D   175   173 3   176     5     0     0    46    65  -5.352  -0.707  -2.978  -4.409  -2.404         
    IR   176   176 3   176     5     1     1    48    66  -2.408  -0.496  -5.920  -4.087  -5.193          0.000  0.000  0.000  0.000 
                                             [ MATP   53 ]     38     69 U A - -
    MP   177   176 3   181     6     2     2    46    65  -9.003  -8.942  -0.023  -7.719  -7.999  -8.394 -3.681 -3.480 -3.572  0.183 -2.632 -4.180  1.682 -3.288 -3.584  0.533 -3.980 -1.393  3.011 -3.848 -0.321 -2.452 
    ML   178   176 3   181     6     1     1    45    64  -6.250  -6.596  -1.310  -1.005  -6.446  -3.975  0.368 -0.385 -0.191  0.094 
    MR   179   176 3   181     6     1     1    45    63  -6.988  -5.717  -1.625  -5.695  -0.829  -3.908  0.368 -0.385 -0.191  0.094 
     D   180   176 3   181     6     0     0    42    61  -9.049  -7.747  -3.544  -4.226  -4.244  -0.319 
    IL   181   181 5   181     6     1     1    46    65  -2.579  -2.842  -0.760  -4.497  -5.274  -4.934  0.000  0.000  0.000  0.000 
    IR   182   182 6   182     5     1     1    46    64  -2.408  -0.496  -5.920  -4.087  -5.193          0.000  0.000  0.000  0.000 
                                             [ MATP   54 ]     39     68 U A - -
    MP   183   182 6   187     6     2     2    44    63  -9.003  -8.942  -0.023  -7.719  -7.999  -8.394 -3.681 -3.480 -3.572  0.183 -2.632 -4.180  1.682 -3.288 -3.584  0.533 -3.980 -1.393  3.011 -3.848 -0.321 -2.452 
    ML   184   182 6   187     6     1     1    43    62  -6.250  -6.596  -1.310  -1.005  -6.446  -3.975  0.368 -0.385 -0.191  0.094 
    MR   185   182 6   187     6     1     1    43    61  -6.988  -5.717  -1.625  -5.695  -0.829  -3.908  0.368 -0.385 -0.191  0.094 
     D   186   182 6   187     6     0     0    40    59  -9.049  -7.747  -3.544  -4.226  -4.244  -0.319 
    IL   187   187 5   187     6     1     1    44    63  -2.579  -2.842  -0.760  -4.497  -5.274  -4.934  0.000  0.000  0.000  0.000 
    IR   188   188 6   188     5     1     1    44    62  -2.408  -0.496  -5.920  -4.087  -5.193          0.000  0.000  0.000  0.000 
                                             [ MATP   55 ]     40     67 a u - -
    MP   189   188 6   193     6     2     2    42    61  -9.003  -8.942  -0.023  -7.719  -7.999  -8.394 -3.391 -2.532 -3.432  2.984 -3.575 -4.611  0.703 -3.496 -3.346  1.517 -3.873 -0.082  0.281 -3.863 -1.242 -2.295 
    ML   190   188 6   193     6     1     1    41    60  -6.250  -6.596  -1.310  -1.005  -6.446  -3.975  0.368 -0.385 -0.191  0.094 
    MR   191   188 6   193     6     1     1    41    59  -6.988  -5.717  -1.625  -5.695  -0.829  -3.908  0.368 -0.385 -0.191  0.094 
     D   192   188 6   193     6     0     0    38    57  -9.049  -7.747  -3.544  -4.226  -4.244  -0.319 
    IL   193   193 5   193     6     1     1    42    61  -2.579  -2.842  -0.760  -4.497  -5.274  -4.934  0.000  0.000  0.000  0.000 
    IR   194   194 6   194     5     1     1    42    60  -2.408  -0.496  -5.920  -4.087  -5.193          0.000  0.000  0.000  0.000 
                                             [ MATP   56 ]     41     66 u g - -
    MP   195   194 6   199     6     2     2    40    59  -9.003  -8.942  -0.023  -7.719  -7.999  -8.394 -2.969 -2.891 -2.973  0.593 -2.283 -3.656  1.889 -2.872 -3.006  0.885 -3.457 -0.992  1.303 -3.184  2.112 -0.960 
    ML   196   194 6   199     6     1     1    39    58  -6.250  -6.596  -1.310  -1.005  -6.446  -3.975  0.368 -0.385 -0.191  0.094 
    MR   197   194 6   199     6     1     1    39    57  -6.988  -5.717  -1.625  -5.695  -0.829  -3.908  0.368 -0.385 -0.191  0.094 
     D   198   194 6   199     6     0     0    36    55  -9.049  -7.747  -3.544  -4.226  -4.244  -0.319 
    IL   199   199 5   199     6     1     1    40    59  -2.579  -2.842  -0.760  -4.497  -5.274  -4.934  0.000  0.000  0.000  0.000 
    IR   200   200 6   200     5     1     1    39    58  -2.408  -0.496  -5.920  -4.087  -5.193          0.000  0.000  0.000  0.000 
                                             [ MATP   57 ]     42     65 a u - -
    MP   201   200 6   205     6     2     2    38    57  -9.003  -8.942  -0.023  -7.719  -7.999  -8.394 -3.185 -1.748 -3.255  2.876 -3.529 -4.366  0.643 -3.431 -3.224  1.688 -3.754 -0.048  0.334 -3.576 -1.250 -2.181 
    ML   202   200 6   205     6     1     1    37    56  -6.250  -6.596  -1.310  -1.005  -6.446  -3.975  0.368 -0.385 -0.191  0.094 
    MR   203   200 6   205     6     1     1    37    55  -6.988  -5.717  -1.625  -5.695  -0.829  -3.908  0.368 -0.385 -0.191  0.094 
     D   204   200 6   205     6     0     0    34    53  -9.049  -7.747  -3.544  -4.226  -4.244  -0.319 
    IL   205   205 5   205     6     1     1    38    57  -2.579  -2.842  -0.760  -4.497  -5.274  -4.934  0.000  0.000  0.000  0.000 
    IR   206   206 6   206     5     1     1    37    56  -2.408  -0.496  -5.920  -4.087  -5.193          0.000  0.000  0.000  0.000 
                                             [ MATP   58 ]     43     64 C G - -
    MP   207   206 6   211     6     2     2    36    55  -9.003  -8.942  -0.023  -7.719  -7.999  -8.394 -4.028 -3.879 -3.801 -0.167 -2.646 -4.279  3.349 -3.402 -3.837  0.167 -4.149 -1.821  0.914 -4.128 -0.345 -2.697 
    ML   208   206 6   211     6     1     1    35    54  -6.250  -6.596  -1.310  -1.005  -6.446  -3.975  0.368 -0.385 -0.191  0.094 
    MR   209   206 6   211     6     1     1    35    53  -6.988  -5.717  -1.625  -5.695  -0.829  -3.908  0.368 -0.385 -0.191  0.094 
     D   210   206 6   211     6     0     0    32    51  -9.049  -7.747  -3.544  -4.226  -4.244  -0.319 
    IL   211   211 5   211     6     1     1    36    55  -2.579  -2.842  -0.760  -4.497  -5.274  -4.934  0.000  0.000  0.000  0.000 
    IR   212   212 6   212     5     1     1    35    54  -2.408  -0.496  -5.920  -4.087  -5.193          0.000  0.000  0.000  0.000 
                                             [ MATP   59 ]     44     63 C G - -
    MP   213   212 6   217     6     2     2    34    53  -9.003  -8.942  -0.023  -7.719  -7.999  -8.394 -4.028 -3.879 -3.801 -0.167 -2.646 -4.279  3.349 -3.402 -3.837  0.167 -4.149 -1.821  0.914 -4.128 -0.345 -2.697 
    ML   214   212 6   217     6     1     1    33    52  -6.250  -6.596  -1.310  -1.005  -6.446  -3.975  0.368 -0.385 -0.191  0.094 
    MR   215   212 6   217     6     1     1    33    51  -6.988  -5.717  -1.625  -5.695  -0.829  -3.908  0.368 -0.385 -0.191  0.094 
     D   216   212 6   217     6     0     0    30    49  -9.049  -7.747  -3.544  -4.226  -4.244  -0.319 
    IL   217   217 5   217     6     1     1    34    53  -2.579  -2.842  -0.760  -4.497  -5.274  -4.934  0.000  0.000  0.000  0.000 
    IR   218   218 6   218     5     1     1    33    52  -2.408  -0.496  -5.920  -4.087  -5.193          0.000  0.000  0.000  0.000 
                                             [ MATP   60 ]     45     62 u g - -
    MP   219   218 6   223     6     2     2    32    51  -9.003  -8.942  -0.023  -7.719  -7.999  -8.394 -3.523 -3.443 -3.356  0.162 -2.308 -3.876  1.959 -3.024 -3.396  0.453 -3.751 -1.490  1.300 -3.653  2.507 -2.298 
    ML   220   218 6   223     6     1     1    31    50  -6.250  -6.596  -1.310  -1.005  -6.446  -3.975  0.368 -0.385 -0.191  0.094 
    MR   221   218 6   223     6     1     1    31    49  -6.988  -5.717  -1.625  -5.695  -0.829  -3.908  0.368 -0.385 -0.191  0.094 
     D   222   218 6   223     6     0     0    28    47  -9.049  -7.747  -3.544  -4.226  -4.244  -0.319 
    IL   223   223 5   223     6     1     1    32    51  -2.579  -2.842  -0.760  -4.497  -5.274  -4.934  0.000  0.000  0.000  0.000 
    IR   224   224 6   224     5     1     1    31    50  -2.408  -0.496  -5.920  -4.087  -5.193          0.000  0.000  0.000  0.000 
                                             [ MATP   61 ]     46     61 u g - -
    MP   225   224 6   229     6     2     2    30    49  -9.003  -8.942  -0.023  -7.719  -7.999  -8.394 -3.098 -3.034 -3.068  0.493 -2.280 -3.711  1.986 -2.909 -3.104  0.796 -3.534 -1.135  1.379 -3.287  2.133 -1.425 
    ML   226   224 6   229     6     1     1    29    48  -6.250  -6.596  -1.310  -1.005  -6.446  -3.975  0.368 -0.385 -0.191  0.094 
    MR   227   224 6   229     6     1     1    29    47  -6.988  -5.717  -1.625  -5.695  -0.829  -3.908  0.368 -0.385 -0.191  0.094 
     D   228   224 6   229     6     0     0    26    45  -9.049  -7.747  -3.544  -4.226  -4.244  -0.319 
    IL   229   229 5   229     6     1     1    30    49  -2.579  -2.842  -0.760  -4.497  -5.274  -4.934  0.000  0.000  0.000  0.000 
    IR   230   230 6   230     5     1     1    29    48  -2.408  -0.496  -5.920  -4.087  -5.193          0.000  0.000  0.000  0.000 
                                             [ MATP   62 ]     47     60 g u - -
    MP   231   230 6   235     6     2     2    28    47  -9.003  -8.942  -0.023  -7.719  -7.999  -8.394 -3.256 -2.184 -3.395  1.431 -3.884 -4.595  0.433 -3.491 -3.170  1.806 -3.680  2.569  0.102 -3.835 -1.499 -2.183 
    ML   232   230 6   235     6     1     1    27    46  -6.250  -6.596  -1.310  -1.005  -6.446  -3.975  0.368 -0.385 -0.191  0.094 
    MR   233   230 6   235     6     1     1    27    45  -6.988  -5.717  -1.625  -5.695  -0.829  -3.908  0.368 -0.385 -0.191  0.094 
     D   234   230 6   235     6     0     0    24    43  -9.049  -7.747  -3.544  -4.226  -4.244  -0.319 
    IL   235   235 5   235     6     1     1    28    47  -2.579  -2.842  -0.760  -4.497  -5.274  -4.934  0.000  0.000  0.000  0.000 
    IR   236   236 6   236     5     1     1    27    46  -2.408  -0.496  -5.920  -4.087  -5.193          0.000  0.000  0.000  0.000 
                                             [ MATP   63 ]     48     59 a u - -
    MP   237   236 6   241     6     2     2    26    45  -9.003  -8.942  -0.023  -7.719  -7.999  -8.394 -3.391 -2.532 -3.432  2.984 -3.575 -4.611  0.703 -3.496 -3.346  1.517 -3.873 -0.082  0.281 -3.863 -1.242 -2.295 
    ML   238   236 6   241     6     1     1    25    44  -6.250  -6.596  -1.310  -1.005  -6.446  -3.975  0.368 -0.385 -0.191  0.094 
    MR   239   236 6   241     6     1     1    25    44  -6.988  -5.717  -1.625  -5.695  -0.829  -3.908  0.368 -0.385 -0.191  0.094 
     D   240   236 6   241     6     0     0    23    42  -9.049  -7.747  -3.544  -4.226  -4.244  -0.319 
    IL   241   241 5   241     6     1     1    26    45  -2.579  -2.842  -0.760  -4.497  -5.274  -4.934  0.000  0.000  0.000  0.000 
    IR   242   242 6   242     5     1     1    25    44  -2.408  -0.496  -5.920  -4.087  -5.193          0.000  0.000  0.000  0.000 
                                             [ MATP   64 ]     49     58 a u - -
    MP   243   242 6   247     6     2     2    24    43  -9.003  -8.942  -0.023  -7.719  -7.999  -8.394 -3.391 -2.532 -3.432  2.984 -3.575 -4.611  0.703 -3.496 -3.346  1.517 -3.873 -0.082  0.281 -3.863 -1.242 -2.295 
    ML   244   242 6   247     6     1     1    24    42  -6.250  -6.596  -1.310  -1.005  -6.446  -3.975  0.368 -0.385 -0.191  0.094 
    MR   245   242 6   247     6     1     1    23    42  -6.988  -5.717  -1.625  -5.695  -0.829  -3.908  0.368 -0.385 -0.191  0.094 
     D   246   242 6   247     6     0     0    22    41  -9.049  -7.747  -3.544  -4.226  -4.244  -0.319 
    IL   247   247 5   247     6     1     1    24    43  -2.579  -2.842  -0.760  -4.497  -5.274  -4.934  0.000  0.000  0.000  0.000 
    IR   248   248 6   248     5     1     1    24    42  -2.408  -0.496  -5.920  -4.087  -5.193          0.000  0.000  0.000  0.000 
                                             [ MATP   65 ]     50     57 a u - -
    MP   249   248 6   253     4     2     2    22    41  -6.656  -6.863  -0.065  -5.277                 -3.391 -2.532 -3.432  2.984 -3.575 -4.611  0.703 -3.496 -3.346  1.517 -3.873 -0.082  0.281 -3.863 -1.242 -2.295 
    ML   250   248 6   253     4     1     1    23    42  -3.758  -3.940  -0.507  -2.670                  0.368 -0.385 -0.191  0.094 
    MR   251   248 6   253     4     1     1    22    41  -4.809  -3.838  -1.706  -0.766                  0.368 -0.385 -0.191  0.094 
     D   252   248 6   253     4     0     0    21    40  -4.568  -4.250  -2.265  -0.520                 
    IL   253   253 5   253     4     1     1    24    43  -1.686  -2.369  -1.117  -4.855                  0.000  0.000  0.000  0.000 
    IR   254   254 6   254     3     1     1    23    42  -1.442  -0.798  -4.142                          0.000  0.000  0.000  0.000 
                                             [ MATL   66 ]     51      - U - - -
    ML   255   254 6   257     3     1     1    19    38  -7.696  -0.025  -6.350                         -1.009 -1.093 -1.712  1.448 
     D   256   254 6   257     3     0     0    18    37  -6.174  -1.687  -0.566                         
    IL   257   257 3   257     3     1     1    22    41  -1.442  -0.798  -4.142                          0.000  0.000  0.000  0.000 
                                             [ MATL   67 ]     52      - U - - -
    ML   258   257 3   260     3     1     1    18    36  -7.696  -0.025  -6.350                         -1.009 -1.093 -1.712  1.448 
     D   259   257 3   260     3     0     0    17    36  -6.174  -1.687  -0.566                         
    IL   260   260 3   260     3     1     1    21    40  -1.442  -0.798  -4.142                          0.000  0.000  0.000  0.000 
                                             [ MATL   68 ]     53      - U - - -
    ML   261   260 3   263     3     1     1    16    35  -7.696  -0.025  -6.350                         -1.009 -1.093 -1.712  1.448 
     D   262   260 3   263     3     0     0    16    34  -6.174  -1.687  -0.566                         
    IL   263   263 3   263     3     1     1    20    38  -1.442  -0.798  -4.142                          0.000  0.000  0.000  0.000 
                                             [ MATL   69 ]     54      - C - - -
    ML   264   263 3   266     3     1     1    15    33  -7.696  -0.025  -6.350                         -1.116  1.400 -1.909 -0.660 
     D   265   263 3   266     3     0     0    15    33  -6.174  -1.687  -0.566                         
    IL   266   266 3   266     3     1     1    19    37  -1.442  -0.798  -4.142                          0.000  0.000  0.000  0.000 
                                             [ MATL   70 ]     55      - g - - -
    ML   267   266 3   269     3     1     1    13    32  -7.696  -0.025  -6.350                          0.130 -1.052  0.684 -0.292 
     D   268   266 3   269     3     0     0    13    32  -6.174  -1.687  -0.566                         
    IL   269   269 3   269     3     1     1    18    36  -1.442  -0.798  -4.142                          0.000  0.000  0.000  0.000 
                                             [ MATL   71 ]     56      - U - - -
    ML   270   269 3   272     2     1     1     1     1       *   0.000                                 -1.009 -1.093 -1.712  1.448 
     D   271   269 3   272     2     0     0     0     0       *   0.000                                 
    IL   272   272 3   272     2     1     1    13    28  -1.823  -0.479                                  0.000  0.000  0.000  0.000 
                                             [ END    72 ]      -      - - - - -
     E   273   272 3    -1     0     0     0     0     0                                                 
//
HMMER3/f [3.1b3 | July 2016]
NAME  t_pro_aapa_isoa_round5_0001
LENG  90
MAXL  186
ALPH  RNA
RF    no
MM    no
CONS  yes
CS    yes
MAP   yes
DATE  Mon Dec 16 23:01:33 2019
COM   [1] cmbuild /home/co78wid/projects/master/results/ta_systems/aapa_isoa/2_structure_analysis/infernal_search/t_pro_aapa_isoa_cmbuild.txt /home/co78wid/projects/master/results/ta_systems/aapa_isoa/1_sequence_analysis/fold/t_pro_aapa_isoa_round5.stk
NSEQ  33
EFFN  1.800659
CKSUM 3242212768
STATS LOCAL MSV       -8.6548  0.71864
STATS LOCAL VITERBI  -10.0677  0.71864
STATS LOCAL FORWARD   -3.1771  0.71864
HMM          A        C        G        U   
            m->m     m->i     m->d     i->m     i->i     d->m     d->d
  COMPO   1.22822  1.75711  1.44363  1.20874
          1.38629  1.38629  1.38629  1.38629
          0.06698  3.75903  3.18253  1.46634  0.26236  0.00000        *
      1   0.21932  2.92349  2.67910  2.59612      1 A - - :
          1.38629  1.38629  1.38629  1.38629
          0.04864  3.74069  3.74069  1.46634  0.26236  1.32967  0.30729
      2   2.31904  2.33377  2.82229  0.29406      2 U - - :
          1.38629  1.38629  1.38629  1.38629
          0.04864  3.74069  3.74069  1.46634  0.26236  1.32967  0.30729
      3   2.36845  3.19588  0.21966  2.77017      3 G - - :
          1.38629  1.38629  1.38629  1.38629
          0.04864  3.74069  3.74069  1.46634  0.26236  1.32967  0.30729
      4   1.01273  2.33338  0.93310  1.92090      4 g - - :
          1.38629  1.38629  1.38629  1.38629
          0.04864  3.74069  3.74069  1.46634  0.26236  0.75317  0.63653
      5   1.09304  1.12226  2.14190  1.50586      5 a - - :
          1.38629  1.38629  1.38629  1.38629
          0.04773  3.75903  3.75903  1.46634  0.26236  1.09861  0.40547
      6   1.19611  1.83938  1.81995  0.97635      6 u - - :
          1.38629  1.38629  1.38629  1.38629
          0.04773  3.75903  3.75903  1.46634  0.26236  1.09861  0.40547
      7   0.38463  2.39709  2.20556  2.13599      7 A - - :
          1.38629  1.38629  1.38629  1.38629
          0.04773  3.75903  3.75903  1.46634  0.26236  1.09861  0.40547
      8   1.83129  0.56295  2.53096  1.65712      8 C - - :
          1.38629  1.38629  1.38629  1.38629
          0.04773  3.75903  3.75903  1.46634  0.26236  1.09861  0.40547
      9   1.05249  1.18329  2.12404  1.49114      9 a - - :
          1.38629  1.38629  1.38629  1.38629
          0.06698  3.18253  3.75903  0.89587  0.52467  1.09861  0.40547
     10   0.70341  2.32536  1.33878  1.92968     11 a - - :
          1.38629  1.38629  1.38629  1.38629
          0.04773  3.75903  3.75903  1.46634  0.26236  1.09861  0.40547
     11   0.29490  2.72026  2.32499  2.38869     12 A - - :
          1.38629  1.38629  1.38629  1.38629
          0.04773  3.75903  3.75903  1.46634  0.26236  1.09861  0.40547
     12   0.21042  2.96061  2.71248  2.63674     13 A - - :
          1.38629  1.38629  1.38629  1.38629
          0.04773  3.75903  3.75903  1.46634  0.26236  1.09861  0.40547
     13   1.08572  1.07878  2.16490  1.57230     14 c - - :
          1.38629  1.38629  1.38629  1.38629
          0.04773  3.75903  3.75903  1.46634  0.26236  1.09861  0.40547
     14   0.21042  2.96061  2.71248  2.63674     15 A - - :
          1.38629  1.38629  1.38629  1.38629
          0.04773  3.75903  3.75903  1.46634  0.26236  1.09861  0.40547
     15   2.35269  2.36140  2.85784  0.28342     16 U - - :
          1.38629  1.38629  1.38629  1.38629
          0.04773  3.75903  3.75903  1.46634  0.26236  1.09861  0.40547
     16   2.40807  3.24204  0.20934  2.81657     17 G - - :
          1.38629  1.38629  1.38629  1.38629
          0.04773  3.75903  3.75903  1.46634  0.26236  1.09861  0.40547
     17   2.40807  3.24204  0.20934  2.81657     18 G - - :
          1.38629  1.38629  1.38629  1.38629
          0.04773  3.75903  3.75903  1.46634  0.26236  1.09861  0.40547
     18   1.88406  0.86521  2.43199  1.08115     19 c - - :
          1.38629  1.38629  1.38629  1.38629
          0.04773  3.75903  3.75903  1.46634  0.26236  1.09861  0.40547
     19   0.21042  2.96061  2.71248  2.63674     20 A - - :
          1.38629  1.38629  1.38629  1.38629
          0.04773  3.75903  3.75903  1.46634  0.26236  1.09861  0.40547
     20   0.21042  2.96061  2.71248  2.63674     21 A - - :
          1.38629  1.38629  1.38629  1.38629
          0.04773  3.75903  3.75903  1.46634  0.26236  1.09861  0.40547
     21   0.21042  2.96061  2.71248  2.63674     22 A - - :
          1.38629  1.38629  1.38629  1.38629
          0.04773  3.75903  3.75903  1.46634  0.26236  1.09861  0.40547
     22   0.21042  2.96061  2.71248  2.63674     23 A - - :
          1.38629  1.38629  1.38629  1.38629
          0.04773  3.75903  3.75903  1.46634  0.26236  1.09861  0.40547
     23   0.21042  2.96061  2.71248  2.63674     24 A - - :
          1.38629  1.38629  1.38629  1.38629
          0.04773  3.75903  3.75903  1.46634  0.26236  1.09861  0.40547
     24   2.50978  0.28411  3.07793  2.12048     25 C - - :
          1.38629  1.38629  1.38629  1.38629
          0.04773  3.75903  3.75903  1.46634  0.26236  1.09861  0.40547
     25   2.35269  2.36140  2.85784  0.28342     26 U - - :
          1.38629  1.38629  1.38629  1.38629
          0.04773  3.75903  3.75903  1.46634  0.26236  1.09861  0.40547
     26   2.50978  0.28411  3.07793  2.12048     27 C - - :
          1.38629  1.38629  1.38629  1.38629
          0.04773  3.75903  3.75903  1.46634  0.26236  1.09861  0.40547
     27   2.35269  2.36140  2.85784  0.28342     28 U - - :
          1.38629  1.38629  1.38629  1.38629
          0.04773  3.75903  3.75903  1.46634  0.26236  1.09861  0.40547
     28   2.35269  2.36140  2.85784  0.28342     29 U - - :
          1.38629  1.38629  1.38629  1.38629
          0.04773  3.75903  3.75903  1.46634  0.26236  1.09861  0.40547
     29   2.07421  2.68833  0.33533  2.39419     30 G - - :
          1.38629  1.38629  1.38629  1.38629
          0.04773  3.75903  3.75903  1.46634  0.26236  1.09861  0.40547
     30   2.40807  3.24204  0.20934  2.81657     31 G - - :
          1.38629  1.38629  1.38629  1.38629
          0.04773  3.75903  3.75903  1.46634  0.26236  1.09861  0.40547
     31   0.61746  2.32720  1.38258  2.18757     32 A - - <
          1.38629  1.38629  1.38629  1.38629
          0.04773  3.75903  3.75903  1.46634  0.26236  1.09861  0.40547
     32   0.74382  2.38635  1.11820  2.24552     33 a - - <
          1.38629  1.38629  1.38629  1.38629
          0.04773  3.75903  3.75903  1.46634  0.26236  1.09861  0.40547
     33   0.47608  2.45035  1.60313  2.39409     34 A - - <
          1.38629  1.38629  1.38629  1.38629
          0.04773  3.75903  3.75903  1.46634  0.26236  1.09861  0.40547
     34   0.57285  2.49131  1.35203  2.35847     35 A - - <
          1.38629  1.38629  1.38629  1.38629
          0.04773  3.75903  3.75903  1.46634  0.26236  1.09861  0.40547
     35   2.57977  0.41977  2.35565  1.75922     36 C - - <
          1.38629  1.38629  1.38629  1.38629
          0.04773  3.75903  3.75903  1.46634  0.26236  1.09861  0.40547
     36   0.47599  2.45059  1.60315  2.39446     37 A - - <
          1.38629  1.38629  1.38629  1.38629
          0.04773  3.75903  3.75903  1.46634  0.26236  1.09861  0.40547
     37   2.67170  1.69233  2.39005  0.42289     38 U - - <
          1.38629  1.38629  1.38629  1.38629
          0.04773  3.75903  3.75903  1.46634  0.26236  1.09861  0.40547
     38   2.67576  1.69237  2.39159  0.42224     39 U - - <
          1.38629  1.38629  1.38629  1.38629
          0.04773  3.75903  3.75903  1.46634  0.26236  1.09861  0.40547
     39   0.47597  2.45062  1.60315  2.39451     40 A - - <
          1.38629  1.38629  1.38629  1.38629
          0.04773  3.75903  3.75903  1.46634  0.26236  1.09861  0.40547
     40   2.28346  1.44094  2.02900  0.63507     41 U - - <
          1.38629  1.38629  1.38629  1.38629
          0.04773  3.75903  3.75903  1.46634  0.26236  1.09861  0.40547
     41   0.52707  2.45886  1.48396  2.32895     42 A - - <
          1.38629  1.38629  1.38629  1.38629
          0.04773  3.75903  3.75903  1.46634  0.26236  1.09861  0.40547
     42   2.91834  0.31943  2.65692  1.90211     43 C - - <
          1.38629  1.38629  1.38629  1.38629
          0.04773  3.75903  3.75903  1.46634  0.26236  1.09861  0.40547
     43   2.91787  0.31950  2.65672  1.90204     44 C - - <
          1.38629  1.38629  1.38629  1.38629
          0.04773  3.75903  3.75903  1.46634  0.26236  1.09861  0.40547
     44   2.66551  1.43057  2.42182  0.50666     45 U - - <
          1.38629  1.38629  1.38629  1.38629
          0.04773  3.75903  3.75903  1.46634  0.26236  1.09861  0.40547
     45   2.35161  1.36387  2.09374  0.64266     46 U - - <
          1.38629  1.38629  1.38629  1.38629
          0.04773  3.75903  3.75903  1.46634  0.26236  1.09861  0.40547
     46   1.69226  2.62884  0.41382  2.49359     47 G - - <
          1.38629  1.38629  1.38629  1.38629
          0.04773  3.75903  3.75903  1.46634  0.26236  1.09861  0.40547
     47   0.47617  2.45012  1.60311  2.39373     48 A - - <
          1.38629  1.38629  1.38629  1.38629
          0.04773  3.75903  3.75903  1.46634  0.26236  1.09861  0.40547
     48   0.47619  2.45006  1.60311  2.39364     49 A - - <
          1.38629  1.38629  1.38629  1.38629
          0.04773  3.75903  3.75903  1.46634  0.26236  1.09861  0.40547
     49   0.47621  2.45001  1.60310  2.39356     50 A - - <
          1.38629  1.38629  1.38629  1.38629
          0.04773  3.75903  3.75903  1.46634  0.26236  1.09861  0.40547
     50   2.35269  2.36140  2.85784  0.28342     51 U - - _
          1.38629  1.38629  1.38629  1.38629
          0.04773  3.75903  3.75903  1.46634  0.26236  1.09861  0.40547
     51   2.35269  2.36140  2.85784  0.28342     52 U - - _
          1.38629  1.38629  1.38629  1.38629
          0.04773  3.75903  3.75903  1.46634  0.26236  1.09861  0.40547
     52   2.35269  2.36140  2.85784  0.28342     53 U - - _
          1.38629  1.38629  1.38629  1.38629
          0.04773  3.75903  3.75903  1.46634  0.26236  1.09861  0.40547
     53   2.50978  0.28411  3.07793  2.12048     54 C - - _
          1.38629  1.38629  1.38629  1.38629
          0.04773  3.75903  3.75903  1.46634  0.26236  1.09861  0.40547
     54   1.32821  2.20845  0.83478  1.65441     55 g - - _
          1.38629  1.38629  1.38629  1.38629
          0.04773  3.75903  3.75903  1.46634  0.26236  1.09861  0.40547
     55   2.35269  2.36140  2.85784  0.28342     56 U - - _
          1.38629  1.38629  1.38629  1.38629
          0.04773  3.75903  3.75903  1.46634  0.26236  1.09861  0.40547
     56   2.62229  1.86577  2.26476  0.40237     57 U - - >
          1.38629  1.38629  1.38629  1.38629
          0.04773  3.75903  3.75903  1.46634  0.26236  1.09861  0.40547
     57   2.62246  1.86578  2.26481  0.40234     58 U - - >
          1.38629  1.38629  1.38629  1.38629
          0.04773  3.75903  3.75903  1.46634  0.26236  1.09861  0.40547
     58   2.62267  1.86579  2.26488  0.40231     59 U - - >
          1.38629  1.38629  1.38629  1.38629
          0.04773  3.75903  3.75903  1.46634  0.26236  1.09861  0.40547
     59   2.70617  1.65082  2.43136  0.42557     60 U - - >
          1.38629  1.38629  1.38629  1.38629
          0.04773  3.75903  3.75903  1.46634  0.26236  1.09861  0.40547
     60   1.73992  2.25579  0.52877  2.03756     61 G - - >
          1.38629  1.38629  1.38629  1.38629
          0.04773  3.75903  3.75903  1.46634  0.26236  1.09861  0.40547
     61   1.83843  2.58669  0.39023  2.42176     62 G - - >
          1.38629  1.38629  1.38629  1.38629
          0.04773  3.75903  3.75903  1.46634  0.26236  1.09861  0.40547
     62   2.17620  2.82334  0.27675  2.67545     63 G - - >
          1.38629  1.38629  1.38629  1.38629
          0.04773  3.75903  3.75903  1.46634  0.26236  1.09861  0.40547
     63   2.17650  2.82370  0.27663  2.67592     64 G - - >
          1.38629  1.38629  1.38629  1.38629
          0.04773  3.75903  3.75903  1.46634  0.26236  1.09861  0.40547
     64   2.55205  1.66524  2.26808  0.46295     65 U - - >
          1.38629  1.38629  1.38629  1.38629
          0.04773  3.75903  3.75903  1.46634  0.26236  1.09861  0.40547
     65   1.80684  2.19954  0.55430  1.89378     66 G - - >
          1.38629  1.38629  1.38629  1.38629
          0.04773  3.75903  3.75903  1.46634  0.26236  1.09861  0.40547
     66   2.62726  1.86611  2.26635  0.40151     67 U - - >
          1.38629  1.38629  1.38629  1.38629
          0.04773  3.75903  3.75903  1.46634  0.26236  1.09861  0.40547
     67   0.47946  2.57249  1.52914  2.43250     68 A - - >
          1.38629  1.38629  1.38629  1.38629
          0.04773  3.75903  3.75903  1.46634  0.26236  1.09861  0.40547
     68   0.47923  2.57321  1.52915  2.43347     69 A - - >
          1.38629  1.38629  1.38629  1.38629
          0.04773  3.75903  3.75903  1.46634  0.26236  1.09861  0.40547
     69   0.21042  2.96061  2.71248  2.63674     70 A - - -
          1.38629  1.38629  1.38629  1.38629
          0.04773  3.75903  3.75903  1.46634  0.26236  1.09861  0.40547
     70   2.40807  3.24204  0.20934  2.81657     71 G - - -
          1.38629  1.38629  1.38629  1.38629
          0.04773  3.75903  3.75903  1.46634  0.26236  1.09861  0.40547
     71   2.35269  2.36140  2.85784  0.28342     72 U - - -
          1.38629  1.38629  1.38629  1.38629
          0.04773  3.75903  3.75903  1.46634  0.26236  1.09861  0.40547
     72   1.77325  1.99961  1.87362  0.61385     73 U - - -
          1.38629  1.38629  1.38629  1.38629
          0.04773  3.75903  3.75903  1.46634  0.26236  1.09861  0.40547
     73   1.90889  2.87630  0.34241  2.46089     74 G - - -
          1.38629  1.38629  1.38629  1.38629
          0.04773  3.75903  3.75903  1.46634  0.26236  1.09861  0.40547
     74   2.35269  2.36140  2.85784  0.28342     75 U - - -
          1.38629  1.38629  1.38629  1.38629
          0.04773  3.75903  3.75903  1.46634  0.26236  1.09861  0.40547
     75   2.62467  1.86593  2.26552  0.40196     76 U - - >
          1.38629  1.38629  1.38629  1.38629
          0.04773  3.75903  3.75903  1.46634  0.26236  1.09861  0.40547
     76   1.96231  2.52251  0.38761  2.29730     77 G - - >
          1.38629  1.38629  1.38629  1.38629
          0.04773  3.75903  3.75903  1.46634  0.26236  1.09861  0.40547
     77   2.57937  1.69881  2.29981  0.44473     78 U - - >
          1.38629  1.38629  1.38629  1.38629
          0.04773  3.75903  3.75903  1.46634  0.26236  1.09861  0.40547
     78   2.62722  1.86610  2.26634  0.40152     79 U - - >
          1.38629  1.38629  1.38629  1.38629
          0.06209  3.75903  3.29977  1.46634  0.26236  1.09861  0.40547
     79   2.46875  1.56742  2.19340  0.51887     80 U - - >
          1.38629  1.38629  1.38629  1.38629
          0.04841  3.74536  3.74536  1.46634  0.26236  1.27617  0.32726
     80   2.41689  1.50261  2.13628  0.56184     81 U - - >
          1.38629  1.38629  1.38629  1.38629
          0.04841  3.74536  3.74536  1.46634  0.26236  1.27617  0.32726
     81   0.37643  2.47080  2.38340  1.98821     82 A - - :
          1.38629  1.38629  1.38629  1.38629
          0.04841  3.74536  3.74536  1.46634  0.26236  1.27617  0.32726
     82   2.32757  2.34077  2.83131  0.29132     83 U - - :
          1.38629  1.38629  1.38629  1.38629
          0.04841  3.74536  3.74536  1.46634  0.26236  1.27617  0.32726
     83   2.32757  2.34077  2.83131  0.29132     84 U - - :
          1.38629  1.38629  1.38629  1.38629
          0.04841  3.74536  3.74536  1.46634  0.26236  1.27617  0.32726
     84   1.88360  2.84524  0.35423  2.42903     85 G - - :
          1.38629  1.38629  1.38629  1.38629
          0.04841  3.74536  3.74536  1.46634  0.26236  1.27617  0.32726
     85   0.36167  2.58438  2.10749  2.23962     86 A - - :
          1.38629  1.38629  1.38629  1.38629
          0.04841  3.74536  3.74536  1.46634  0.26236  1.27617  0.32726
     86   0.21702  2.93291  2.68758  2.60643     87 A - - :
          1.38629  1.38629  1.38629  1.38629
          0.04841  3.74536  3.74536  1.46634  0.26236  1.27617  0.32726
     87   1.47638  2.56591  0.54752  2.15155     88 G - - :
          1.38629  1.38629  1.38629  1.38629
          0.04841  3.74536  3.74536  1.46634  0.26236  1.27617  0.32726
     88   1.87816  0.50623  2.59086  1.77544     89 C - - :
          1.38629  1.38629  1.38629  1.38629
          0.04841  3.74536  3.74536  1.46634  0.26236  1.27617  0.32726
     89   2.37853  3.20763  0.21698  2.78198     90 G - - :
          1.38629  1.38629  1.38629  1.38629
          0.04841  3.74536  3.74536  1.46634  0.26236  1.27617  0.32726
     90   0.76367  2.30569  1.25358  1.90464     91 a - - :
          1.38629  1.38629  1.38629  1.38629
          0.02450  3.72145        *  1.46634  0.26236  0.00000        *
//
