INFERNAL1/a [1.1.2 | July 2016]
NAME     at_nt_ibs_sib_round5_0001
STATES   412
NODES    133
CLEN     136
W        159
ALPH     RNA
RF       no
CONS     yes
MAP      yes
DATE     Tue Dec 17 13:12:13 2019
COM      [1] cmbuild /home/co78wid/projects/master/results/ta_systems/ibs_sib/2_structure_analysis/infernal_search/at_nt_ibs_sib_cmbuild.txt /home/co78wid/projects/master/results/ta_systems/ibs_sib/1_sequence_analysis/fold/at_nt_ibs_sib_round5.stk
COM      [2] cmcalibrate --cpu 20 /home/co78wid/projects/master/results/ta_systems/ibs_sib/2_structure_analysis/infernal_search/at_nt_ibs_sib_cmbuild.txt
PBEGIN   0.05
PEND     0.05
WBETA    1e-07
QDBBETA1 1e-07
QDBBETA2 1e-15
N2OMEGA  1.52588e-05
N3OMEGA  1.52588e-05
ELSELF   -0.08926734
NSEQ     322
EFFN     1.862152
CKSUM    984397239
NULL     0.000  0.000  0.000  0.000 
EFP7GF   -6.0305 0.71807
ECMLC    0.66111   -10.45511    -1.23056     1600000      534219  0.002246
ECMGC    0.35169   -25.07832   -14.16004     1600000       18607  0.021497
ECMLI    0.60230    -9.36059     0.19079     1600000      378078  0.003174
ECMGI    0.37344   -16.11370    -5.81216     1600000       18741  0.021344
CM
                                             [ ROOT    0 ]      -      - - - - -
     S     0    -1 0     1     4     1     1   159   187  -6.920  -7.127  -0.113  -4.055                 
    IL     1     1 2     1     4    27    74   162   190  -1.686  -2.369  -1.117  -4.855                  0.000  0.000  0.000  0.000 
    IR     2     2 3     2     3    27    74   162   189  -1.442  -0.798  -4.142                          0.000  0.000  0.000  0.000 
                                             [ MATL    1 ]      4      - A - - -
    ML     3     2 3     5     3    27    74   160   187  -7.886  -0.022  -6.540                          1.683 -2.214 -1.862 -1.741 
     D     4     2 3     5     3    21    67   157   185  -6.581  -2.094  -0.405                         
    IL     5     5 3     5     3    26    73   161   188  -1.442  -0.798  -4.142                          0.000  0.000  0.000  0.000 
                                             [ MATL    2 ]      5      - G - - -
    ML     6     5 3     8     3    27    73   158   186  -7.886  -0.022  -6.540                         -1.413 -2.606  1.682 -1.992 
     D     7     5 3     8     3    20    67   156   184  -6.581  -2.094  -0.405                         
    IL     8     8 3     8     3    25    72   160   187  -1.442  -0.798  -4.142                          0.000  0.000  0.000  0.000 
                                             [ MATL    3 ]      6      - G - - -
    ML     9     8 3    11     3    26    72   157   185  -7.886  -0.022  -6.540                         -1.328 -2.547  1.664 -1.935 
     D    10     8 3    11     3    20    66   155   183  -6.581  -2.094  -0.405                         
    IL    11    11 3    11     3    25    72   159   186  -1.442  -0.798  -4.142                          0.000  0.000  0.000  0.000 
                                             [ MATL    4 ]      7      - G - - -
    ML    12    11 3    14     3    26    72   156   184  -7.886  -0.022  -6.540                         -1.339 -2.555  1.666 -1.943 
     D    13    11 3    14     3    19    65   154   182  -6.581  -2.094  -0.405                         
    IL    14    14 3    14     3    24    71   158   185  -1.442  -0.798  -4.142                          0.000  0.000  0.000  0.000 
                                             [ MATL    5 ]      8      - U - - -
    ML    15    14 3    17     3    25    71   155   183  -7.886  -0.022  -6.540                         -0.857 -1.001 -1.559  1.383 
     D    16    14 3    17     3    19    64   153   181  -6.581  -2.094  -0.405                         
    IL    17    17 3    17     3    24    70   157   184  -1.442  -0.798  -4.142                          0.000  0.000  0.000  0.000 
                                             [ MATL    6 ]      9      - a - - -
    ML    18    17 3    20     3    24    70   154   182  -7.886  -0.022  -6.540                          0.541 -0.822 -0.258  0.194 
     D    19    17 3    20     3    18    64   152   180  -6.581  -2.046  -0.420                         
    IL    20    20 3    20     3    23    69   156   183  -1.442  -0.798  -4.142                          0.000  0.000  0.000  0.000 
                                             [ MATL    7 ]     10      - a - - -
    ML    21    20 3    23     3    24    69   153   181  -7.888  -0.022  -6.542                          0.953 -1.328  0.102 -0.753 
     D    22    20 3    23     3    18    63   151   179  -6.569  -2.083  -0.409                         
    IL    23    23 3    23     3    23    68   155   182  -1.442  -0.798  -4.142                          0.000  0.000  0.000  0.000 
                                             [ MATL    8 ]     11      - g - - -
    ML    24    23 3    26     3    23    68   152   180  -7.888  -0.022  -6.542                          0.387 -1.420  0.810 -0.823 
     D    25    23 3    26     3    17    62   150   178  -6.569  -2.083  -0.409                         
    IL    26    26 3    26     3    22    68   154   181  -1.442  -0.798  -4.142                          0.000  0.000  0.000  0.000 
                                             [ MATL    9 ]     12      - G - - -
    ML    27    26 3    29     3    23    68   151   179  -7.888  -0.022  -6.542                         -0.510 -1.949  1.404 -1.350 
     D    28    26 3    29     3    16    62   149   177  -6.569  -1.880  -0.478                         
    IL    29    29 3    29     3    21    67   153   180  -1.442  -0.798  -4.142                          0.000  0.000  0.000  0.000 
                                             [ MATL   10 ]     13      - g - - -
    ML    30    29 3    32     3    22    67   150   178  -7.895  -0.022  -6.549                         -0.296 -0.227  0.645 -0.381 
     D    31    29 3    32     3    16    61   148   176  -6.517  -2.030  -0.426                         
    IL    32    32 3    32     3    21    66   152   179  -1.442  -0.798  -4.142                          0.000  0.000  0.000  0.000 
                                             [ MATL   11 ]     14      - a - - -
    ML    33    32 3    35     3    21    66   149   177  -7.895  -0.022  -6.549                          0.739 -1.240  0.340 -0.639 
     D    34    32 3    35     3    15    60   147   175  -6.517  -1.982  -0.442                         
    IL    35    35 3    35     3    20    65   151   178  -1.442  -0.798  -4.142                          0.000  0.000  0.000  0.000 
                                             [ MATL   12 ]     15      - G - - -
    ML    36    35 3    38     3    21    65   148   176  -7.897  -0.022  -6.551                         -1.008 -2.322  1.584 -1.718 
     D    37    35 3    38     3    15    59   146   174  -6.505  -2.018  -0.430                         
    IL    38    38 3    38     3    20    64   150   177  -1.442  -0.798  -4.142                          0.000  0.000  0.000  0.000 
                                             [ MATL   13 ]     16      - G - - -
    ML    39    38 3    41     3    20    64   147   175  -7.897  -0.022  -6.551                         -0.284 -1.803  1.298 -1.206 
     D    40    38 3    41     3    14    58   145   173  -6.505  -2.018  -0.430                         
    IL    41    41 3    41     3    19    64   149   176  -1.442  -0.798  -4.142                          0.000  0.000  0.000  0.000 
                                             [ MATL   14 ]     17      - g - - -
    ML    42    41 3    44     3    19    64   146   174  -3.716  -0.133  -6.347                          0.519 -1.331  0.655 -0.749 
     D    43    41 3    44     3    14    58   144   172  -6.505  -2.018  -0.430                         
    IL    44    44 3    44     3    19    63   147   175  -1.555  -0.708  -4.404                          0.000  0.000  0.000  0.000 
                                             [ MATL   15 ]     20      - U - - -
    ML    45    44 3    47     3    19    63   145   173  -7.895  -0.023  -6.393                         -0.970 -1.044 -1.663  1.427 
     D    46    44 3    47     3    13    57   143   171  -6.521  -1.970  -0.447                         
    IL    47    47 3    47     3    18    62   146   174  -1.442  -0.798  -4.142                          0.000  0.000  0.000  0.000 
                                             [ MATL   16 ]     21      - U - - -
    ML    48    47 3    50     3    18    62   144   172  -7.895  -0.023  -6.403                         -0.902 -0.603 -1.634  1.313 
     D    49    47 3    50     3    13    56   142   170  -6.517  -2.030  -0.426                         
    IL    50    50 3    50     3    17    61   145   173  -1.442  -0.798  -4.142                          0.000  0.000  0.000  0.000 
                                             [ MATL   17 ]     22      - U - - -
    ML    51    50 3    53     3    18    61   143   171  -7.894  -0.031  -5.851                         -0.833 -0.790 -1.553  1.333 
     D    52    50 3    53     3    12    55   141   169  -6.529  -1.996  -0.437                         
    IL    53    53 3    53     3    17    61   144   172  -1.442  -0.798  -4.142                          0.000  0.000  0.000  0.000 
                                             [ MATL   18 ]     23      - C - - -
    ML    54    53 3    56     3    17    60   142   170  -4.476  -0.083  -6.540                         -1.338  1.492 -2.175 -0.812 
     D    55    53 3    56     3    12    55   140   168  -6.582  -1.805  -0.508                         
    IL    56    56 3    56     3    16    60   143   171  -1.521  -0.736  -4.289                          0.000  0.000  0.000  0.000 
                                             [ MATL   19 ]     26      - c - - -
    ML    57    56 3    59     3    16    60   141   169  -7.897  -0.022  -6.551                         -0.670  0.609 -1.451  0.566 
     D    58    56 3    59     3    11    54   139   167  -6.505  -2.018  -0.430                         
    IL    59    59 3    59     3    15    59   142   170  -1.442  -0.798  -4.142                          0.000  0.000  0.000  0.000 
                                             [ MATL   20 ]     27      - C - - -
    ML    60    59 3    62     3    16    59   140   168  -7.897  -0.022  -6.551                         -1.482  1.535 -2.300 -0.888 
     D    61    59 3    62     3    10    53   138   166  -6.505  -2.018  -0.430                         
    IL    62    62 3    62     3    15    58   141   169  -1.442  -0.798  -4.142                          0.000  0.000  0.000  0.000 
                                             [ MATL   21 ]     28      - C - - -
    ML    63    62 3    65     3    15    58   139   167  -7.897  -0.062  -4.716                         -1.518  1.551 -2.336 -0.939 
     D    64    62 3    65     3    10    52   137   165  -6.505  -2.018  -0.430                         
    IL    65    65 3    65     3    14    58   140   168  -1.442  -0.798  -4.142                          0.000  0.000  0.000  0.000 
                                             [ MATL   22 ]     29      - c - - -
    ML    66    65 3    68     3    15    57   138   166  -6.861  -0.032  -6.214                         -0.727  0.873 -1.518  0.281 
     D    67    65 3    68     3     9    52   136   164  -6.759  -1.441  -0.684                         
    IL    68    68 3    68     3    14    57   139   167  -1.455  -0.788  -4.155                          0.000  0.000  0.000  0.000 
                                             [ MATL   23 ]     31      - c - - -
    ML    69    68 3    71     3    14    57   137   165  -6.424  -0.033  -6.548                         -0.321  0.487 -0.086 -0.224 
     D    70    68 3    71     3     9    51   135   163  -6.530  -1.946  -0.455                         
    IL    71    71 3    71     3    13    56   138   166  -1.425  -0.804  -4.189                          0.000  0.000  0.000  0.000 
                                             [ MATL   24 ]     34      - C - - -
    ML    72    71 3    74     3    14    56   136   164  -7.897  -0.038  -5.509                         -1.579  1.577 -2.397 -1.026 
     D    73    71 3    74     3     8    50   134   162  -6.505  -1.946  -0.455                         
    IL    74    74 3    74     3    13    55   137   165  -1.442  -0.798  -4.142                          0.000  0.000  0.000  0.000 
                                             [ MATL   25 ]     35      - C - - -
    ML    75    74 3    77     3    13    55   135   163  -5.952  -0.039  -6.537                         -1.546  1.567 -2.363 -1.000 
     D    76    74 3    77     3     8    49   133   161  -6.598  -1.709  -0.548                         
    IL    77    77 3    77     3    12    54   136   164  -1.453  -0.786  -4.194                          0.000  0.000  0.000  0.000 
                                             [ MATL   26 ]     38      - c - - -
    ML    78    77 3    80     3    13    55   134   162  -7.900  -0.026  -6.212                         -0.682  0.656 -1.465  0.525 
     D    79    77 3    80     3     7    48   132   160  -6.487  -2.000  -0.437                         
    IL    80    80 3    80     3    12    54   135   163  -1.442  -0.798  -4.142                          0.000  0.000  0.000  0.000 
                                             [ MATL   27 ]     39      - c - - -
    ML    81    80 3    83     3    13    54   133   161  -7.895  -0.022  -6.550                         -0.631  0.703 -1.432  0.439 
     D    82    80 3    83     3     7    47   131   158  -6.516  -1.916  -0.466                         
    IL    83    83 3    83     3    11    53   134   162  -1.442  -0.798  -4.142                          0.000  0.000  0.000  0.000 
                                             [ MATL   28 ]     40      - u - - -
    ML    84    83 3    86     3    12    53   132   160  -7.900  -0.022  -6.554                         -0.327 -0.831 -0.102  0.773 
     D    85    83 3    86     3     6    47   129   157  -6.487  -2.000  -0.437                         
    IL    86    86 3    86     3    11    52   133   161  -1.442  -0.798  -4.142                          0.000  0.000  0.000  0.000 
                                             [ MATL   29 ]     41      - G - - -
    ML    87    86 3    89     3    12    53   131   159  -2.040  -0.422  -6.554                         -1.350 -2.576  1.671 -1.965 
     D    88    86 3    89     3     6    46   125   153  -6.487  -2.000  -0.437                         
    IL    89    89 3    89     3    11    52   132   160  -0.956  -1.118  -5.405                          0.000  0.000  0.000  0.000 
                                             [ MATL   30 ]     46      - u - - -
    ML    90    89 3    92     3    11    52   124   145  -7.900  -0.022  -6.554                         -0.051 -0.827  0.145  0.449 
     D    91    89 3    92     3     5    45   122   143  -6.487  -2.000  -0.437                         
    IL    92    92 3    92     3    10    51   126   147  -1.442  -0.798  -4.142                          0.000  0.000  0.000  0.000 
                                             [ MATL   31 ]     47      - a - - -
    ML    93    92 3    95     3    11    51   123   144  -7.900  -0.022  -6.554                          0.381 -0.947  0.286 -0.060 
     D    94    92 3    95     3     5    44   121   142  -6.487  -2.000  -0.437                         
    IL    95    95 3    95     3     9    50   125   146  -1.442  -0.798  -4.142                          0.000  0.000  0.000  0.000 
                                             [ MATL   32 ]     48      - g - - -
    ML    96    95 3    98     3    10    50   122   143  -7.900  -0.022  -6.554                         -0.218 -0.300  0.225  0.213 
     D    97    95 3    98     3     4    44   120   141  -6.487  -2.000  -0.437                         
    IL    98    98 3    98     3     9    49   124   145  -1.442  -0.798  -4.142                          0.000  0.000  0.000  0.000 
                                             [ MATL   33 ]     49      - U - - -
    ML    99    98 3   101     3    10    49   121   142  -5.374  -0.051  -6.554                         -0.991 -0.980 -1.682  1.421 
     D   100    98 3   101     3     4    43   119   140  -6.487  -2.000  -0.437                         
    IL   101   101 3   101     3     8    48   122   143  -1.504  -0.753  -4.204                          0.000  0.000  0.000  0.000 
                                             [ MATL   34 ]     51      - c - - -
    ML   102   101 3   104     3     9    49   120   140  -7.900  -0.022  -6.554                         -0.338  0.452 -0.008 -0.241 
     D   103   101 3   104     3     3    42   118   139  -6.487  -2.000  -0.437                         
    IL   104   104 3   104     3     8    48   122   142  -1.442  -0.798  -4.142                          0.000  0.000  0.000  0.000 
                                             [ MATL   35 ]     52      - U - - -
    ML   105   104 3   107     3     9    48   119   139  -7.900  -0.022  -6.554                         -1.367 -1.384 -2.094  1.583 
     D   106   104 3   107     3     3    41   117   138  -6.487  -2.000  -0.437                         
    IL   107   107 3   107     3     7    47   121   141  -1.442  -0.798  -4.142                          0.000  0.000  0.000  0.000 
                                             [ MATL   36 ]     53      - U - - -
    ML   108   107 3   110     3     8    47   118   138  -7.900  -0.022  -6.554                         -1.367 -1.384 -2.094  1.583 
     D   109   107 3   110     3     2    41   116   137  -6.487  -2.000  -0.437                         
    IL   110   110 3   110     3     7    46   120   140  -1.442  -0.798  -4.142                          0.000  0.000  0.000  0.000 
                                             [ MATL   37 ]     54      - A - - -
    ML   111   110 3   113     3     8    47   117   137  -7.900  -0.022  -6.554                          1.689 -2.241 -1.886 -1.771 
     D   112   110 3   113     3     2    40   115   136  -6.487  -2.000  -0.437                         
    IL   113   113 3   113     3     6    45   119   139  -1.442  -0.798  -4.142                          0.000  0.000  0.000  0.000 
                                             [ MATL   38 ]     55      - G - - -
    ML   114   113 3   116     3     7    46   116   136  -7.900  -0.022  -6.554                         -0.270 -1.796  1.291 -1.199 
     D   115   113 3   116     3     2    39   114   135  -6.487  -2.000  -0.437                         
    IL   116   116 3   116     3     6    45   118   138  -1.442  -0.798  -4.142                          0.000  0.000  0.000  0.000 
                                             [ MATL   39 ]     56      - U - - -
    ML   117   116 3   119     3     7    45   115   135  -7.900  -0.022  -6.554                         -1.367 -1.384 -2.094  1.583 
     D   118   116 3   119     3     1    39   113   134  -6.487  -2.000  -0.437                         
    IL   119   119 3   119     3     5    44   116   137  -1.442  -0.798  -4.142                          0.000  0.000  0.000  0.000 
                                             [ MATL   40 ]     57      - A - - -
    ML   120   119 3   122     3     6    44   114   134  -7.900  -0.022  -6.554                          1.661 -2.095 -1.802 -1.655 
     D   121   119 3   122     3     1    38   112   132  -6.487  -2.000  -0.437                         
    IL   122   122 3   122     3     5    43   115   136  -1.442  -0.798  -4.142                          0.000  0.000  0.000  0.000 
                                             [ MATL   41 ]     58      - A - - -
    ML   123   122 3   125     3     6    44   113   133  -7.900  -0.022  -6.554                          1.351 -1.377 -1.315 -0.594 
     D   124   122 3   125     3     1    37   111   131  -6.487  -2.000  -0.437                         
    IL   125   125 3   125     3     5    43   114   135  -1.442  -0.798  -4.142                          0.000  0.000  0.000  0.000 
                                             [ MATL   42 ]     59      - G - - -
    ML   126   125 3   128     3     6    43   112   132  -7.900  -0.022  -6.554                         -1.442 -2.640  1.690 -2.026 
     D   127   125 3   128     3     0    36   110   130  -6.487  -2.000  -0.437                         
    IL   128   128 3   128     3     4    42   113   134  -1.442  -0.798  -4.142                          0.000  0.000  0.000  0.000 
                                             [ MATL   43 ]     60      - C - - -
    ML   129   128 3   131     3     5    42   111   131  -7.900  -0.022  -6.554                         -0.902  1.155 -1.724 -0.097 
     D   130   128 3   131     3     0    36   109   129  -6.487  -2.000  -0.437                         
    IL   131   131 3   131     3     4    41   112   133  -1.442  -0.798  -4.142                          0.000  0.000  0.000  0.000 
                                             [ MATL   44 ]     61      - u - - -
    ML   132   131 3   134     3     5    42   110   130  -7.900  -0.022  -6.554                         -0.384  0.292 -0.868  0.548 
     D   133   131 3   134     3     0    35   108   128  -6.487  -2.000  -0.437                         
    IL   134   134 3   134     3     3    40   111   132  -1.442  -0.798  -4.142                          0.000  0.000  0.000  0.000 
                                             [ MATL   45 ]     62      - G - - -
    ML   135   134 3   137     3     4    41   109   129  -7.900  -0.022  -6.554                         -0.507 -1.292  1.031 -0.244 
     D   136   134 3   137     3     0    34   107   127  -6.487  -2.000  -0.437                         
    IL   137   137 3   137     3     3    40   110   131  -1.442  -0.798  -4.142                          0.000  0.000  0.000  0.000 
                                             [ MATL   46 ]     63      - g - - -
    ML   138   137 3   140     3     4    40   108   128  -7.900  -0.022  -6.554                         -0.407 -0.710  0.991 -0.629 
     D   139   137 3   140     3     0    34   106   126  -6.487  -2.000  -0.437                         
    IL   140   140 3   140     3     3    39   109   130  -1.442  -0.798  -4.142                          0.000  0.000  0.000  0.000 
                                             [ MATL   47 ]     64      - g - - -
    ML   141   140 3   143     3     4    39   106   127  -7.900  -0.022  -6.554                         -0.397 -0.992  0.982 -0.392 
     D   142   140 3   143     3     0    33   105   125  -6.487  -2.000  -0.437                         
    IL   143   143 3   143     3     2    38   108   129  -1.442  -0.798  -4.142                          0.000  0.000  0.000  0.000 
                                             [ MATL   48 ]     65      - A - - -
    ML   144   143 3   146     3     3    39   105   126  -7.900  -0.022  -6.554                          1.065 -0.803 -1.069 -0.220 
     D   145   143 3   146     3     0    32   104   124  -6.487  -2.000  -0.437                         
    IL   146   146 3   146     3     2    38   107   128  -1.442  -0.798  -4.142                          0.000  0.000  0.000  0.000 
                                             [ MATL   49 ]     66      - A - - -
    ML   147   146 3   149     3     3    38   104   124  -7.900  -0.022  -6.554                          1.616 -1.988 -1.572 -1.534 
     D   148   146 3   149     3     0    32   103   123  -6.487  -2.000  -0.437                         
    IL   149   149 3   149     3     2    37   106   127  -1.442  -0.798  -4.142                          0.000  0.000  0.000  0.000 
                                             [ MATL   50 ]     67      - g - - -
    ML   150   149 3   152     3     3    37   103   123  -7.900  -0.022  -6.554                          0.460 -1.403  0.744 -0.807 
     D   151   149 3   152     3     0    31   102   122  -6.487  -2.000  -0.437                         
    IL   152   152 3   152     3     2    36   105   126  -1.442  -0.798  -4.142                          0.000  0.000  0.000  0.000 
                                             [ MATL   51 ]     68      - C - - -
    ML   153   152 3   155     3     3    37   102   122  -7.900  -0.022  -6.554                         -1.543  1.562 -2.361 -0.971 
     D   154   152 3   155     3     0    30   101   121  -6.487  -2.000  -0.437                         
    IL   155   155 3   155     3     1    36   104   124  -1.442  -0.798  -4.142                          0.000  0.000  0.000  0.000 
                                             [ MATL   52 ]     69      - U - - -
    ML   156   155 3   158     3     2    36   101   121  -7.900  -0.022  -6.554                         -1.367 -1.384 -2.094  1.583 
     D   157   155 3   158     3     0    29   100   120  -6.487  -2.000  -0.437                         
    IL   158   158 3   158     3     1    35   103   123  -1.442  -0.798  -4.142                          0.000  0.000  0.000  0.000 
                                             [ MATL   53 ]     70      - u - - -
    ML   159   158 3   161     3     2    35   100   120  -7.900  -0.022  -6.554                          0.538 -0.815 -1.020  0.572 
     D   160   158 3   161     3     0    29    99   119  -6.487  -2.000  -0.437                         
    IL   161   161 3   161     3     1    34   102   122  -1.442  -0.798  -4.142                          0.000  0.000  0.000  0.000 
                                             [ MATL   54 ]     71      - A - - -
    ML   162   161 3   164     3     2    34    99   119  -7.900  -0.022  -6.554                          1.689 -2.241 -1.886 -1.771 
     D   163   161 3   164     3     0    28    97   118  -6.487  -2.000  -0.437                         
    IL   164   164 3   164     3     1    33   101   121  -1.442  -0.798  -4.142                          0.000  0.000  0.000  0.000 
                                             [ MATL   55 ]     72      - u - - -
    ML   165   164 3   167     3     2    34    98   118  -7.900  -0.022  -6.554                         -0.252 -0.376 -1.208  0.969 
     D   166   164 3   167     3     0    27    96   117  -6.487  -2.000  -0.437                         
    IL   167   167 3   167     3     1    33   100   120  -1.442  -0.798  -4.142                          0.000  0.000  0.000  0.000 
                                             [ MATL   56 ]     73      - c - - -
    ML   168   167 3   170     3     1    33    97   117  -7.900  -0.022  -6.554                         -0.241  0.336 -0.006 -0.159 
     D   169   167 3   170     3     0    27    95   115  -6.487  -2.000  -0.437                         
    IL   170   170 3   170     3     1    32    99   119  -1.442  -0.798  -4.142                          0.000  0.000  0.000  0.000 
                                             [ MATL   57 ]     74      - A - - -
    ML   171   170 3   173     3     1    32    96   116  -7.900  -0.022  -6.554                          1.689 -2.241 -1.886 -1.771 
     D   172   170 3   173     3     0    26    94   114  -6.487  -2.000  -0.437                         
    IL   173   173 3   173     3     1    31    98   118  -1.442  -0.798  -4.142                          0.000  0.000  0.000  0.000 
                                             [ MATL   58 ]     75      - c - - -
    ML   174   173 3   176     3     1    31    95   115  -7.900  -0.022  -6.554                         -0.337  0.462 -0.040 -0.221 
     D   175   173 3   176     3     0    26    93   113  -6.487  -2.000  -0.437                         
    IL   176   176 3   176     3     1    31    97   117  -1.442  -0.798  -4.142                          0.000  0.000  0.000  0.000 
                                             [ MATL   59 ]     76      - U - - -
    ML   177   176 3   179     3     1    31    94   114  -7.900  -0.022  -6.554                         -1.313 -1.308 -2.040  1.561 
     D   178   176 3   179     3     0    25    92   112  -6.487  -2.000  -0.437                         
    IL   179   179 3   179     3     1    30    96   116  -1.442  -0.798  -4.142                          0.000  0.000  0.000  0.000 
                                             [ MATL   60 ]     77      - A - - -
    ML   180   179 3   182     3     1    30    93   113  -7.900  -0.022  -6.554                          1.689 -2.241 -1.886 -1.771 
     D   181   179 3   182     3     0    24    91   111  -6.487  -2.000  -0.437                         
    IL   182   182 3   182     3     1    29    95   115  -1.442  -0.798  -4.142                          0.000  0.000  0.000  0.000 
                                             [ MATL   61 ]     78      - A - - -
    ML   183   182 3   185     3     1    29    92   112  -7.900  -0.022  -6.554                          1.660 -2.146 -1.727 -1.679 
     D   184   182 3   185     3     0    24    90   110  -6.487  -2.000  -0.437                         
    IL   185   185 3   185     3     1    28    94   114  -1.442  -0.798  -4.142                          0.000  0.000  0.000  0.000 
                                             [ MATL   62 ]     79      - g - - -
    ML   186   185 3   188     3     1    28    91   111  -6.467  -0.032  -6.554                         -0.313 -0.113  0.582 -0.371 
     D   187   185 3   188     3     0    23    89   109  -6.487  -2.000  -0.437                         
    IL   188   188 3   188     3     1    28    93   113  -1.464  -0.781  -4.165                          0.000  0.000  0.000  0.000 
                                             [ MATL   63 ]     81      - A - - -
    ML   189   188 3   191     3     1    28    90   109  -7.900  -0.022  -6.554                          1.689 -2.241 -1.886 -1.771 
     D   190   188 3   191     3     0    22    88   108  -6.487  -2.000  -0.437                         
    IL   191   191 3   191     3     1    27    92   112  -1.442  -0.798  -4.142                          0.000  0.000  0.000  0.000 
                                             [ MATL   64 ]     82      - G - - -
    ML   192   191 3   194     3     1    27    89   108  -7.900  -0.022  -6.554                          0.105 -1.568  1.055 -0.971 
     D   193   191 3   194     3     0    22    87   107  -6.487  -2.000  -0.437                         
    IL   194   194 3   194     3     1    26    91   111  -1.442  -0.798  -4.142                          0.000  0.000  0.000  0.000 
                                             [ MATL   65 ]     83      - c - - -
    ML   195   194 3   197     3     1    26    88   107  -7.900  -0.023  -6.415                         -0.262  0.605 -1.236  0.288 
     D   196   194 3   197     3     0    21    86   106  -6.487  -2.000  -0.437                         
    IL   197   197 3   197     3     1    25    90   109  -1.442  -0.798  -4.142                          0.000  0.000  0.000  0.000 
                                             [ MATL   66 ]     84      - A - - -
    ML   198   197 3   200     3     1    25    87   106  -7.898  -0.022  -6.552                          1.689 -2.238 -1.884 -1.768 
     D   199   197 3   200     3     0    20    85   105  -6.498  -1.967  -0.448                         
    IL   200   200 3   200     3     1    25    89   108  -1.442  -0.798  -4.142                          0.000  0.000  0.000  0.000 
                                             [ MATL   67 ]     85      - c - - -
    ML   201   200 3   203     3     1    24    85   105  -7.900  -0.022  -6.554                         -0.790  0.942 -1.590  0.224 
     D   202   200 3   203     3     0    20    84   104  -6.487  -2.000  -0.437                         
    IL   203   203 3   203     3     1    24    87   107  -1.442  -0.798  -4.142                          0.000  0.000  0.000  0.000 
                                             [ MATL   68 ]     86      - c - - -
    ML   204   203 3   206     3     1    23    84   104  -7.900  -0.022  -6.554                          0.376  0.477 -1.122 -0.233 
     D   205   203 3   206     3     0    19    83   102  -6.487  -2.000  -0.437                         
    IL   206   206 3   206     3     1    23    86   106  -1.442  -0.798  -4.142                          0.000  0.000  0.000  0.000 
                                             [ MATL   69 ]     87      - A - - -
    ML   207   206 3   209     3     1    22    83   103  -7.900  -0.022  -6.554                          1.689 -2.241 -1.886 -1.771 
     D   208   206 3   209     3     0    19    82   101  -6.487  -2.000  -0.437                         
    IL   209   209 3   209     3     1    22    85   105  -1.442  -0.798  -4.142                          0.000  0.000  0.000  0.000 
                                             [ MATL   70 ]     88      - c - - -
    ML   210   209 3   212     3     1    21    82   102  -7.900  -0.301  -2.441                         -0.776  0.916 -1.574  0.255 
     D   211   209 3   212     3     0    18    81   100  -6.487  -2.000  -0.437                         
    IL   212   212 3   212     3     1    23    85   104  -1.442  -0.798  -4.142                          0.000  0.000  0.000  0.000 
                                             [ MATL   71 ]     89      - C - - -
    ML   213   212 3   215     3     1    22    81   101  -7.625  -0.026  -6.279                         -0.964  1.323 -1.747 -0.541 
     D   214   212 3   215     3     0    18    79    99  -7.647  -3.160  -0.179                         
    IL   215   215 3   215     3     1    22    83   103  -1.442  -0.798  -4.142                          0.000  0.000  0.000  0.000 
                                             [ MATL   72 ]     90      - A - - -
    ML   216   215 3   218     3     1    21    80   100  -7.625  -0.026  -6.279                          1.493 -1.644 -1.293 -1.129 
     D   217   215 3   218     3     0    18    78    98  -7.647  -3.160  -0.179                         
    IL   218   218 3   218     3     1    21    82   102  -1.442  -0.798  -4.142                          0.000  0.000  0.000  0.000 
                                             [ MATL   73 ]     91      - G - - -
    ML   219   218 3   221     3     1    20    79    99  -7.625  -0.026  -6.279                         -0.796 -1.909  1.460 -1.295 
     D   220   218 3   221     3     0    17    78    97  -7.647  -0.590  -1.597                         
    IL   221   221 3   221     3     1    20    81   101  -1.442  -0.798  -4.142                          0.000  0.000  0.000  0.000 
                                             [ MATL   74 ]     92      - u - - -
    ML   222   221 3   224     3     1    19    78    97  -8.294  -0.074  -4.418                         -0.347 -0.836 -0.109  0.788 
     D   223   221 3   224     3     0    16    77    96  -5.818  -0.616  -1.601                         
    IL   224   224 3   224     3     1    19    79    98  -1.925  -0.554  -4.164                          0.000  0.000  0.000  0.000 
                                             [ MATR   75 ]      -    160 - U - -
    MR   225   224 3   227     3     1    19    77    96  -8.278  -0.020  -6.596                         -1.336 -1.359 -2.061  1.573 
     D   226   224 3   227     3     0    13    75    95  -6.760  -1.938  -0.455                         
    IR   227   227 3   227     3     1    18    78    97  -1.925  -0.554  -4.164                          0.000  0.000  0.000  0.000 
                                             [ MATR   76 ]      -    159 - U - -
    MR   228   227 3   230     3     1    19    76    95  -8.278  -0.020  -6.596                         -1.336 -1.359 -2.061  1.573 
     D   229   227 3   230     3     0    13    74    94  -6.760  -1.938  -0.455                         
    IR   230   230 3   230     3     1    18    77    96  -1.925  -0.554  -4.164                          0.000  0.000  0.000  0.000 
                                             [ MATR   77 ]      -    158 - U - -
    MR   231   230 3   233     3     1    18    75    94  -8.278  -0.020  -6.596                         -0.966 -1.094 -1.645  1.433 
     D   232   230 3   233     3     0    12    73    93  -6.760  -1.693  -0.553                         
    IR   233   233 3   233     3     1    17    76    95  -1.925  -0.554  -4.164                          0.000  0.000  0.000  0.000 
                                             [ MATR   78 ]      -    157 - C - -
    MR   234   233 3   236     3     1    17    74    93  -8.290  -0.020  -6.607                         -0.877  1.240 -1.404 -0.482 
     D   235   233 3   236     3     0    11    72    92  -6.689  -1.866  -0.482                         
    IR   236   236 3   236     3     1    16    75    94  -1.925  -0.554  -4.164                          0.000  0.000  0.000  0.000 
                                             [ MATR   79 ]      -    156 - G - -
    MR   237   236 3   239     3     1    16    73    92  -7.133  -0.028  -6.337                         -1.182 -2.249  1.597 -1.632 
     D   238   236 3   239     3     0    11    71    91  -6.689  -1.866  -0.482                         
    IR   239   239 3   239     3     1    16    74    93  -1.943  -0.546  -4.181                          0.000  0.000  0.000  0.000 
                                             [ MATR   80 ]      -    154 - G - -
    MR   240   239 3   242     3     1    16    72    91  -8.287  -0.028  -5.961                         -1.336 -2.558  1.667 -1.947 
     D   241   239 3   242     3     0    10    70    90  -6.708  -1.816  -0.502                         
    IR   242   242 3   242     3     1    15    73    92  -1.925  -0.554  -4.164                          0.000  0.000  0.000  0.000 
                                             [ MATR   81 ]      -    153 - G - -
    MR   243   242 3   245     3     1    15    71    90  -8.281  -0.020  -6.599                         -0.549 -1.976  1.421 -1.376 
     D   244   242 3   245     3     0    10    69    89  -6.741  -1.735  -0.535                         
    IR   245   245 3   245     3     1    14    72    91  -1.925  -0.554  -4.164                          0.000  0.000  0.000  0.000 
                                             [ MATR   82 ]      -    152 - G - -
    MR   246   245 3   248     3     1    14    70    89  -6.666  -0.037  -6.013                         -1.328 -2.521  1.659 -1.890 
     D   247   245 3   248     3     0     9    68    88  -6.689  -1.826  -0.498                         
    IR   248   248 3   248     3     1    14    71    90  -1.955  -0.541  -4.193                          0.000  0.000  0.000  0.000 
                                             [ MATR   83 ]      -    150 - A - -
    MR   249   248 3   251     3     1    14    69    88  -8.284  -0.021  -6.460                          1.611 -2.004 -1.518 -1.529 
     D   250   248 3   251     3     0     8    67    87  -6.726  -1.625  -0.586                         
    IR   251   251 3   251     3     1    13    70    89  -1.925  -0.554  -4.164                          0.000  0.000  0.000  0.000 
                                             [ MATR   84 ]      -    149 - G - -
    MR   252   251 3   254     3     1    13    68    87  -8.295  -0.022  -6.401                         -1.005 -2.323  1.584 -1.719 
     D   253   251 3   254     3     0     7    66    86  -6.651  -1.793  -0.511                         
    IR   254   254 3   254     3     1    12    69    88  -1.925  -0.554  -4.164                          0.000  0.000  0.000  0.000 
                                             [ MATR   85 ]      -    148 - G - -
    MR   255   254 3   257     3     1    13    67    86  -8.294  -0.019  -6.612                         -1.331 -2.527  1.660 -1.895 
     D   256   254 3   257     3     0     7    65    85  -6.657  -1.780  -0.517                         
    IR   257   257 3   257     3     1    12    68    87  -1.925  -0.554  -4.164                          0.000  0.000  0.000  0.000 
                                             [ MATR   86 ]      -    147 - G - -
    MR   258   257 3   260     3     1    12    66    85  -6.656  -0.029  -6.614                         -1.448 -2.647  1.691 -2.033 
     D   259   257 3   260     3     0     6    64    83  -6.641  -1.819  -0.501                         
    IR   260   260 3   260     3     1    11    67    86  -1.956  -0.540  -4.194                          0.000  0.000  0.000  0.000 
                                             [ MATR   87 ]      -    145 - C - -
    MR   261   260 3   263     3     1    11    65    84  -8.297  -0.019  -6.614                         -1.057  1.381 -1.862 -0.645 
     D   262   260 3   263     3     0     5    63    83  -6.641  -1.746  -0.531                         
    IR   263   263 3   263     3     1    10    66    85  -1.925  -0.554  -4.164                          0.000  0.000  0.000  0.000 
                                             [ MATR   88 ]      -    144 - U - -
    MR   264   263 3   266     3     1    11    64    83  -8.300  -0.019  -6.618                         -0.802 -0.628 -1.496  1.278 
     D   265   263 3   266     3     0     5    62    81  -6.620  -1.798  -0.510                         
    IR   266   266 3   266     3     1    10    65    84  -1.925  -0.554  -4.164                          0.000  0.000  0.000  0.000 
                                             [ MATR   89 ]      -    143 - C - -
    MR   267   266 3   269     3     1    10    63    82  -8.300  -0.019  -6.618                         -0.782  1.007 -1.600  0.109 
     D   268   266 3   269     3     0     4    61    80  -6.620  -1.798  -0.510                         
    IR   269   269 3   269     3     1     9    64    83  -1.925  -0.554  -4.164                          0.000  0.000  0.000  0.000 
                                             [ MATR   90 ]      -    142 - C - -
    MR   270   269 3   272     3     1     9    62    81  -8.300  -0.019  -6.618                         -1.351  1.497 -2.117 -0.852 
     D   271   269 3   272     3     0     3    60    79  -6.620  -1.798  -0.510                         
    IR   272   272 3   272     3     1     8    63    82  -1.925  -0.554  -4.164                          0.000  0.000  0.000  0.000 
                                             [ MATR   91 ]      -    141 - U - -
    MR   273   272 3   275     3     1     9    61    80  -8.300  -0.019  -6.618                         -1.225 -1.172 -1.953  1.521 
     D   274   272 3   275     3     0     3    59    78  -6.620  -1.798  -0.510                         
    IR   275   275 3   275     3     1     8    62    81  -1.925  -0.554  -4.164                          0.000  0.000  0.000  0.000 
                                             [ MATR   92 ]      -    140 - U - -
    MR   276   275 3   278     3     1     8    60    79  -8.300  -0.021  -6.461                         -1.378 -1.393 -2.106  1.586 
     D   277   275 3   278     3     0     2    58    77  -6.620  -1.798  -0.510                         
    IR   278   278 3   278     3     1     7    61    80  -1.925  -0.554  -4.164                          0.000  0.000  0.000  0.000 
                                             [ MATR   93 ]      -    139 - C - -
    MR   279   278 3   281     3     1     7    59    78  -4.376  -0.089  -6.389                         -1.352  1.495 -2.125 -0.837 
     D   280   278 3   281     3     0     2    57    76  -6.631  -1.769  -0.522                         
    IR   281   281 3   281     3     1     7    59    79  -2.116  -0.473  -4.354                          0.000  0.000  0.000  0.000 
                                             [ MATR   94 ]      -    137 - C - -
    MR   282   281 3   284     3     1     6    58    77  -8.297  -0.019  -6.615                         -1.552  1.565 -2.371 -0.979 
     D   283   281 3   284     3     0     1    56    75  -6.637  -1.756  -0.527                         
    IR   284   284 3   284     3     1     6    59    78  -1.925  -0.554  -4.164                          0.000  0.000  0.000  0.000 
                                             [ MATR   95 ]      -    136 - C - -
    MR   285   284 3   287     3     1     6    57    76  -8.300  -0.019  -6.618                         -1.559  1.567 -2.378 -0.985 
     D   286   284 3   287     3     0     1    55    74  -6.620  -1.798  -0.510                         
    IR   287   287 3   287     3     1     5    58    77  -1.925  -0.554  -4.164                          0.000  0.000  0.000  0.000 
                                             [ MATR   96 ]      -    135 - C - -
    MR   288   287 3   290     3     1     5    56    75  -6.668  -0.029  -6.618                         -1.555  1.565 -2.374 -0.979 
     D   289   287 3   290     3     0     0    54    73  -6.620  -1.478  -0.664                         
    IR   290   290 3   290     3     1     4    57    76  -1.955  -0.541  -4.194                          0.000  0.000  0.000  0.000 
                                             [ MATR   97 ]      -    133 - G - -
    MR   291   290 3   293     3     1     4    55    74  -8.315  -0.019  -6.633                         -1.217 -2.500  1.643 -1.894 
     D   292   290 3   293     3     0     0    53    72  -6.513  -1.584  -0.609                         
    IR   293   293 3   293     3     1     3    56    75  -1.925  -0.554  -4.164                          0.000  0.000  0.000  0.000 
                                             [ MATR   98 ]      -    132 - G - -
    MR   294   293 3   296     3     1     3    54    73  -8.319  -0.019  -6.637                         -0.087 -1.705  1.194 -1.110 
     D   295   293 3   296     3     0     0    52    71  -6.478  -1.577  -0.613                         
    IR   296   296 3   296     3     1     3    55    74  -1.925  -0.554  -4.164                          0.000  0.000  0.000  0.000 
                                             [ MATR   99 ]      -    131 - A - -
    MR   297   296 3   299     3     1     2    53    72  -8.323  -0.093  -4.079                          1.110 -1.067 -1.133 -0.139 
     D   298   296 3   299     3     0     0    51    70  -6.453  -1.630  -0.587                         
    IR   299   299 3   299     3     1     2    54    73  -1.925  -0.554  -4.164                          0.000  0.000  0.000  0.000 
                                             [ MATR  100 ]      -    130 - A - -
    MR   300   299 3   302     3     1     2    52    71  -8.250  -0.023  -6.349                          1.640 -2.071 -1.671 -1.594 
     D   301   299 3   302     3     0     0    50    70  -6.921  -0.969  -1.056                         
    IR   302   302 3   302     3     1     2    53    72  -1.925  -0.554  -4.164                          0.000  0.000  0.000  0.000 
                                             [ MATR  101 ]      -    129 - U - -
    MR   303   302 3   305     3     1     1    51    70  -7.069  -0.095  -4.143                         -0.293 -0.540 -1.238  1.051 
     D   304   302 3   305     3     0     0    49    68  -6.471  -1.421  -0.701                         
    IR   305   305 3   305     3     1     1    52    71  -1.945  -0.545  -4.184                          0.000  0.000  0.000  0.000 
                                             [ MATR  102 ]      -    127 - u - -
    MR   306   305 3   308     3     1     2    50    69  -8.262  -0.020  -6.580                         -0.043 -0.751 -0.697  0.863 
     D   307   305 3   308     3     0     0    48    68  -6.853  -0.945  -1.083                         
    IR   308   308 3   308     3     1     1    51    70  -1.925  -0.554  -4.164                          0.000  0.000  0.000  0.000 
                                             [ MATR  103 ]      -    126 - U - -
    MR   309   308 3   311     3     1     2    49    68  -8.331  -0.019  -6.648                         -1.438 -1.443 -2.169  1.604 
     D   310   308 3   311     3     0     0    47    66  -6.390  -1.568  -0.620                         
    IR   311   311 3   311     3     1     1    50    69  -1.925  -0.554  -4.164                          0.000  0.000  0.000  0.000 
                                             [ MATR  104 ]      -    125 - A - -
    MR   312   311 3   314     3     1     1    48    67  -8.331  -0.019  -6.648                          1.172 -0.602 -1.176 -0.631 
     D   313   311 3   314     3     0     0    46    65  -6.390  -1.568  -0.620                         
    IR   314   314 3   314     3     1     1    49    68  -1.925  -0.554  -4.164                          0.000  0.000  0.000  0.000 
                                             [ MATR  105 ]      -    124 - U - -
    MR   315   314 3   317     3     1     1    47    66  -8.331  -0.019  -6.648                         -1.438 -1.443 -2.169  1.604 
     D   316   314 3   317     3     0     0    45    64  -6.390  -1.568  -0.620                         
    IR   317   317 3   317     3     1     1    48    67  -1.925  -0.554  -4.164                          0.000  0.000  0.000  0.000 
                                             [ MATR  106 ]      -    123 - U - -
    MR   318   317 3   320     3     1     1    46    65  -8.331  -0.020  -6.512                         -1.438 -1.443 -2.169  1.604 
     D   319   317 3   320     3     0     0    44    63  -6.390  -1.568  -0.620                         
    IR   320   320 3   320     3     1     1    47    66  -1.925  -0.554  -4.164                          0.000  0.000  0.000  0.000 
                                             [ MATR  107 ]      -    122 - C - -
    MR   321   320 3   323     3     1     1    45    64  -8.329  -0.019  -6.647                         -1.517  1.567 -2.365 -1.016 
     D   322   320 3   323     3     0     0    43    62  -6.402  -1.545  -0.631                         
    IR   323   323 3   323     3     1     1    46    65  -1.925  -0.554  -4.164                          0.000  0.000  0.000  0.000 
                                             [ MATR  108 ]      -    121 - C - -
    MR   324   323 3   326     3     1     1    44    63  -8.331  -0.020  -6.532                         -1.216  1.470 -2.119 -0.815 
     D   325   323 3   326     3     0     0    42    61  -6.390  -1.568  -0.620                         
    IR   326   326 3   326     3     1     1    45    64  -1.925  -0.554  -4.164                          0.000  0.000  0.000  0.000 
                                             [ MATR  109 ]      -    120 - U - -
    MR   327   326 3   329     3     1     1    43    62  -8.329  -0.019  -6.647                         -0.942 -1.156 -1.762  1.452 
     D   328   326 3   329     3     0     0    41    60  -6.400  -1.549  -0.630                         
    IR   329   329 3   329     3     1     1    44    63  -1.925  -0.554  -4.164                          0.000  0.000  0.000  0.000 
                                             [ MATR  110 ]      -    119 - U - -
    MR   330   329 3   332     3     1     1    42    61  -8.331  -0.019  -6.648                         -1.438 -1.443 -2.169  1.604 
     D   331   329 3   332     3     0     0    40    59  -6.390  -1.568  -0.620                         
    IR   332   332 3   332     3     1     1    43    62  -1.925  -0.554  -4.164                          0.000  0.000  0.000  0.000 
                                             [ MATR  111 ]      -    118 - U - -
    MR   333   332 3   335     3     1     1    41    60  -8.331  -0.032  -5.706                         -1.260 -1.185 -1.990  1.531 
     D   334   332 3   335     3     0     0    39    58  -6.390  -1.568  -0.620                         
    IR   335   335 3   335     3     1     1    42    61  -1.925  -0.554  -4.164                          0.000  0.000  0.000  0.000 
                                             [ MATR  112 ]      -    117 - C - -
    MR   336   335 3   338     3     1     1    40    59  -8.317  -0.026  -6.065                         -1.644  1.597 -2.465 -1.078 
     D   337   335 3   338     3     0     0    38    57  -6.495  -1.673  -0.567                         
    IR   338   338 3   338     3     1     1    41    60  -1.925  -0.554  -4.164                          0.000  0.000  0.000  0.000 
                                             [ MATR  113 ]      -    116 - C - -
    MR   339   338 3   341     3     1     1    39    58  -8.310  -0.019  -6.628                         -1.157  1.455 -2.071 -0.805 
     D   340   338 3   341     3     0     0    37    56  -6.547  -1.725  -0.542                         
    IR   341   341 3   341     3     1     1    40    59  -1.925  -0.554  -4.164                          0.000  0.000  0.000  0.000 
                                             [ MATR  114 ]      -    115 - C - -
    MR   342   341 3   344     3     1     1    38    57  -8.310  -0.019  -6.628                         -1.207  1.463 -2.097 -0.794 
     D   343   341 3   344     3     0     0    36    55  -6.547  -1.725  -0.542                         
    IR   344   344 3   344     3     1     1    39    58  -1.925  -0.554  -4.164                          0.000  0.000  0.000  0.000 
                                             [ MATR  115 ]      -    114 - A - -
    MR   345   344 3   347     3     1     1    37    56  -8.310  -0.024  -6.250                          1.622 -1.907 -1.709 -1.517 
     D   346   344 3   347     3     0     0    35    54  -6.547  -1.725  -0.542                         
    IR   347   347 3   347     3     1     1    38    57  -1.925  -0.554  -4.164                          0.000  0.000  0.000  0.000 
                                             [ MATR  116 ]      -    113 - a - -
    MR   348   347 3   350     5     1     1    36    55  -7.048  -0.051  -6.863  -6.072  -7.967          0.917 -1.342  0.175 -0.765 
     D   349   347 3   350     5     0     0    34    54  -5.461  -0.815  -3.087  -4.518  -2.013         
    IR   350   350 3   350     5     1     1    36    55  -2.408  -0.496  -5.920  -4.087  -5.193          0.000  0.000  0.000  0.000 
                                             [ MATP  117 ]     93    112 A U - -
    MP   351   350 3   355     6     2     2    35    54  -9.081  -9.020  -0.021  -7.797  -8.077  -8.472 -3.687 -2.746 -3.713  3.260 -4.000 -5.053  0.293 -3.762 -3.609  1.191 -4.152 -0.239 -0.124 -4.258 -1.648 -2.553 
    ML   352   350 3   355     6     1     1    33    53  -6.250  -6.596  -1.310  -1.005  -6.446  -3.975  0.368 -0.385 -0.191  0.094 
    MR   353   350 3   355     6     1     1    33    52  -7.043  -5.772  -1.681  -5.750  -0.787  -3.964  0.280 -0.366 -0.291  0.254 
     D   354   350 3   355     6     0     0    31    50  -9.218  -7.916  -3.713  -4.396  -4.413  -0.280 
    IL   355   355 5   355     6     1     1    34    54  -2.579  -2.842  -0.760  -4.497  -5.274  -4.934  0.000  0.000  0.000  0.000 
    IR   356   356 6   356     5     1     1    34    53  -2.408  -0.496  -5.920  -4.087  -5.193          0.000  0.000  0.000  0.000 
                                             [ MATP  118 ]     94    111 U A - -
    MP   357   356 6   361     6     2     2    33    52  -9.081  -9.020  -0.021  -7.797  -8.077  -8.472 -4.057 -3.878 -3.910 -0.183 -2.881 -4.486  1.444 -3.567 -3.916  0.091 -4.296 -1.781  3.261 -4.214 -0.560 -2.753 
    ML   358   356 6   361     6     1     1    31    51  -6.250  -6.596  -1.310  -1.005  -6.446  -3.975  0.368 -0.385 -0.191  0.094 
    MR   359   356 6   361     6     1     1    31    51  -7.043  -5.772  -1.681  -5.750  -0.884  -3.295  0.535 -0.501 -0.210 -0.030 
     D   360   356 6   361     6     0     0    29    48  -9.218  -7.916  -3.713  -4.396  -4.413  -0.280 
    IL   361   361 5   361     6     1     1    32    52  -2.579  -2.842  -0.760  -4.497  -5.274  -4.934  0.000  0.000  0.000  0.000 
    IR   362   362 6   362     5     1     1    32    51  -2.408  -0.496  -5.920  -4.087  -5.193          0.000  0.000  0.000  0.000 
                                             [ MATP  119 ]     95    110 G C - -
    MP   363   362 6   367     6     2     2    31    50  -9.081  -9.020  -0.021  -7.797  -8.077  -8.472 -4.589 -3.012 -4.681  0.311 -5.100 -4.642 -0.482 -4.938 -4.232  3.602 -4.582 -0.662 -0.845 -4.365 -2.512 -3.560 
    ML   364   362 6   367     6     1     1    30    49  -6.250  -6.596  -1.310  -1.005  -6.446  -3.975  0.368 -0.385 -0.191  0.094 
    MR   365   362 6   367     6     1     1    30    49  -6.988  -5.717  -1.625  -5.695  -0.829  -3.908  0.368 -0.385 -0.191  0.094 
     D   366   362 6   367     6     0     0    28    47  -9.290  -7.988  -3.786  -4.468  -4.485  -0.265 
    IL   367   367 5   367     6     1     1    31    50  -2.579  -2.842  -0.760  -4.497  -5.274  -4.934  0.000  0.000  0.000  0.000 
    IR   368   368 6   368     5     1     1    30    49  -2.408  -0.496  -5.920  -4.087  -5.193          0.000  0.000  0.000  0.000 
                                             [ MATP  120 ]     96    109 A U - -
    MP   369   368 6   373     4     2     2    29    48  -6.878  -7.085  -0.056  -5.499                 -3.654 -2.706 -3.693  3.252 -4.063 -5.063  0.228 -3.766 -3.586  1.235 -4.137 -0.154 -0.149 -4.231 -1.708 -2.533 
    ML   370   368 6   373     4     1     1    29    49  -3.758  -3.940  -0.507  -2.670                  0.368 -0.385 -0.191  0.094 
    MR   371   368 6   373     4     1     1    29    48  -4.809  -3.838  -1.706  -0.766                  0.368 -0.385 -0.191  0.094 
     D   372   368 6   373     4     0     0    28    47  -4.795  -4.476  -2.492  -0.432                 
    IL   373   373 5   373     4     1     1    31    50  -1.686  -2.369  -1.117  -4.855                  0.000  0.000  0.000  0.000 
    IR   374   374 6   374     3     1     1    30    49  -1.442  -0.798  -4.142                          0.000  0.000  0.000  0.000 
                                             [ MATL  121 ]     97      - U - - -
    ML   375   374 6   377     3     1     1    26    45  -8.294  -0.019  -6.612                         -1.367 -1.384 -2.094  1.583 
     D   376   374 6   377     3     0     0    25    44  -5.818  -0.932  -1.126                         
    IL   377   377 3   377     3     1     1    27    46  -1.925  -0.554  -4.164                          0.000  0.000  0.000  0.000 
                                             [ MATR  122 ]      -    108 - A - -
    MR   378   377 3   380     5     1     1    25    44  -7.037  -0.041  -6.853  -7.065  -7.956          1.612 -1.875 -1.680 -1.481 
     D   379   377 3   380     5     0     0    24    43  -5.508  -0.863  -3.134  -4.565  -1.878         
    IR   380   380 3   380     5     1     1    26    45  -2.408  -0.496  -5.920  -4.087  -5.193          0.000  0.000  0.000  0.000 
                                             [ MATP  123 ]     98    107 G C - -
    MP   381   380 3   385     4     2     2    24    43  -6.878  -7.085  -0.056  -5.499                 -4.580 -3.006 -4.672  0.320 -5.105 -4.641 -0.484 -4.934 -4.228  3.600 -4.579 -0.643 -0.843 -4.359 -2.515 -3.552 
    ML   382   380 3   385     4     1     1    25    44  -3.758  -3.940  -0.507  -2.670                  0.368 -0.385 -0.191  0.094 
    MR   383   380 3   385     4     1     1    24    43  -4.809  -3.838  -1.706  -0.766                  0.368 -0.385 -0.191  0.094 
     D   384   380 3   385     4     0     0    23    42  -4.795  -4.476  -2.492  -0.432                 
    IL   385   385 5   385     4     1     1    26    45  -1.686  -2.369  -1.117  -4.855                  0.000  0.000  0.000  0.000 
    IR   386   386 6   386     3     1     1    25    44  -1.442  -0.798  -4.142                          0.000  0.000  0.000  0.000 
                                             [ MATL  124 ]     99      - A - - -
    ML   387   386 6   389     3     1     1    21    40  -7.900  -0.022  -6.554                          1.666 -2.167 -1.759 -1.700 
     D   388   386 6   389     3     0     0    20    39  -6.487  -2.000  -0.437                         
    IL   389   389 3   389     3     1     1    24    43  -1.442  -0.798  -4.142                          0.000  0.000  0.000  0.000 
                                             [ MATL  125 ]    100      - c - - -
    ML   390   389 3   392     3     1     1    20    39  -7.900  -0.022  -6.554                         -0.347  0.533 -0.320 -0.050 
     D   391   389 3   392     3     0     0    19    38  -6.487  -2.000  -0.437                         
    IL   392   392 3   392     3     1     1    23    42  -1.442  -0.798  -4.142                          0.000  0.000  0.000  0.000 
                                             [ MATL  126 ]    101      - u - - -
    ML   393   392 3   395     3     1     1    19    37  -7.900  -0.022  -6.554                         -0.215 -0.390  0.144  0.345 
     D   394   392 3   395     3     0     0    18    37  -6.487  -2.000  -0.437                         
    IL   395   395 3   395     3     1     1    22    41  -1.442  -0.798  -4.142                          0.000  0.000  0.000  0.000 
                                             [ MATL  127 ]    102      - a - - -
    ML   396   395 3   398     3     1     1    18    36  -7.900  -0.022  -6.554                          0.699 -0.592 -0.915  0.241 
     D   397   395 3   398     3     0     0    17    35  -6.487  -2.000  -0.437                         
    IL   398   398 3   398     3     1     1    21    40  -1.442  -0.798  -4.142                          0.000  0.000  0.000  0.000 
                                             [ MATL  128 ]    103      - g - - -
    ML   399   398 3   401     3     1     1    16    35  -7.900  -0.022  -6.554                          0.224 -0.960  0.539 -0.209 
     D   400   398 3   401     3     0     0    16    34  -6.487  -2.000  -0.437                         
    IL   401   401 3   401     3     1     1    20    38  -1.442  -0.798  -4.142                          0.000  0.000  0.000  0.000 
                                             [ MATL  129 ]    104      - C - - -
    ML   402   401 3   404     3     1     1    15    33  -7.900  -0.022  -6.554                         -0.743  1.116 -1.226 -0.310 
     D   403   401 3   404     3     0     0    14    33  -6.487  -2.000  -0.437                         
    IL   404   404 3   404     3     1     1    19    37  -1.442  -0.798  -4.142                          0.000  0.000  0.000  0.000 
                                             [ MATL  130 ]    105      - U - - -
    ML   405   404 3   407     3     1     1    13    32  -7.900  -0.022  -6.554                         -1.218 -1.170 -1.946  1.519 
     D   406   404 3   407     3     0     0    13    32  -6.487  -2.000  -0.437                         
    IL   407   407 3   407     3     1     1    18    36  -1.442  -0.798  -4.142                          0.000  0.000  0.000  0.000 
                                             [ MATL  131 ]    106      - U - - -
    ML   408   407 3   410     2     1     1     1     1       *   0.000                                 -0.655 -0.915 -0.974  1.218 
     D   409   407 3   410     2     0     0     0     0       *   0.000                                 
    IL   410   410 3   410     2     1     1    13    28  -1.823  -0.479                                  0.000  0.000  0.000  0.000 
                                             [ END   132 ]      -      - - - - -
     E   411   410 3    -1     0     0     0     0     0                                                 
//
HMMER3/f [3.1b3 | July 2016]
NAME  at_nt_ibs_sib_round5_0001
LENG  136
MAXL  245
ALPH  RNA
RF    no
MM    no
CONS  yes
CS    yes
MAP   yes
DATE  Tue Dec 17 13:12:13 2019
COM   [1] cmbuild /home/co78wid/projects/master/results/ta_systems/ibs_sib/2_structure_analysis/infernal_search/at_nt_ibs_sib_cmbuild.txt /home/co78wid/projects/master/results/ta_systems/ibs_sib/1_sequence_analysis/fold/at_nt_ibs_sib_round5.stk
NSEQ  322
EFFN  1.370819
CKSUM 984397239
STATS LOCAL MSV       -9.7305  0.71807
STATS LOCAL VITERBI  -11.5754  0.71807
STATS LOCAL FORWARD   -3.0331  0.71807
HMM          A        C        G        U   
            m->m     m->i     m->d     i->m     i->i     d->m     d->d
  COMPO   1.33312  1.47213  1.47166  1.28241
          1.38629  1.38629  1.38629  1.38629
          0.26394  1.61877  3.38625  0.94526  0.49197  0.00000        *
      1   0.29814  2.65394  2.43644  2.30304      4 A - - :
          1.38629  1.38629  1.38629  1.38629
          0.05200  3.67549  3.67549  1.46634  0.26236  1.20812  0.35490
      2   2.07822  2.85309  0.31631  2.42645      5 G - - :
          1.38629  1.38629  1.38629  1.38629
          0.05200  3.67549  3.67549  1.46634  0.26236  1.20812  0.35490
      3   2.03803  2.82558  0.32894  2.39962      6 G - - :
          1.38629  1.38629  1.38629  1.38629
          0.05200  3.67549  3.67549  1.46634  0.26236  1.20812  0.35490
      4   2.04314  2.82914  0.32729  2.40310      7 G - - :
          1.38629  1.38629  1.38629  1.38629
          0.05200  3.67549  3.67549  1.46634  0.26236  1.20812  0.35490
      5   1.83447  1.96276  2.30961  0.50994      8 U - - :
          1.38629  1.38629  1.38629  1.38629
          0.05200  3.67549  3.67549  1.46634  0.26236  1.20812  0.35490
      6   1.02913  1.90780  1.56981  1.25110      9 a - - :
          1.38629  1.38629  1.38629  1.38629
          0.05200  3.67549  3.67549  1.46634  0.26236  1.16589  0.37345
      7   0.77258  2.19741  1.34326  1.79520     10 a - - :
          1.38629  1.38629  1.38629  1.38629
          0.05194  3.67659  3.67659  1.46634  0.26236  1.19515  0.36048
      8   1.11976  2.24977  0.89631  1.83167     11 g - - :
          1.38629  1.38629  1.38629  1.38629
          0.05194  3.67659  3.67659  1.46634  0.26236  1.19515  0.36048
      9   1.62287  2.53137  0.50791  2.10894     12 G - - :
          1.38629  1.38629  1.38629  1.38629
          0.05194  3.67659  3.67659  1.46634  0.26236  1.01766  0.44854
     10   1.51297  1.55086  1.02649  1.56343     13 g - - :
          1.38629  1.38629  1.38629  1.38629
          0.05168  3.68149  3.68149  1.46634  0.26236  1.13457  0.38796
     11   0.90474  2.15262  1.19416  1.73605     14 a - - :
          1.38629  1.38629  1.38629  1.38629
          0.05168  3.68149  3.68149  1.46634  0.26236  1.09189  0.40884
     12   1.88242  2.71986  0.38387  2.29586     15 G - - :
          1.38629  1.38629  1.38629  1.38629
          0.05163  3.68259  3.68259  1.46634  0.26236  1.12045  0.39472
     13   1.50127  2.45638  0.57857  2.03480     16 G - - :
          1.38629  1.38629  1.38629  1.38629
          0.05163  3.68259  3.68259  1.46634  0.26236  1.12045  0.39472
     14   1.04108  2.20214  0.99457  1.79288     17 g - - :
          1.38629  1.38629  1.38629  1.38629
          0.12551  2.39357  3.62506  0.60153  0.79402  1.12045  0.39472
     15   1.89839  1.98676  2.37015  0.47871     20 U - - :
          1.38629  1.38629  1.38629  1.38629
          0.05288  3.68110  3.63773  1.46634  0.26236  1.08205  0.41385
     16   1.86455  1.74324  2.36248  0.55183     21 U - - :
          1.38629  1.38629  1.38629  1.38629
          0.05279  3.68147  3.64057  1.46634  0.26236  1.13480  0.38785
     17   1.82702  1.84800  2.31728  0.53954     22 U - - :
          1.38629  1.38629  1.38629  1.38629
          0.05820  3.68042  3.46342  1.46634  0.26236  1.10723  0.40118
     18   2.05511  0.47032  2.61376  1.74949     23 C - - :
          1.38629  1.38629  1.38629  1.38629
          0.09224  2.76826  3.67535  0.74292  0.64573  0.95777  0.48410
     19   1.74275  1.03257  2.26847  1.00676     26 u - - :
          1.38629  1.38629  1.38629  1.38629
          0.05163  3.68259  3.68259  1.46634  0.26236  1.12045  0.39472
     20   2.12377  0.44060  2.67387  1.78507     27 C - - :
          1.38629  1.38629  1.38629  1.38629
          0.05163  3.68259  3.68259  1.46634  0.26236  1.12045  0.39472
     21   2.13924  0.43006  2.68947  1.80869     28 C - - :
          1.38629  1.38629  1.38629  1.38629
          0.07852  3.68259  2.98853  1.46634  0.26236  1.12045  0.39472
     22   1.76759  0.86838  2.29939  1.17342     29 c - - :
          1.38629  1.38629  1.38629  1.38629
          0.05960  3.51503  3.57168  1.29676  0.31940  0.70911  0.67744
     23   1.53291  1.12130  1.47330  1.47372     31 c - - :
          1.38629  1.38629  1.38629  1.38629
          0.05898  3.44004  3.68034  1.28265  0.32476  1.06372  0.42338
     24   2.16529  0.41309  2.71567  1.84819     34 C - - :
          1.38629  1.38629  1.38629  1.38629
          0.06263  3.68259  3.33672  1.46634  0.26236  1.05632  0.42730
     25   2.14772  0.42140  2.69695  1.83438     35 C - - :
          1.38629  1.38629  1.38629  1.38629
          0.06371  3.31482  3.67382  1.13352  0.38846  0.88179  0.53451
     26   1.74833  1.00353  2.27564  1.03108     38 c - - :
          1.38629  1.38629  1.38629  1.38629
          0.05430  3.68425  3.58499  1.46634  0.26236  1.09861  0.40547
     27   1.72244  0.97304  2.25935  1.08170     39 c - - :
          1.38629  1.38629  1.38629  1.38629
          0.05168  3.68163  3.68163  1.46634  0.26236  1.03355  0.43966
     28   1.54903  1.89460  1.46984  0.89844     40 u - - :
          1.38629  1.38629  1.38629  1.38629
          0.05154  3.68425  3.68425  1.46634  0.26236  1.09861  0.40547
     29   2.05120  2.84302  0.32297  2.41712     41 G - - :
          1.38629  1.38629  1.38629  1.38629
          0.31490  1.40640  3.68425  1.01034  0.45271  1.09861  0.40547
     30   1.39168  1.90382  1.32109  1.09213     46 u - - :
          1.38629  1.38629  1.38629  1.38629
          0.05154  3.68425  3.68425  1.46634  0.26236  1.09861  0.40547
     31   1.12389  1.98437  1.23075  1.40469     47 a - - :
          1.38629  1.38629  1.38629  1.38629
          0.05154  3.68425  3.68425  1.46634  0.26236  1.09861  0.40547
     32   1.48528  1.59442  1.28402  1.22550     48 u - - :
          1.38629  1.38629  1.38629  1.38629
          0.05154  3.68425  3.68425  1.46634  0.26236  1.09861  0.40547
     33   1.91086  1.95121  2.38384  0.48167     49 U - - :
          1.38629  1.38629  1.38629  1.38629
          0.07103  3.13611  3.68425  0.91778  0.50984  1.09861  0.40547
     34   1.54075  1.14371  1.42673  1.48258     51 c - - :
          1.38629  1.38629  1.38629  1.38629
          0.05154  3.68425  3.68425  1.46634  0.26236  1.09861  0.40547
     35   2.09232  2.14949  2.58041  0.37934     52 U - - :
          1.38629  1.38629  1.38629  1.38629
          0.05154  3.68425  3.68425  1.46634  0.26236  1.09861  0.40547
     36   2.09232  2.14949  2.58041  0.37934     53 U - - :
          1.38629  1.38629  1.38629  1.38629
          0.05154  3.68425  3.68425  1.46634  0.26236  1.09861  0.40547
     37   0.29284  2.66939  2.45038  2.31974     54 A - - :
          1.38629  1.38629  1.38629  1.38629
          0.05154  3.68425  3.68425  1.46634  0.26236  1.09861  0.40547
     38   1.49345  2.45282  0.58305  2.03134     55 G - - :
          1.38629  1.38629  1.38629  1.38629
          0.05154  3.68425  3.68425  1.46634  0.26236  1.09861  0.40547
     39   2.09232  2.14949  2.58041  0.37934     56 U - - :
          1.38629  1.38629  1.38629  1.38629
          0.05154  3.68425  3.68425  1.46634  0.26236  1.09861  0.40547
     40   0.31149  2.60055  2.41271  2.26490     57 A - - :
          1.38629  1.38629  1.38629  1.38629
          0.05154  3.68425  3.68425  1.46634  0.26236  1.09861  0.40547
     41   0.51627  2.22395  2.17033  1.70961     58 A - - :
          1.38629  1.38629  1.38629  1.38629
          0.05154  3.68425  3.68425  1.46634  0.26236  1.09861  0.40547
     42   2.09489  2.87302  0.30955  2.44635     59 G - - :
          1.38629  1.38629  1.38629  1.38629
          0.05154  3.68425  3.68425  1.46634  0.26236  1.09861  0.40547
     43   1.85500  0.68715  2.40439  1.38542     60 C - - :
          1.38629  1.38629  1.38629  1.38629
          0.05154  3.68425  3.68425  1.46634  0.26236  1.09861  0.40547
     44   1.58536  1.23259  1.94373  1.02048     61 u - - :
          1.38629  1.38629  1.38629  1.38629
          0.05154  3.68425  3.68425  1.46634  0.26236  1.09861  0.40547
     45   1.63266  2.16457  0.76234  1.49961     62 g - - :
          1.38629  1.38629  1.38629  1.38629
          0.05154  3.68425  3.68425  1.46634  0.26236  1.09861  0.40547
     46   1.56558  1.83629  0.80098  1.69972     63 g - - :
          1.38629  1.38629  1.38629  1.38629
          0.05154  3.68425  3.68425  1.46634  0.26236  1.09861  0.40547
     47   1.57083  2.00514  0.79415  1.58220     64 g - - :
          1.38629  1.38629  1.38629  1.38629
          0.05154  3.68425  3.68425  1.46634  0.26236  1.09861  0.40547
     48   0.70108  1.90092  2.04188  1.49284     65 a - - :
          1.38629  1.38629  1.38629  1.38629
          0.05154  3.68425  3.68425  1.46634  0.26236  1.09861  0.40547
     49   0.34091  2.54924  2.29542  2.20711     66 A - - :
          1.38629  1.38629  1.38629  1.38629
          0.05154  3.68425  3.68425  1.46634  0.26236  1.09861  0.40547
     50   1.07612  2.24011  0.93876  1.82308     67 g - - :
          1.38629  1.38629  1.38629  1.38629
          0.05154  3.68425  3.68425  1.46634  0.26236  1.09861  0.40547
     51   2.15084  0.42297  2.70133  1.82388     68 C - - :
          1.38629  1.38629  1.38629  1.38629
          0.05154  3.68425  3.68425  1.46634  0.26236  1.09861  0.40547
     52   2.09232  2.14949  2.58041  0.37934     69 U - - :
          1.38629  1.38629  1.38629  1.38629
          0.05154  3.68425  3.68425  1.46634  0.26236  1.09861  0.40547
     53   1.03284  1.89166  2.02349  1.01890     70 u - - :
          1.38629  1.38629  1.38629  1.38629
          0.05154  3.68425  3.68425  1.46634  0.26236  1.09861  0.40547
     54   0.29284  2.66939  2.45038  2.31974     71 A - - :
          1.38629  1.38629  1.38629  1.38629
          0.05154  3.68425  3.68425  1.46634  0.26236  1.09861  0.40547
     55   1.50887  1.62667  2.13346  0.76824     72 u - - :
          1.38629  1.38629  1.38629  1.38629
          0.05154  3.68425  3.68425  1.46634  0.26236  1.09861  0.40547
     56   1.49185  1.20966  1.42710  1.44078     73 c - - :
          1.38629  1.38629  1.38629  1.38629
          0.05154  3.68425  3.68425  1.46634  0.26236  1.09861  0.40547
     57   0.29284  2.66939  2.45038  2.31974     74 A - - :
          1.38629  1.38629  1.38629  1.38629
          0.05154  3.68425  3.68425  1.46634  0.26236  1.09861  0.40547
     58   1.54124  1.13698  1.44572  1.47176     75 c - - :
          1.38629  1.38629  1.38629  1.38629
          0.05154  3.68425  3.68425  1.46634  0.26236  1.09861  0.40547
     59   2.06868  2.11427  2.55812  0.39234     76 U - - :
          1.38629  1.38629  1.38629  1.38629
          0.05154  3.68425  3.68425  1.46634  0.26236  1.09861  0.40547
     60   0.29284  2.66939  2.45038  2.31974     77 A - - :
          1.38629  1.38629  1.38629  1.38629
          0.05154  3.68425  3.68425  1.46634  0.26236  1.09861  0.40547
     61   0.31277  2.62455  2.37084  2.27588     78 A - - :
          1.38629  1.38629  1.38629  1.38629
          0.05154  3.68425  3.68425  1.46634  0.26236  1.09861  0.40547
     62   1.52192  1.48324  1.06749  1.55620     79 g - - :
          1.38629  1.38629  1.38629  1.38629
          0.05846  3.45253  3.68425  1.20103  0.35794  1.09861  0.40547
     63   0.29284  2.66939  2.45038  2.31974     81 A - - :
          1.38629  1.38629  1.38629  1.38629
          0.05154  3.68425  3.68425  1.46634  0.26236  1.09861  0.40547
     64   1.28379  2.33085  0.73850  1.91073     82 g - - :
          1.38629  1.38629  1.38629  1.38629
          0.05154  3.68425  3.68425  1.46634  0.26236  1.09861  0.40547
     65   1.51301  1.03779  2.14796  1.17508     83 c - - :
          1.38629  1.38629  1.38629  1.38629
          0.05257  3.68425  3.64579  1.46634  0.26236  1.09861  0.40547
     66   0.29343  2.66765  2.44881  2.31786     84 A - - :
          1.38629  1.38629  1.38629  1.38629
          0.05159  3.68327  3.68327  1.46634  0.26236  1.07314  0.41845
     67   1.80108  0.82376  2.33739  1.20556     85 c - - :
          1.38629  1.38629  1.38629  1.38629
          0.05154  3.68425  3.68425  1.46634  0.26236  1.09861  0.40547
     68   1.13439  1.12345  2.07244  1.48128     86 c - - :
          1.38629  1.38629  1.38629  1.38629
          0.05154  3.68425  3.68425  1.46634  0.26236  1.09861  0.40547
     69   0.29284  2.66939  2.45038  2.31974     87 A - - :
          1.38629  1.38629  1.38629  1.38629
          0.05154  3.68425  3.68425  1.46634  0.26236  1.09861  0.40547
     70   1.79424  0.84035  2.32975  1.18787     88 c - - :
          1.38629  1.38629  1.38629  1.38629
          0.23562  3.68425  1.68848  1.46634  0.26236  1.09861  0.40547
     71   1.84506  0.60413  2.37105  1.59923     89 C - - :
          1.38629  1.38629  1.38629  1.38629
          0.06164  3.51027  3.51027  1.46634  0.26236  2.23622  0.11301
     72   0.43583  2.34695  2.12719  1.97730     90 A - - :
          1.38629  1.38629  1.38629  1.38629
          0.06164  3.51027  3.51027  1.46634  0.26236  2.23622  0.11301
     73   1.74721  2.46984  0.49083  2.04774     91 G - - :
          1.38629  1.38629  1.38629  1.38629
          0.06164  3.51027  3.51027  1.46634  0.26236  0.24045  1.54308
     74   1.56002  1.89675  1.47360  0.88986     92 u - - :
          1.38629  1.38629  1.38629  1.38629
          0.05154  3.68425  3.68425  1.46634  0.26236  1.09861  0.40547
     75   0.65948  2.15948  1.39952  2.11378     93 A - - <
          1.38629  1.38629  1.38629  1.38629
          0.05154  3.68425  3.68425  1.46634  0.26236  1.09861  0.40547
     76   2.41656  1.51801  2.08973  0.56580     94 U - - <
          1.38629  1.38629  1.38629  1.38629
          0.05154  3.68425  3.68425  1.46634  0.26236  1.09861  0.40547
     77   2.21144  2.64463  0.29545  2.58720     95 G - - <
          1.38629  1.38629  1.38629  1.38629
          0.05154  3.68425  3.68425  1.46634  0.26236  1.09861  0.40547
     78   0.66280  2.18952  1.37225  2.12790     96 A - - <
          1.38629  1.38629  1.38629  1.38629
          0.05154  3.68425  3.68425  1.46634  0.26236  1.09861  0.40547
     79   2.09232  2.14949  2.58041  0.37934     97 U - - -
          1.38629  1.38629  1.38629  1.38629
          0.05154  3.68425  3.68425  1.46634  0.26236  1.09861  0.40547
     80   2.20477  2.64494  0.29676  2.58370     98 G - - <
          1.38629  1.38629  1.38629  1.38629
          0.05154  3.68425  3.68425  1.46634  0.26236  1.09861  0.40547
     81   0.30830  2.63444  2.38749  2.28587     99 A - - _
          1.38629  1.38629  1.38629  1.38629
          0.05154  3.68425  3.68425  1.46634  0.26236  1.09861  0.40547
     82   1.55282  1.08822  1.61567  1.37524    100 c - - _
          1.38629  1.38629  1.38629  1.38629
          0.05154  3.68425  3.68425  1.46634  0.26236  1.09861  0.40547
     83   1.48592  1.64774  1.33336  1.14686    101 u - - _
          1.38629  1.38629  1.38629  1.38629
          0.05154  3.68425  3.68425  1.46634  0.26236  1.09861  0.40547
     84   0.93535  1.76961  1.96252  1.21520    102 a - - _
          1.38629  1.38629  1.38629  1.38629
          0.05154  3.68425  3.68425  1.46634  0.26236  1.09861  0.40547
     85   1.21508  1.99354  1.07384  1.48985    103 g - - _
          1.38629  1.38629  1.38629  1.38629
          0.05154  3.68425  3.68425  1.46634  0.26236  1.09861  0.40547
     86   1.75056  0.72724  2.11960  1.50056    104 c - - _
          1.38629  1.38629  1.38629  1.38629
          0.05154  3.68425  3.68425  1.46634  0.26236  1.09861  0.40547
     87   2.02538  2.04709  2.51686  0.41820    105 U - - _
          1.38629  1.38629  1.38629  1.38629
          0.05154  3.68425  3.68425  1.46634  0.26236  1.09861  0.40547
     88   1.71725  1.91595  1.97695  0.62596    106 U - - _
          1.38629  1.38629  1.38629  1.38629
          0.05154  3.68425  3.68425  1.46634  0.26236  1.09861  0.40547
     89   2.81486  0.34499  2.47716  1.91138    107 C - - >
          1.38629  1.38629  1.38629  1.38629
          0.05154  3.68425  3.68425  1.46634  0.26236  1.09861  0.40547
     90   0.34358  2.49170  2.35518  2.17926    108 A - - -
          1.38629  1.38629  1.38629  1.38629
          0.05154  3.68425  3.68425  1.46634  0.26236  1.09861  0.40547
     91   2.35601  1.61081  2.00565  0.56054    109 U - - >
          1.38629  1.38629  1.38629  1.38629
          0.05154  3.68425  3.68425  1.46634  0.26236  1.09861  0.40547
     92   2.80374  0.34593  2.47057  1.91515    110 C - - >
          1.38629  1.38629  1.38629  1.38629
          0.05154  3.68425  3.68425  1.46634  0.26236  1.09861  0.40547
     93   0.64633  2.26226  1.35451  2.17288    111 A - - >
          1.38629  1.38629  1.38629  1.38629
          0.05112  3.69219  3.69219  1.46634  0.26236  1.09861  0.40547
     94   2.34025  1.63259  1.97743  0.56238    112 U - - >
          1.38629  1.38629  1.38629  1.38629
          0.05112  3.69219  3.69219  1.46634  0.26236  1.09861  0.40547
     95   0.79506  2.20517  1.29789  1.80117    113 a - - :
          1.38629  1.38629  1.38629  1.38629
          0.05112  3.69219  3.69219  1.46634  0.26236  1.09861  0.40547
     96   0.33617  2.51004  2.37144  2.19924    114 A - - :
          1.38629  1.38629  1.38629  1.38629
          0.05096  3.69518  3.69518  1.46634  0.26236  1.09861  0.40547
     97   1.99038  0.49042  2.57577  1.74357    115 C - - :
          1.38629  1.38629  1.38629  1.38629
          0.05096  3.69518  3.69518  1.46634  0.26236  1.09861  0.40547
     98   1.96206  0.49762  2.55914  1.74820    116 C - - :
          1.38629  1.38629  1.38629  1.38629
          0.05096  3.69518  3.69518  1.46634  0.26236  1.09861  0.40547
     99   2.20060  0.39700  2.75321  1.87597    117 C - - :
          1.38629  1.38629  1.38629  1.38629
          0.05071  3.70000  3.70000  1.46634  0.26236  1.09861  0.40547
    100   2.04982  2.05711  2.54401  0.40817    118 U - - :
          1.38629  1.38629  1.38629  1.38629
          0.05024  3.70912  3.70912  1.46634  0.26236  1.09861  0.40547
    101   2.13133  2.18091  2.62234  0.36277    119 U - - :
          1.38629  1.38629  1.38629  1.38629
          0.05111  3.70912  3.67587  1.46634  0.26236  1.09861  0.40547
    102   1.88124  2.04409  2.41902  0.46348    120 U - - :
          1.38629  1.38629  1.38629  1.38629
          0.05028  3.70830  3.70830  1.46634  0.26236  1.07656  0.41667
    103   1.99637  0.48423  2.58861  1.75517    121 C - - :
          1.38629  1.38629  1.38629  1.38629
          0.05126  3.70912  3.67015  1.46634  0.26236  1.09861  0.40547
    104   2.14467  0.41665  2.71035  1.85067    122 C - - :
          1.38629  1.38629  1.38629  1.38629
          0.05029  3.70815  3.70815  1.46634  0.26236  1.07280  0.41863
    105   2.13133  2.18091  2.62234  0.36277    123 U - - :
          1.38629  1.38629  1.38629  1.38629
          0.05024  3.70912  3.70912  1.46634  0.26236  1.09861  0.40547
    106   2.13133  2.18091  2.62234  0.36277    124 U - - :
          1.38629  1.38629  1.38629  1.38629
          0.05024  3.70912  3.70912  1.46634  0.26236  1.09861  0.40547
    107   0.63903  1.78159  2.09170  1.71287    125 A - - :
          1.38629  1.38629  1.38629  1.38629
          0.05024  3.70912  3.70912  1.46634  0.26236  1.09861  0.40547
    108   2.13133  2.18091  2.62234  0.36277    126 U - - :
          1.38629  1.38629  1.38629  1.38629
          0.09945  3.70912  2.65693  1.46634  0.26236  1.09861  0.40547
    109   1.38620  1.84511  1.83337  0.83911    127 u - - :
          1.38629  1.38629  1.38629  1.38629
          0.06515  3.50290  3.41247  1.27749  0.32675  0.52965  0.88870
    110   1.52973  1.71781  2.14633  0.71942    129 u - - :
          1.38629  1.38629  1.38629  1.38629
          0.10312  3.70214  2.61303  1.46634  0.26236  1.12530  0.39239
    111   0.32849  2.58082  2.33799  2.22791    130 A - - :
          1.38629  1.38629  1.38629  1.38629
          0.05316  3.65399  3.65399  1.46634  0.26236  0.55757  0.85004
    112   0.67054  2.04933  2.07915  1.44941    131 A - - :
          1.38629  1.38629  1.38629  1.38629
          0.05294  3.70377  3.61459  1.46634  0.26236  1.16879  0.37214
    113   1.39278  2.40576  0.64607  1.98545    132 G - - :
          1.38629  1.38629  1.38629  1.38629
          0.05394  3.70147  3.58175  1.46634  0.26236  1.19736  0.35952
    114   1.99013  2.81190  0.34059  2.38729    133 G - - :
          1.38629  1.38629  1.38629  1.38629
          0.06852  3.46490  3.35390  1.19928  0.35869  1.23505  0.34365
    115   2.15754  0.41992  2.70853  1.82847    135 C - - :
          1.38629  1.38629  1.38629  1.38629
          0.05134  3.68809  3.68809  1.46634  0.26236  1.34800  0.30078
    116   2.15921  0.41884  2.71021  1.83100    136 C - - :
          1.38629  1.38629  1.38629  1.38629
          0.05314  3.68809  3.62181  1.46634  0.26236  1.34800  0.30078
    117   2.15549  0.42067  2.70626  1.82785    137 C - - :
          1.38629  1.38629  1.38629  1.38629
          0.10063  2.66632  3.64120  0.61123  0.78238  1.29937  0.31842
    118   2.05996  0.46893  2.58874  1.76169    139 C - - :
          1.38629  1.38629  1.38629  1.38629
          0.05140  3.68693  3.68693  1.46634  0.26236  1.31476  0.31271
    119   2.09830  2.15430  2.58684  0.37674    140 U - - :
          1.38629  1.38629  1.38629  1.38629
          0.05134  3.68809  3.68809  1.46634  0.26236  1.34800  0.30078
    120   2.02910  2.04858  2.52102  0.41665    141 U - - :
          1.38629  1.38629  1.38629  1.38629
          0.05134  3.68809  3.68809  1.46634  0.26236  1.34800  0.30078
    121   2.05820  0.46818  2.58339  1.76810    142 C - - :
          1.38629  1.38629  1.38629  1.38629
          0.05134  3.68809  3.68809  1.46634  0.26236  1.34800  0.30078
    122   1.79731  0.78115  2.34393  1.27144    143 c - - :
          1.38629  1.38629  1.38629  1.38629
          0.05134  3.68809  3.68809  1.46634  0.26236  1.34800  0.30078
    123   1.80941  1.75727  2.28593  0.57615    144 U - - :
          1.38629  1.38629  1.38629  1.38629
          0.05360  3.68809  3.60562  1.46634  0.26236  1.34800  0.30078
    124   1.90979  0.54957  2.45261  1.66800    145 C - - :
          1.38629  1.38629  1.38629  1.38629
          0.05848  3.45062  3.68593  1.19735  0.35953  1.37009  0.29314
    125   2.09811  2.87686  0.30826  2.45018    147 G - - :
          1.38629  1.38629  1.38629  1.38629
          0.05313  3.68593  3.62421  1.46634  0.26236  1.37009  0.29314
    126   2.04286  2.81915  0.33055  2.38428    148 G - - :
          1.38629  1.38629  1.38629  1.38629
          0.05263  3.68434  3.64370  1.46634  0.26236  1.32441  0.30919
    127   1.88140  2.72111  0.38378  2.29719    149 G - - :
          1.38629  1.38629  1.38629  1.38629
          0.06089  3.68489  3.38206  1.46634  0.26236  1.33994  0.30363
    128   0.34566  2.55420  2.26400  2.20223    150 A - - :
          1.38629  1.38629  1.38629  1.38629
          0.06016  3.44531  3.63108  1.20103  0.35794  1.26975  0.32976
    129   2.04024  2.81499  0.33186  2.38046    152 G - - :
          1.38629  1.38629  1.38629  1.38629
          0.05772  3.68101  3.47746  1.46634  0.26236  1.41864  0.27713
    130   1.64398  2.54466  0.49674  2.12207    153 G - - :
          1.38629  1.38629  1.38629  1.38629
          0.05423  3.67531  3.59568  1.46634  0.26236  1.26829  0.33033
    131   2.04278  2.83212  0.32672  2.40619    154 G - - :
          1.38629  1.38629  1.38629  1.38629
          0.05592  3.53570  3.67892  1.29543  0.31990  1.35888  0.29699
    132   1.97215  2.68512  0.37432  2.25503    156 G - - :
          1.38629  1.38629  1.38629  1.38629
          0.05171  3.68101  3.68101  1.46634  0.26236  1.41864  0.27713
    133   1.81141  0.65133  2.20685  1.58389    157 C - - :
          1.38629  1.38629  1.38629  1.38629
          0.05988  3.68101  3.41365  1.46634  0.26236  1.41864  0.27713
    134   1.89258  2.01143  2.35440  0.47712    158 U - - :
          1.38629  1.38629  1.38629  1.38629
          0.05212  3.67326  3.67326  1.46634  0.26236  1.49021  0.25531
    135   2.07526  2.13580  2.56202  0.38687    159 U - - :
          1.38629  1.38629  1.38629  1.38629
          0.05212  3.67326  3.67326  1.46634  0.26236  1.49021  0.25531
    136   2.07526  2.13580  2.56202  0.38687    160 U - - :
          1.38629  1.38629  1.38629  1.38629
          0.03180  3.46400        *  1.28015  0.32573  0.00000        *
//
