INFERNAL1/a [1.1.2 | July 2016]
NAME     t_nt_ibs_sib_round5_0001
STATES   189
NODES    53
CLEN     60
W        76
ALPH     RNA
RF       no
CONS     yes
MAP      yes
DATE     Tue Dec 17 13:52:50 2019
COM      [1] cmbuild /home/co78wid/projects/master/results/ta_systems/ibs_sib/2_structure_analysis/infernal_search/t_nt_ibs_sib_cmbuild.txt /home/co78wid/projects/master/results/ta_systems/ibs_sib/1_sequence_analysis/fold/t_nt_ibs_sib_round5.stk
COM      [2] cmcalibrate --cpu 20 /home/co78wid/projects/master/results/ta_systems/ibs_sib/2_structure_analysis/infernal_search/t_nt_ibs_sib_cmbuild.txt
PBEGIN   0.05
PEND     0.05
WBETA    1e-07
QDBBETA1 1e-07
QDBBETA2 1e-15
N2OMEGA  1.52588e-05
N3OMEGA  1.52588e-05
ELSELF   -0.08926734
NSEQ     25
EFFN     2.297974
CKSUM    1675305654
NULL     0.000  0.000  0.000  0.000 
EFP7GF   -10.3348 0.71922
ECMLC    0.53325   -10.16475     1.57485     1600000      627988  0.001911
ECMGC    0.41039   -16.40337    -2.42928     1600000      123782  0.003231
ECMLI    0.52188    -7.93644     3.25984     1600000      413833  0.002900
ECMGI    0.43874   -11.80950     0.46032     1600000       87088  0.004593
CM
                                             [ ROOT    0 ]      -      - - - - -
     S     0    -1 0     1     4     0     1    76    95  -6.997  -8.242  -0.108  -4.034                 
    IL     1     1 2     1     4     1    16    77    97  -2.817  -4.319  -0.613  -2.698                  0.000  0.000  0.000  0.000 
    IR     2     2 3     2     3     1    17    77    97  -1.925  -0.554  -4.164                          0.000  0.000  0.000  0.000 
                                             [ MATR    1 ]      -     60 - A - -
    MR     3     2 3     5     3     1    16    76    96  -8.449  -0.017  -6.767                          1.759 -2.576 -2.187 -2.139 
     D     4     2 3     5     3     0    13    74    94  -6.646  -1.823  -0.499                         
    IR     5     5 3     5     3     1    16    76    96  -1.925  -0.554  -4.164                          0.000  0.000  0.000  0.000 
                                             [ MATR    2 ]      -     59 - A - -
    MR     6     5 3     8     3     1    15    75    94  -8.449  -0.017  -6.767                          1.759 -2.576 -2.187 -2.139 
     D     7     5 3     8     3     0    13    73    93  -6.646  -1.823  -0.499                         
    IR     8     8 3     8     3     1    15    75    95  -1.925  -0.554  -4.164                          0.000  0.000  0.000  0.000 
                                             [ MATR    3 ]      -     58 - U - -
    MR     9     8 3    11     3     1    14    74    93  -8.449  -0.017  -6.767                         -1.674 -1.638 -2.417  1.668 
     D    10     8 3    11     3     0    12    72    92  -6.646  -1.823  -0.499                         
    IR    11    11 3    11     3     1    14    75    94  -1.925  -0.554  -4.164                          0.000  0.000  0.000  0.000 
                                             [ MATR    4 ]      -     57 - u - -
    MR    12    11 3    14     2     1    13    73    92  -8.477  -0.004                                 -0.795  0.296 -1.571  0.895 
     D    13    11 3    14     2     0    12    72    92  -4.698  -0.057                                 
    IR    14    14 3    14     2     1    13    74    93  -1.823  -0.479                                  0.000  0.000  0.000  0.000 
                                             [ BIF     5 ]      -      - - - - -
     B    15    14 3    16    78     0    12    72    91                                                 
                                             [ BEGL    6 ]      -      - - - - -
     S    16    15 1    17     4     0     0    34    53  -0.062  -6.908  -5.298  -6.955                 
                                             [ MATP    7 ]      1     20 A U - -
    MP    17    16 1    21     6     2     2    34    53  -9.150  -9.089  -0.020  -7.865  -8.145  -8.540 -3.977 -2.962 -3.980  3.439 -4.412 -5.494 -0.100 -4.010 -3.866  0.878 -4.422 -0.409 -0.517 -4.650 -2.040 -2.804 
    ML    18    16 1    21     6     1     1    32    51  -6.250  -6.596  -1.310  -1.005  -6.446  -3.975  0.368 -0.385 -0.191  0.094 
    MR    19    16 1    21     6     1     1    32    51  -7.149  -5.878  -1.786  -5.856  -0.715  -4.069  0.145 -0.370 -0.441  0.468 
     D    20    16 1    21     6     0     0    30    49  -9.049  -7.747  -3.544  -4.226  -4.244  -0.319 
    IL    21    21 5    21     6     1     1    34    52  -2.579  -2.842  -0.760  -4.497  -5.274  -4.934  0.000  0.000  0.000  0.000 
    IR    22    22 6    22     5     1     1    33    52  -2.408  -0.496  -5.920  -4.087  -5.193          0.000  0.000  0.000  0.000 
                                             [ MATP    8 ]      2     19 U A - -
    MP    23    22 6    27     6     2     2    32    51  -9.150  -9.089  -0.020  -7.865  -8.145  -8.540 -4.431 -4.261 -4.242 -0.539 -3.134 -4.784  1.199 -3.846 -4.245 -0.319 -4.606 -2.152  3.431 -4.572 -0.804 -3.043 
    ML    24    22 6    27     6     1     1    30    49  -6.250  -6.596  -1.310  -1.005  -6.446  -3.975  0.368 -0.385 -0.191  0.094 
    MR    25    22 6    27     6     1     1    30    49  -7.149  -5.878  -1.786  -5.856  -0.715  -4.069  0.703 -0.615 -0.323 -0.121 
     D    26    22 6    27     6     0     0    28    47  -9.049  -7.747  -3.544  -4.226  -4.244  -0.319 
    IL    27    27 5    27     6     1     1    32    50  -2.579  -2.842  -0.760  -4.497  -5.274  -4.934  0.000  0.000  0.000  0.000 
    IR    28    28 6    28     5     1     1    31    50  -2.408  -0.496  -5.920  -4.087  -5.193          0.000  0.000  0.000  0.000 
                                             [ MATP    9 ]      3     18 G C - -
    MP    29    28 6    33     6     2     2    30    49  -9.150  -9.089  -0.020  -7.865  -8.145  -8.540 -4.943 -3.190 -5.063  0.065 -5.515 -4.771 -0.830 -5.318 -4.457  3.683 -4.780 -0.898 -1.210 -4.599 -2.878 -3.937 
    ML    30    28 6    33     6     1     1    28    47  -6.250  -6.596  -1.310  -1.005  -6.446  -3.975  0.368 -0.385 -0.191  0.094 
    MR    31    28 6    33     6     1     1    28    47  -7.149  -5.878  -1.786  -5.856  -0.715  -4.069  0.155  0.107 -0.520  0.153 
     D    32    28 6    33     6     0     0    26    45  -9.049  -7.747  -3.544  -4.226  -4.244  -0.319 
    IL    33    33 5    33     6     1     1    30    48  -2.579  -2.842  -0.760  -4.497  -5.274  -4.934  0.000  0.000  0.000  0.000 
    IR    34    34 6    34     5     1     1    29    48  -2.408  -0.496  -5.920  -4.087  -5.193          0.000  0.000  0.000  0.000 
                                             [ MATP   10 ]      4     17 A U - -
    MP    35    34 6    39     6     2     2    28    47  -9.150  -9.089  -0.020  -7.865  -8.145  -8.540 -3.977 -2.962 -3.980  3.439 -4.412 -5.494 -0.100 -4.010 -3.866  0.878 -4.422 -0.409 -0.517 -4.650 -2.040 -2.804 
    ML    36    34 6    39     6     1     1    26    45  -6.250  -6.596  -1.310  -1.005  -6.446  -3.975  0.368 -0.385 -0.191  0.094 
    MR    37    34 6    39     6     1     1    26    45  -7.149  -5.878  -1.786  -5.856  -0.715  -4.069  0.145 -0.370 -0.441  0.468 
     D    38    34 6    39     6     0     0    24    43  -9.049  -7.747  -3.544  -4.226  -4.244  -0.319 
    IL    39    39 5    39     6     1     1    28    46  -2.579  -2.842  -0.760  -4.497  -5.274  -4.934  0.000  0.000  0.000  0.000 
    IR    40    40 6    40     5     1     1    27    46  -2.408  -0.496  -5.920  -4.087  -5.193          0.000  0.000  0.000  0.000 
                                             [ MATP   11 ]      5     16 U A - -
    MP    41    40 6    45     6     2     2    26    45  -9.150  -9.089  -0.020  -7.865  -8.145  -8.540 -4.431 -4.261 -4.242 -0.539 -3.134 -4.784  1.199 -3.846 -4.245 -0.319 -4.606 -2.152  3.431 -4.572 -0.804 -3.043 
    ML    42    40 6    45     6     1     1    25    43  -6.250  -6.596  -1.310  -1.005  -6.446  -3.975  0.368 -0.385 -0.191  0.094 
    MR    43    40 6    45     6     1     1    24    43  -7.149  -5.878  -1.786  -5.856  -0.715  -4.069  0.703 -0.615 -0.323 -0.121 
     D    44    40 6    45     6     0     0    22    41  -9.049  -7.747  -3.544  -4.226  -4.244  -0.319 
    IL    45    45 5    45     6     1     1    26    44  -2.579  -2.842  -0.760  -4.497  -5.274  -4.934  0.000  0.000  0.000  0.000 
    IR    46    46 6    46     5     1     1    25    44  -2.408  -0.496  -5.920  -4.087  -5.193          0.000  0.000  0.000  0.000 
                                             [ MATP   12 ]      6     15 G C - -
    MP    47    46 6    51     6     2     2    24    43  -9.150  -9.089  -0.020  -7.865  -8.145  -8.540 -4.943 -3.190 -5.063  0.065 -5.515 -4.771 -0.830 -5.318 -4.457  3.683 -4.780 -0.898 -1.210 -4.599 -2.878 -3.937 
    ML    48    46 6    51     6     1     1    23    42  -6.250  -6.596  -1.310  -1.005  -6.446  -3.975  0.368 -0.385 -0.191  0.094 
    MR    49    46 6    51     6     1     1    23    42  -7.149  -5.878  -1.786  -5.856  -0.715  -4.069  0.155  0.107 -0.520  0.153 
     D    50    46 6    51     6     0     0    22    40  -9.049  -7.747  -3.544  -4.226  -4.244  -0.319 
    IL    51    51 5    51     6     1     1    24    43  -2.579  -2.842  -0.760  -4.497  -5.274  -4.934  0.000  0.000  0.000  0.000 
    IR    52    52 6    52     5     1     1    23    42  -2.408  -0.496  -5.920  -4.087  -5.193          0.000  0.000  0.000  0.000 
                                             [ MATP   13 ]      7     14 A U - -
    MP    53    52 6    57     4     2     2    22    41  -7.056  -7.263  -0.049  -5.677                 -3.977 -2.962 -3.980  3.439 -4.412 -5.494 -0.100 -4.010 -3.866  0.878 -4.422 -0.409 -0.517 -4.650 -2.040 -2.804 
    ML    54    52 6    57     4     1     1    23    42  -3.758  -3.940  -0.507  -2.670                  0.368 -0.385 -0.191  0.094 
    MR    55    52 6    57     4     1     1    22    41  -4.994  -4.023  -1.890  -0.650                  0.145 -0.370 -0.441  0.468 
     D    56    52 6    57     4     0     0    21    40  -4.568  -4.250  -2.265  -0.520                 
    IL    57    57 5    57     4     1     1    24    43  -1.686  -2.369  -1.117  -4.855                  0.000  0.000  0.000  0.000 
    IR    58    58 6    58     3     1     1    23    42  -1.442  -0.798  -4.142                          0.000  0.000  0.000  0.000 
                                             [ MATL   14 ]      8      - A - - -
    ML    59    58 6    61     3     1     1    19    37  -8.065  -0.019  -6.719                          1.759 -2.576 -2.187 -2.139 
     D    60    58 6    61     3     0     0    18    37  -6.473  -1.986  -0.442                         
    IL    61    61 3    61     3     1     1    22    41  -1.442  -0.798  -4.142                          0.000  0.000  0.000  0.000 
                                             [ MATL   15 ]      9      - G - - -
    ML    62    61 3    64     3     1     1    17    36  -8.065  -0.019  -6.719                         -1.149 -2.578  1.646 -1.986 
     D    63    61 3    64     3     0     0    17    35  -6.473  -1.986  -0.442                         
    IL    64    64 3    64     3     1     1    21    40  -1.442  -0.798  -4.142                          0.000  0.000  0.000  0.000 
                                             [ MATL   16 ]     10      - u - - -
    ML    65    64 3    67     3     1     1    16    35  -8.065  -0.019  -6.719                         -0.788  0.503 -1.577  0.739 
     D    66    64 3    67     3     0     0    16    34  -6.473  -1.986  -0.442                         
    IL    67    67 3    67     3     1     1    20    38  -1.442  -0.798  -4.142                          0.000  0.000  0.000  0.000 
                                             [ MATL   17 ]     11      - U - - -
    ML    68    67 3    70     3     1     1    15    33  -8.065  -0.019  -6.719                         -1.674 -1.638 -2.417  1.668 
     D    69    67 3    70     3     0     0    14    33  -6.473  -1.986  -0.442                         
    IL    70    70 3    70     3     1     1    19    37  -1.442  -0.798  -4.142                          0.000  0.000  0.000  0.000 
                                             [ MATL   18 ]     12      - C - - -
    ML    71    70 3    73     3     1     1    13    31  -8.065  -0.019  -6.719                         -1.075  1.325 -1.640 -0.518 
     D    72    70 3    73     3     0     0    13    32  -6.473  -1.186  -0.865                         
    IL    73    73 3    73     3     1     1    18    36  -1.442  -0.798  -4.142                          0.000  0.000  0.000  0.000 
                                             [ MATL   19 ]     13      - G - - -
    ML    74    73 3    76     2     1     1     1     1       *   0.000                                 -1.865 -3.127  1.781 -2.514 
     D    75    73 3    76     2     0     0     0     0       *   0.000                                 
    IL    76    76 3    76     2     1     1    13    28  -1.823  -0.479                                  0.000  0.000  0.000  0.000 
                                             [ END    20 ]      -      - - - - -
     E    77    76 3    -1     0     0     0     0     0                                                 
                                             [ BEGR   21 ]      -      - - - - -
     S    78    15 1    79     3     0     1    51    71  -8.098  -0.019  -6.752                         
    IL    79    79 2    79     3     1     1    54    74  -1.442  -0.798  -4.142                          0.000  0.000  0.000  0.000 
                                             [ MATL   22 ]     21      - A - - -
    ML    80    79 2    82     3     1     2    51    70  -8.098  -0.019  -6.752                          1.771 -2.643 -2.248 -2.213 
     D    81    79 2    82     3     0     0    50    69  -6.174  -1.687  -0.566                         
    IL    82    82 3    82     3     1     1    53    73  -1.442  -0.798  -4.142                          0.000  0.000  0.000  0.000 
                                             [ MATL   23 ]     22      - C - - -
    ML    83    82 3    85     3     1     1    50    69  -8.098  -0.019  -6.752                         -2.070  1.702 -2.900 -1.417 
     D    84    82 3    85     3     0     0    49    68  -6.174  -1.687  -0.566                         
    IL    85    85 3    85     3     1     1    52    72  -1.442  -0.798  -4.142                          0.000  0.000  0.000  0.000 
                                             [ MATL   24 ]     23      - U - - -
    ML    86    85 3    88     3     1     1    49    68  -8.098  -0.019  -6.752                         -1.737 -1.690 -2.482  1.683 
     D    87    85 3    88     3     0     0    48    67  -6.174  -1.687  -0.566                         
    IL    88    88 3    88     3     1     1    51    71  -1.442  -0.798  -4.142                          0.000  0.000  0.000  0.000 
                                             [ MATL   25 ]     24      - G - - -
    ML    89    88 3    91     3     1     1    48    67  -8.098  -0.019  -6.752                         -1.865 -3.127  1.781 -2.514 
     D    90    88 3    91     3     0     0    47    66  -6.174  -1.687  -0.566                         
    IL    91    91 3    91     3     1     1    50    70  -1.442  -0.798  -4.142                          0.000  0.000  0.000  0.000 
                                             [ MATL   26 ]     25      - a - - -
    ML    92    91 3    94     3     1     1    47    66  -8.098  -0.019  -6.752                          0.938 -1.505  0.273 -0.933 
     D    93    91 3    94     3     0     0    45    65  -6.174  -1.687  -0.566                         
    IL    94    94 3    94     3     1     1    49    69  -1.442  -0.798  -4.142                          0.000  0.000  0.000  0.000 
                                             [ MATL   27 ]     26      - U - - -
    ML    95    94 3    97     3     1     1    46    65  -8.098  -0.019  -6.752                         -1.737 -1.690 -2.482  1.683 
     D    96    94 3    97     3     0     0    44    64  -6.174  -1.687  -0.566                         
    IL    97    97 3    97     3     1     1    48    68  -1.442  -0.798  -4.142                          0.000  0.000  0.000  0.000 
                                             [ MATL   28 ]     27      - U - - -
    ML    98    97 3   100     3     1     1    45    64  -8.098  -0.019  -6.752                         -1.737 -1.690 -2.482  1.683 
     D    99    97 3   100     3     0     0    43    63  -6.174  -1.687  -0.566                         
    IL   100   100 3   100     3     1     1    47    66  -1.442  -0.798  -4.142                          0.000  0.000  0.000  0.000 
                                             [ MATL   29 ]     28      - G - - -
    ML   101   100 3   103     3     1     1    44    63  -8.098  -0.050  -5.046                         -1.865 -3.127  1.781 -2.514 
     D   102   100 3   103     3     0     0    42    62  -6.174  -1.687  -0.566                         
    IL   103   103 3   103     3     1     1    46    65  -1.442  -0.798  -4.142                          0.000  0.000  0.000  0.000 
                                             [ MATL   30 ]     29      - U - - -
    ML   104   103 3   106     3     1     1    43    62  -8.068  -0.019  -6.722                         -1.679 -1.642 -2.422  1.669 
     D   105   103 3   106     3     0     0    41    61  -6.453  -1.212  -0.844                         
    IL   106   106 3   106     3     1     1    45    64  -1.442  -0.798  -4.142                          0.000  0.000  0.000  0.000 
                                             [ MATL   31 ]     30      - G - - -
    ML   107   106 3   109     3     1     1    41    61  -8.098  -0.019  -6.752                         -1.865 -3.127  1.781 -2.514 
     D   108   106 3   109     3     0     0    40    60  -6.174  -1.687  -0.566                         
    IL   109   109 3   109     3     1     1    44    63  -1.442  -0.798  -4.142                          0.000  0.000  0.000  0.000 
                                             [ MATL   32 ]     31      - U - - -
    ML   110   109 3   112     3     1     1    40    60  -8.098  -0.019  -6.752                         -0.924 -0.155 -1.681  1.178 
     D   111   109 3   112     3     0     0    39    58  -6.174  -1.687  -0.566                         
    IL   112   112 3   112     3     1     1    43    62  -1.442  -0.798  -4.142                          0.000  0.000  0.000  0.000 
                                             [ MATL   33 ]     32      - U - - -
    ML   113   112 3   115     3     1     1    39    58  -8.098  -0.019  -6.752                         -1.737 -1.690 -2.482  1.683 
     D   114   112 3   115     3     0     0    38    57  -6.174  -1.687  -0.566                         
    IL   115   115 3   115     3     1     1    42    61  -1.442  -0.798  -4.142                          0.000  0.000  0.000  0.000 
                                             [ MATL   34 ]     33      - G - - -
    ML   116   115 3   118     3     1     1    38    57  -8.098  -0.019  -6.752                         -1.865 -3.127  1.781 -2.514 
     D   117   115 3   118     3     0     0    37    56  -6.174  -1.687  -0.566                         
    IL   118   118 3   118     3     1     1    41    60  -1.442  -0.798  -4.142                          0.000  0.000  0.000  0.000 
                                             [ MATL   35 ]     34      - U - - -
    ML   119   118 3   121     3     1     1    37    56  -8.098  -0.019  -6.752                         -1.337 -1.088 -2.075  1.534 
     D   120   118 3   121     3     0     0    36    55  -6.174  -1.687  -0.566                         
    IL   121   121 3   121     3     1     1    40    59  -1.442  -0.798  -4.142                          0.000  0.000  0.000  0.000 
                                             [ MATL   36 ]     35      - U - - -
    ML   122   121 3   124     3     1     1    36    55  -8.098  -0.019  -6.752                         -1.737 -1.690 -2.482  1.683 
     D   123   121 3   124     3     0     0    35    54  -6.174  -1.687  -0.566                         
    IL   124   124 3   124     3     1     1    39    58  -1.442  -0.798  -4.142                          0.000  0.000  0.000  0.000 
                                             [ MATL   37 ]     36      - A - - -
    ML   125   124 3   127     3     1     1    35    54  -8.098  -0.019  -6.752                          1.771 -2.643 -2.248 -2.213 
     D   126   124 3   127     3     0     0    34    53  -6.174  -1.687  -0.566                         
    IL   127   127 3   127     3     1     1    37    57  -1.442  -0.798  -4.142                          0.000  0.000  0.000  0.000 
                                             [ MATL   38 ]     37      - C - - -
    ML   128   127 3   130     3     1     1    34    53  -8.098  -0.019  -6.752                         -1.197  1.500 -2.240 -0.934 
     D   129   127 3   130     3     0     0    33    52  -6.174  -1.687  -0.566                         
    IL   130   130 3   130     3     1     1    36    56  -1.442  -0.798  -4.142                          0.000  0.000  0.000  0.000 
                                             [ MATL   39 ]     38      - U - - -
    ML   131   130 3   133     3     1     1    33    52  -8.098  -0.019  -6.752                         -1.737 -1.690 -2.482  1.683 
     D   132   130 3   133     3     0     0    32    51  -6.174  -1.687  -0.566                         
    IL   133   133 3   133     3     1     1    35    54  -1.442  -0.798  -4.142                          0.000  0.000  0.000  0.000 
                                             [ MATL   40 ]     39      - g - - -
    ML   134   133 3   136     3     1     1    32    50  -8.098  -0.019  -6.752                          0.013 -0.305  0.424 -0.253 
     D   135   133 3   136     3     0     0    31    49  -6.174  -1.687  -0.566                         
    IL   136   136 3   136     3     1     1    34    53  -1.442  -0.798  -4.142                          0.000  0.000  0.000  0.000 
                                             [ MATL   41 ]     40      - u - - -
    ML   137   136 3   139     5     1     1    31    49  -7.211  -0.066  -5.174  -7.238  -8.130          0.031 -0.912  0.213  0.365 
     D   138   136 3   139     5     0     0    29    48  -4.959  -0.803  -4.221  -2.596  -2.508         
    IL   139   139 3   139     5     1     1    31    50  -2.408  -0.496  -4.087  -5.920  -5.193          0.000  0.000  0.000  0.000 
                                             [ MATP   42 ]     41     56 U A - -
    MP   140   139 3   144     6     2     2    30    48  -9.150  -9.089  -0.020  -7.865  -8.145  -8.540 -4.431 -4.261 -4.242 -0.539 -3.134 -4.784  1.199 -3.846 -4.245 -0.319 -4.606 -2.152  3.431 -4.572 -0.804 -3.043 
    ML   141   139 3   144     6     1     1    28    47  -6.434  -6.780  -1.075  -1.189  -6.630  -4.159  0.145 -0.370 -0.441  0.468 
    MR   142   139 3   144     6     1     1    28    47  -6.988  -5.717  -1.625  -5.695  -0.829  -3.908  0.368 -0.385 -0.191  0.094 
     D   143   139 3   144     6     0     0    26    44  -9.049  -7.747  -3.544  -4.226  -4.244  -0.319 
    IL   144   144 5   144     6     1     1    29    48  -2.579  -2.842  -0.760  -4.497  -5.274  -4.934  0.000  0.000  0.000  0.000 
    IR   145   145 6   145     5     1     1    29    48  -2.408  -0.496  -5.920  -4.087  -5.193          0.000  0.000  0.000  0.000 
                                             [ MATP   43 ]     42     55 A U - -
    MP   146   145 6   150     6     2     2    28    46  -9.164  -9.103  -0.020  -7.880  -8.160  -8.555 -4.038 -3.009 -4.037  3.470 -4.501 -5.589 -0.184 -4.062 -3.920  0.812 -4.480 -0.447 -0.601 -4.734 -2.124 -2.857 
    ML   147   145 6   150     6     1     1    26    45  -6.250  -6.596  -1.310  -1.005  -6.446  -3.975  0.368 -0.385 -0.191  0.094 
    MR   148   145 6   150     6     1     1    26    45  -6.988  -5.717  -1.625  -5.695  -0.829  -3.908  0.368 -0.385 -0.191  0.094 
     D   149   145 6   150     6     0     0    24    42  -9.049  -7.747  -3.544  -4.226  -4.244  -0.319 
    IL   150   150 5   150     6     1     1    27    46  -2.579  -2.842  -0.760  -4.497  -5.274  -4.934  0.000  0.000  0.000  0.000 
    IR   151   151 6   151     5     1     1    27    46  -2.408  -0.496  -5.920  -4.087  -5.193          0.000  0.000  0.000  0.000 
                                             [ MATP   44 ]     43     54 A U - -
    MP   152   151 6   156     6     2     2    26    44  -9.164  -9.103  -0.020  -7.880  -8.160  -8.555 -4.038 -3.009 -4.037  3.470 -4.501 -5.589 -0.184 -4.062 -3.920  0.812 -4.480 -0.447 -0.601 -4.734 -2.124 -2.857 
    ML   153   151 6   156     6     1     1    24    43  -6.250  -6.596  -1.310  -1.005  -6.446  -3.975  0.368 -0.385 -0.191  0.094 
    MR   154   151 6   156     6     1     1    24    43  -6.988  -5.717  -1.625  -5.695  -0.829  -3.908  0.368 -0.385 -0.191  0.094 
     D   155   151 6   156     6     0     0    22    40  -9.049  -7.747  -3.544  -4.226  -4.244  -0.319 
    IL   156   156 5   156     6     1     1    25    44  -2.579  -2.842  -0.760  -4.497  -5.274  -4.934  0.000  0.000  0.000  0.000 
    IR   157   157 6   157     5     1     1    25    44  -2.408  -0.496  -5.920  -4.087  -5.193          0.000  0.000  0.000  0.000 
                                             [ MATP   45 ]     44     53 G C - -
    MP   158   157 6   162     6     2     2    24    42  -9.164  -9.103  -0.020  -7.880  -8.160  -8.555 -4.520 -1.723 -4.567  0.371 -5.245 -4.602 -0.587 -4.984 -4.280  3.584 -4.608 -0.685 -0.880 -4.240 -2.594 -3.496 
    ML   159   157 6   162     6     1     1    22    41  -6.250  -6.596  -1.310  -1.005  -6.446  -3.975  0.368 -0.385 -0.191  0.094 
    MR   160   157 6   162     6     1     1    22    41  -6.988  -5.717  -1.625  -5.695  -0.829  -3.908  0.368 -0.385 -0.191  0.094 
     D   161   157 6   162     6     0     0    20    39  -9.049  -7.747  -3.544  -4.226  -4.244  -0.319 
    IL   162   162 5   162     6     1     1    23    42  -2.579  -2.842  -0.760  -4.497  -5.274  -4.934  0.000  0.000  0.000  0.000 
    IR   163   163 6   163     5     1     1    23    42  -2.408  -0.496  -5.920  -4.087  -5.193          0.000  0.000  0.000  0.000 
                                             [ MATP   46 ]     45     52 u a - -
    MP   164   163 6   168     6     2     2    21    40  -9.164  -9.103  -0.020  -7.880  -8.160  -8.555 -3.624 -3.621 -3.527  0.013 -2.539 -4.109  1.744 -3.236 -3.552  0.207 -3.950 -1.706  2.345 -3.786  2.039 -2.463 
    ML   165   163 6   168     6     1     1    21    40  -6.250  -6.596  -1.310  -1.005  -6.446  -3.975  0.368 -0.385 -0.191  0.094 
    MR   166   163 6   168     6     1     1    21    40  -6.988  -5.717  -1.625  -5.695  -0.829  -3.908  0.368 -0.385 -0.191  0.094 
     D   167   163 6   168     6     0     0    19    38  -9.049  -7.747  -3.544  -4.226  -4.244  -0.319 
    IL   168   168 5   168     6     1     1    21    40  -2.579  -2.842  -0.760  -4.497  -5.274  -4.934  0.000  0.000  0.000  0.000 
    IR   169   169 6   169     5     1     1    21    40  -2.408  -0.496  -5.920  -4.087  -5.193          0.000  0.000  0.000  0.000 
                                             [ MATP   47 ]     46     51 u a - -
    MP   170   169 6   174     4     2     2    19    38  -7.092  -7.299  -0.048  -5.713                 -2.289 -2.389 -2.427  0.798 -2.132 -3.226  1.649 -2.594 -2.476  0.907 -3.010 -0.797  1.757 -0.165  1.423 -1.576 
    ML   171   169 6   174     4     1     1    21    39  -3.758  -3.940  -0.507  -2.670                  0.368 -0.385 -0.191  0.094 
    MR   172   169 6   174     4     1     1    20    39  -4.809  -3.838  -1.706  -0.766                  0.368 -0.385 -0.191  0.094 
     D   173   169 6   174     4     0     0    19    38  -4.568  -4.250  -2.265  -0.520                 
    IL   174   174 5   174     4     1     1    22    41  -1.686  -2.369  -1.117  -4.855                  0.000  0.000  0.000  0.000 
    IR   175   175 6   175     3     1     1    21    40  -1.442  -0.798  -4.142                          0.000  0.000  0.000  0.000 
                                             [ MATL   48 ]     47      - U - - -
    ML   176   175 6   178     3     1     1    16    35  -8.098  -0.019  -6.752                         -1.737 -1.690 -2.482  1.683 
     D   177   175 6   178     3     0     0    16    34  -6.174  -1.687  -0.566                         
    IL   178   178 3   178     3     1     1    20    38  -1.442  -0.798  -4.142                          0.000  0.000  0.000  0.000 
                                             [ MATL   49 ]     48      - C - - -
    ML   179   178 3   181     3     1     1    15    33  -8.098  -0.019  -6.752                         -2.070  1.702 -2.900 -1.417 
     D   180   178 3   181     3     0     0    15    33  -6.174  -1.687  -0.566                         
    IL   181   181 3   181     3     1     1    19    37  -1.442  -0.798  -4.142                          0.000  0.000  0.000  0.000 
                                             [ MATL   50 ]     49      - c - - -
    ML   182   181 3   184     3     1     1    13    31  -8.098  -0.019  -6.752                         -0.498  0.640 -0.054 -0.376 
     D   183   181 3   184     3     0     0    13    32  -6.174  -1.687  -0.566                         
    IL   184   184 3   184     3     1     1    18    36  -1.442  -0.798  -4.142                          0.000  0.000  0.000  0.000 
                                             [ MATL   51 ]     50      - c - - -
    ML   185   184 3   187     2     1     1     1     1       *   0.000                                  0.096  0.847 -1.414 -0.402 
     D   186   184 3   187     2     0     0     0     0       *   0.000                                 
    IL   187   187 3   187     2     1     1    13    28  -1.823  -0.479                                  0.000  0.000  0.000  0.000 
                                             [ END    52 ]      -      - - - - -
     E   188   187 3    -1     0     0     0     0     0                                                 
//
HMMER3/f [3.1b3 | July 2016]
NAME  t_nt_ibs_sib_round5_0001
LENG  60
MAXL  142
ALPH  RNA
RF    no
MM    no
CONS  yes
CS    yes
MAP   yes
DATE  Tue Dec 17 13:52:50 2019
COM   [1] cmbuild /home/co78wid/projects/master/results/ta_systems/ibs_sib/2_structure_analysis/infernal_search/t_nt_ibs_sib_cmbuild.txt /home/co78wid/projects/master/results/ta_systems/ibs_sib/1_sequence_analysis/fold/t_nt_ibs_sib_round5.stk
NSEQ  25
EFFN  2.896118
CKSUM 1675305654
STATS LOCAL MSV       -8.2213  0.71922
STATS LOCAL VITERBI   -8.6071  0.71922
STATS LOCAL FORWARD   -3.6966  0.71922
HMM          A        C        G        U   
            m->m     m->i     m->d     i->m     i->i     d->m     d->d
  COMPO   1.38235  1.67566  1.52286  1.06787
          1.38629  1.38629  1.38629  1.38629
          0.06314  3.99822  3.15031  1.46634  0.26236  0.00000        *
      1   0.26711  3.02746  2.01246  2.95049      1 A - - <
          1.38629  1.38629  1.38629  1.38629
          0.03834  3.97343  3.97343  1.46634  0.26236  1.46667  0.26226
      2   3.20900  2.08004  2.98080  0.24344      2 U - - <
          1.38629  1.38629  1.38629  1.38629
          0.03834  3.97343  3.97343  1.46634  0.26236  1.46667  0.26226
      3   2.71562  3.44203  0.14179  3.38031      3 G - - <
          1.38629  1.38629  1.38629  1.38629
          0.03834  3.97343  3.97343  1.46634  0.26236  1.46667  0.26226
      4   0.26824  3.02170  2.01121  2.94251      4 A - - <
          1.38629  1.38629  1.38629  1.38629
          0.03834  3.97343  3.97343  1.46634  0.26236  1.46667  0.26226
      5   3.20091  2.07942  2.97695  0.24421      5 U - - <
          1.38629  1.38629  1.38629  1.38629
          0.03834  3.97343  3.97343  1.46634  0.26236  1.46667  0.26226
      6   2.71276  3.43834  0.14235  3.37525      6 G - - <
          1.38629  1.38629  1.38629  1.38629
          0.03834  3.97343  3.97343  1.46634  0.26236  1.46667  0.26226
      7   0.26854  3.02022  2.01089  2.94045      7 A - - <
          1.38629  1.38629  1.38629  1.38629
          0.03834  3.97343  3.97343  1.46634  0.26236  1.46667  0.26226
      8   0.12495  3.43917  3.14407  3.16386      8 A - - _
          1.38629  1.38629  1.38629  1.38629
          0.03834  3.97343  3.97343  1.46634  0.26236  1.46667  0.26226
      9   2.34622  3.41239  0.19595  3.01072      9 G - - _
          1.38629  1.38629  1.38629  1.38629
          0.03834  3.97343  3.97343  1.46634  0.26236  1.46667  0.26226
     10   2.04793  0.99012  2.60766  0.85388     10 u - - _
          1.38629  1.38629  1.38629  1.38629
          0.03834  3.97343  3.97343  1.46634  0.26236  1.46667  0.26226
     11   2.79910  2.73127  3.32344  0.17677     11 U - - _
          1.38629  1.38629  1.38629  1.38629
          0.03834  3.97343  3.97343  1.46634  0.26236  1.46667  0.26226
     12   2.31735  0.38925  2.66816  1.86741     12 C - - _
          1.38629  1.38629  1.38629  1.38629
          0.03834  3.97343  3.97343  1.46634  0.26236  0.61876  0.77352
     13   2.95346  3.86350  0.11129  3.43676     13 G - - _
          1.38629  1.38629  1.38629  1.38629
          0.03739  3.99822  3.99822  1.46634  0.26236  1.09861  0.40547
     14   3.16262  2.32572  2.83206  0.22179     14 U - - >
          1.38629  1.38629  1.38629  1.38629
          0.03739  3.99822  3.99822  1.46634  0.26236  1.09861  0.40547
     15   3.55946  0.17034  3.28051  2.40175     15 C - - >
          1.38629  1.38629  1.38629  1.38629
          0.03739  3.99822  3.99822  1.46634  0.26236  1.09861  0.40547
     16   0.27731  3.16169  1.91655  2.94286     16 A - - >
          1.38629  1.38629  1.38629  1.38629
          0.03739  3.99822  3.99822  1.46634  0.26236  1.09861  0.40547
     17   3.14995  2.32341  2.82723  0.22311     17 U - - >
          1.38629  1.38629  1.38629  1.38629
          0.03739  3.99822  3.99822  1.46634  0.26236  1.09861  0.40547
     18   3.52445  0.17312  3.26601  2.39316     18 C - - >
          1.38629  1.38629  1.38629  1.38629
          0.03739  3.99822  3.99822  1.46634  0.26236  1.09861  0.40547
     19   0.28052  3.14199  1.91425  2.91949     19 A - - >
          1.38629  1.38629  1.38629  1.38629
          0.03739  3.99822  3.99822  1.46634  0.26236  1.09861  0.40547
     20   3.08755  2.31167  2.80291  0.22984     20 U - - >
          1.38629  1.38629  1.38629  1.38629
          0.03739  3.99822  3.99822  1.46634  0.26236  1.09861  0.40547
     21   0.11835  3.49002  3.19020  3.22003     21 A - - -
          1.38629  1.38629  1.38629  1.38629
          0.03739  3.99822  3.99822  1.46634  0.26236  1.09861  0.40547
     22   3.14954  0.14938  3.72289  2.63490     22 C - - -
          1.38629  1.38629  1.38629  1.38629
          0.03739  3.99822  3.99822  1.46634  0.26236  1.09861  0.40547
     23   2.84775  2.77188  3.37365  0.16816     23 U - - -
          1.38629  1.38629  1.38629  1.38629
          0.03739  3.99822  3.99822  1.46634  0.26236  1.09861  0.40547
     24   2.95346  3.86350  0.11129  3.43676     24 G - - -
          1.38629  1.38629  1.38629  1.38629
          0.03739  3.99822  3.99822  1.46634  0.26236  1.09861  0.40547
     25   0.69833  2.56411  1.16467  2.17534     25 a - - -
          1.38629  1.38629  1.38629  1.38629
          0.03739  3.99822  3.99822  1.46634  0.26236  1.09861  0.40547
     26   2.84775  2.77188  3.37365  0.16816     26 U - - -
          1.38629  1.38629  1.38629  1.38629
          0.03739  3.99822  3.99822  1.46634  0.26236  1.09861  0.40547
     27   2.84775  2.77188  3.37365  0.16816     27 U - - -
          1.38629  1.38629  1.38629  1.38629
          0.03739  3.99822  3.99822  1.46634  0.26236  1.09861  0.40547
     28   2.95346  3.86350  0.11129  3.43676     28 G - - -
          1.38629  1.38629  1.38629  1.38629
          0.06120  3.99822  3.19388  1.46634  0.26236  1.09861  0.40547
     29   2.80277  2.73434  3.32723  0.17611     29 U - - -
          1.38629  1.38629  1.38629  1.38629
          0.03827  3.97530  3.97530  1.46634  0.26236  0.63909  0.75029
     30   2.95346  3.86350  0.11129  3.43676     30 G - - -
          1.38629  1.38629  1.38629  1.38629
          0.03739  3.99822  3.99822  1.46634  0.26236  1.09861  0.40547
     31   2.16201  1.49592  2.69411  0.52212     31 U - - -
          1.38629  1.38629  1.38629  1.38629
          0.03739  3.99822  3.99822  1.46634  0.26236  1.09861  0.40547
     32   2.84775  2.77188  3.37365  0.16816     32 U - - -
          1.38629  1.38629  1.38629  1.38629
          0.03739  3.99822  3.99822  1.46634  0.26236  1.09861  0.40547
     33   2.95346  3.86350  0.11129  3.43676     33 G - - -
          1.38629  1.38629  1.38629  1.38629
          0.03739  3.99822  3.99822  1.46634  0.26236  1.09861  0.40547
     34   2.50060  2.24841  3.01651  0.26994     34 U - - -
          1.38629  1.38629  1.38629  1.38629
          0.03739  3.99822  3.99822  1.46634  0.26236  1.09861  0.40547
     35   2.84775  2.77188  3.37365  0.16816     35 U - - -
          1.38629  1.38629  1.38629  1.38629
          0.03739  3.99822  3.99822  1.46634  0.26236  1.09861  0.40547
     36   0.11835  3.49002  3.19020  3.22003     36 A - - -
          1.38629  1.38629  1.38629  1.38629
          0.03739  3.99822  3.99822  1.46634  0.26236  1.09861  0.40547
     37   2.40330  0.27433  3.18392  2.22494     37 C - - -
          1.38629  1.38629  1.38629  1.38629
          0.03739  3.99822  3.99822  1.46634  0.26236  1.09861  0.40547
     38   2.84775  2.77188  3.37365  0.16816     38 U - - -
          1.38629  1.38629  1.38629  1.38629
          0.03739  3.99822  3.99822  1.46634  0.26236  1.09861  0.40547
     39   1.40931  1.59043  1.04044  1.61671     39 g - - -
          1.38629  1.38629  1.38629  1.38629
          0.03739  3.99822  3.99822  1.46634  0.26236  1.09861  0.40547
     40   1.38330  2.07695  1.20508  1.12618     40 u - - -
          1.38629  1.38629  1.38629  1.38629
          0.03739  3.99822  3.99822  1.46634  0.26236  1.09861  0.40547
     41   3.10229  2.06812  2.93362  0.25434     41 U - - <
          1.38629  1.38629  1.38629  1.38629
          0.03739  3.99822  3.99822  1.46634  0.26236  1.09861  0.40547
     42   0.25689  3.06127  2.05264  2.96957     42 A - - <
          1.38629  1.38629  1.38629  1.38629
          0.03739  3.99822  3.99822  1.46634  0.26236  1.09861  0.40547
     43   0.25448  3.07414  2.05556  2.98710     43 A - - <
          1.38629  1.38629  1.38629  1.38629
          0.03739  3.99822  3.99822  1.46634  0.26236  1.09861  0.40547
     44   2.33811  3.22669  0.19968  3.10534     44 G - - <
          1.38629  1.38629  1.38629  1.38629
          0.03739  3.99822  3.99822  1.46634  0.26236  1.09861  0.40547
     45   2.69936  1.57452  2.49063  0.44194     45 U - - <
          1.38629  1.38629  1.38629  1.38629
          0.03739  3.99822  3.99822  1.46634  0.26236  1.09861  0.40547
     46   2.02164  1.53619  1.87692  0.69455     46 u - - <
          1.38629  1.38629  1.38629  1.38629
          0.03739  3.99822  3.99822  1.46634  0.26236  1.09861  0.40547
     47   2.84775  2.77188  3.37365  0.16816     47 U - - _
          1.38629  1.38629  1.38629  1.38629
          0.03739  3.99822  3.99822  1.46634  0.26236  1.09861  0.40547
     48   3.14954  0.14938  3.72289  2.63490     48 C - - _
          1.38629  1.38629  1.38629  1.38629
          0.03739  3.99822  3.99822  1.46634  0.26236  1.09861  0.40547
     49   1.83632  0.87249  1.39873  1.73854     49 c - - _
          1.38629  1.38629  1.38629  1.38629
          0.03739  3.99822  3.99822  1.46634  0.26236  1.09861  0.40547
     50   1.33878  0.72865  2.49486  1.75580     50 c - - _
          1.38629  1.38629  1.38629  1.38629
          0.03739  3.99822  3.99822  1.46634  0.26236  1.09861  0.40547
     51   1.36986  1.67225  0.91969  1.83640     51 g - - >
          1.38629  1.38629  1.38629  1.38629
          0.03739  3.99822  3.99822  1.46634  0.26236  1.09861  0.40547
     52   1.02922  2.65658  0.71700  2.47322     52 g - - >
          1.38629  1.38629  1.38629  1.38629
          0.03739  3.99822  3.99822  1.46634  0.26236  1.09861  0.40547
     53   3.32704  0.21593  3.06015  2.19438     53 C - - >
          1.38629  1.38629  1.38629  1.38629
          0.03739  3.99822  3.99822  1.46634  0.26236  1.09861  0.40547
     54   3.22422  2.38144  2.89486  0.20765     54 U - - >
          1.38629  1.38629  1.38629  1.38629
          0.03739  3.99822  3.99822  1.46634  0.26236  1.09861  0.40547
     55   3.22339  2.38131  2.89451  0.20773     55 U - - >
          1.38629  1.38629  1.38629  1.38629
          0.06314  3.99822  3.15031  1.46634  0.26236  1.09861  0.40547
     56   0.27722  3.16274  1.91582  2.94540     56 A - - >
          1.38629  1.38629  1.38629  1.38629
          0.03834  3.97343  3.97343  1.46634  0.26236  1.46667  0.26226
     57   2.05294  1.14566  2.60213  0.73499     57 u - - :
          1.38629  1.38629  1.38629  1.38629
          0.03834  3.97343  3.97343  1.46634  0.26236  1.46667  0.26226
     58   2.79910  2.73127  3.32344  0.17677     58 U - - :
          1.38629  1.38629  1.38629  1.38629
          0.03834  3.97343  3.97343  1.46634  0.26236  1.46667  0.26226
     59   0.12495  3.43917  3.14407  3.16386     59 A - - :
          1.38629  1.38629  1.38629  1.38629
          0.03834  3.97343  3.97343  1.46634  0.26236  1.46667  0.26226
     60   0.12495  3.43917  3.14407  3.16386     60 A - - :
          1.38629  1.38629  1.38629  1.38629
          0.01936  3.95444        *  1.46634  0.26236  0.00000        *
//
