INFERNAL1/a [1.1.2 | July 2016]
NAME     at_nt_shob_ohsc_sr_round5_extend_0001
STATES   240
NODES    67
CLEN     77
W        94
ALPH     RNA
RF       no
CONS     yes
MAP      yes
DATE     Mon Jan 27 20:32:58 2020
COM      [1] cmbuild /home/co78wid/projects/master/results/ta_systems/shob_ohsc/shob_ohsc_sr/extend_analysis_2_3_4/2_structure_analysis/infernal_search/at_nt_shob_ohsc_sr_cmbuild.txt /home/co78wid/projects/master/results/ta_systems/shob_ohsc/shob_ohsc_sr/1_sequence_analysis/fold/at_nt_shob_ohsc_sr_round5_extend.stk
COM      [2] cmcalibrate --cpu 30 /home/co78wid/projects/master/results/ta_systems/shob_ohsc/shob_ohsc_sr/extend_analysis_2_3_4/2_structure_analysis/infernal_search/at_nt_shob_ohsc_sr_cmbuild.txt
PBEGIN   0.05
PEND     0.05
WBETA    1e-07
QDBBETA1 1e-07
QDBBETA2 1e-15
N2OMEGA  1.52588e-05
N3OMEGA  1.52588e-05
ELSELF   -0.08926734
NSEQ     29
EFFN     1.469116
CKSUM    212398383
NULL     0.000  0.000  0.000  0.000 
EFP7GF   -8.7653 0.71888
ECMLC    0.53911   -10.27473     1.02284     1600000      530013  0.002264
ECMGC    0.40858   -13.94757    -2.42865     1600000       44259  0.009038
ECMLI    0.47078    -9.23386     2.99972     1600000      380575  0.003153
ECMGI    0.44529    -8.97179     1.45423     1600000       41524  0.009633
CM
                                             [ ROOT    0 ]      -      - - - - -
     S     0    -1 0     1     4     1     1    94   115  -6.746  -6.953  -0.061  -5.367                 
    IL     1     1 2     1     4     7    34    98   119  -1.686  -2.369  -1.117  -4.855                  0.000  0.000  0.000  0.000 
    IR     2     2 3     2     3     7    34    97   118  -1.442  -0.798  -4.142                          0.000  0.000  0.000  0.000 
                                             [ MATL    1 ]      1      - G - - -
    ML     3     2 3     5     3     7    34    94   115  -7.778  -0.023  -6.432                         -1.182 -2.335  1.612 -1.720 
     D     4     2 3     5     3     3    29    93   113  -6.174  -1.687  -0.566                         
    IL     5     5 3     5     3     6    33    96   117  -1.442  -0.798  -4.142                          0.000  0.000  0.000  0.000 
                                             [ MATL    2 ]      2      - U - - -
    ML     6     5 3     8     3     7    33    93   114  -7.778  -0.023  -6.432                         -1.150 -1.207 -1.863  1.507 
     D     7     5 3     8     3     3    29    92   112  -6.174  -1.687  -0.566                         
    IL     8     8 3     8     3     6    32    95   116  -1.442  -0.798  -4.142                          0.000  0.000  0.000  0.000 
                                             [ MATL    3 ]      3      - U - - -
    ML     9     8 3    11     3     7    32    92   113  -7.778  -0.023  -6.432                         -1.150 -1.207 -1.863  1.507 
     D    10     8 3    11     3     3    28    91   111  -6.174  -1.687  -0.566                         
    IL    11    11 3    11     3     6    32    94   115  -1.442  -0.798  -4.142                          0.000  0.000  0.000  0.000 
                                             [ MATL    4 ]      4      - G - - -
    ML    12    11 3    14     3     6    31    91   112  -7.778  -0.023  -6.432                         -1.182 -2.335  1.612 -1.720 
     D    13    11 3    14     3     2    28    90   110  -6.174  -1.687  -0.566                         
    IL    14    14 3    14     3     5    31    93   114  -1.442  -0.798  -4.142                          0.000  0.000  0.000  0.000 
                                             [ MATL    5 ]      5      - A - - -
    ML    15    14 3    17     3     6    30    90   111  -7.778  -0.023  -6.432                          1.027 -1.265 -0.106 -0.698 
     D    16    14 3    17     3     2    27    89   109  -6.174  -1.687  -0.566                         
    IL    17    17 3    17     3     5    30    92   113  -1.442  -0.798  -4.142                          0.000  0.000  0.000  0.000 
                                             [ MATL    6 ]      6      - g - - -
    ML    18    17 3    20     3     5    29    89   110  -7.778  -0.023  -6.432                          0.215 -1.397  0.913 -0.795 
     D    19    17 3    20     3     2    26    88   108  -6.174  -1.687  -0.566                         
    IL    20    20 3    20     3     4    29    91   112  -1.442  -0.798  -4.142                          0.000  0.000  0.000  0.000 
                                             [ MATL    7 ]      7      - g - - -
    ML    21    20 3    23     3     4    28    88   109  -7.778  -0.023  -6.432                          0.215 -1.397  0.913 -0.795 
     D    22    20 3    23     3     1    26    87   107  -6.174  -1.687  -0.566                         
    IL    23    23 3    23     3     4    28    90   111  -1.442  -0.798  -4.142                          0.000  0.000  0.000  0.000 
                                             [ MATL    8 ]      8      - g - - -
    ML    24    23 3    26     3     3    27    87   107  -7.778  -0.023  -6.432                         -0.367 -1.075  0.804  0.005 
     D    25    23 3    26     3     1    25    86   106  -6.174  -1.687  -0.566                         
    IL    26    26 3    26     3     3    27    89   109  -1.442  -0.798  -4.142                          0.000  0.000  0.000  0.000 
                                             [ MATL    9 ]      9      - u - - -
    ML    27    26 3    29     2     2    26    86   106  -8.130  -0.005                                 -0.613 -0.067 -1.351  0.999 
     D    28    26 3    29     2     1    25    85   105  -8.445  -0.004                                 
    IL    29    29 3    29     2     2    26    87   107  -1.823  -0.479                                  0.000  0.000  0.000  0.000 
                                             [ BIF    10 ]      -      - - - - -
     B    30    29 3    31    60     1    25    85   105                                                 
                                             [ BEGL   11 ]      -      - - - - -
     S    31    30 1    32     4     0     0    23    41  -0.048  -6.735  -6.142  -6.782                 
                                             [ MATP   12 ]     10     18 G C - -
    MP    32    31 1    36     6     2     2    23    41  -9.034  -8.973  -0.022  -7.749  -8.029  -8.424 -4.058 -1.997 -4.110  0.651 -4.558 -4.389 -0.056 -4.446 -3.919  3.448 -4.294 -0.455 -0.368 -3.936 -2.040 -3.041 
    ML    33    31 1    36     6     1     1    21    40  -6.250  -6.596  -1.310  -1.005  -6.446  -3.975  0.368 -0.385 -0.191  0.094 
    MR    34    31 1    36     6     1     1    21    40  -6.988  -5.717  -1.625  -5.695  -0.829  -3.908  0.368 -0.385 -0.191  0.094 
     D    35    31 1    36     6     0     0    19    38  -9.049  -7.747  -3.544  -4.226  -4.244  -0.319 
    IL    36    36 5    36     6     1     1    22    41  -2.579  -2.842  -0.760  -4.497  -5.274  -4.934  0.000  0.000  0.000  0.000 
    IR    37    37 6    37     5     1     1    22    41  -2.408  -0.496  -5.920  -4.087  -5.193          0.000  0.000  0.000  0.000 
                                             [ MATP   13 ]     11     17 c g - -
    MP    38    37 6    42     6     2     2    21    39  -9.034  -8.973  -0.022  -7.749  -8.029  -8.424 -3.536 -3.484 -3.406  0.186 -2.361 -3.955  2.881 -3.075 -3.431  0.449 -3.808 -1.524  1.260 -3.670  1.199 -2.319 
    ML    39    37 6    42     6     1     1    20    39  -6.250  -6.596  -1.310  -1.005  -6.446  -3.975  0.368 -0.385 -0.191  0.094 
    MR    40    37 6    42     6     1     1    20    39  -6.988  -5.717  -1.625  -5.695  -0.829  -3.908  0.368 -0.385 -0.191  0.094 
     D    41    37 6    42     6     0     0    18    37  -9.049  -7.747  -3.544  -4.226  -4.244  -0.319 
    IL    42    42 5    42     6     1     1    21    39  -2.579  -2.842  -0.760  -4.497  -5.274  -4.934  0.000  0.000  0.000  0.000 
    IR    43    43 6    43     5     1     1    20    39  -2.408  -0.496  -5.920  -4.087  -5.193          0.000  0.000  0.000  0.000 
                                             [ MATP   14 ]     12     16 a u - -
    MP    44    43 6    48     4     2     2    19    37  -6.746  -6.953  -0.061  -5.367                 -3.164 -2.222 -3.278  2.045 -3.739 -4.404  0.505 -3.466 -3.163  1.924 -3.678  1.988  0.229 -3.606 -1.397 -2.139 
    ML    45    43 6    48     4     1     1    20    38  -3.758  -3.940  -0.507  -2.670                  0.368 -0.385 -0.191  0.094 
    MR    46    43 6    48     4     1     1    19    38  -4.809  -3.838  -1.706  -0.766                  0.368 -0.385 -0.191  0.094 
     D    47    43 6    48     4     0     0    18    37  -4.568  -4.250  -2.265  -0.520                 
    IL    48    48 5    48     4     1     1    21    40  -1.686  -2.369  -1.117  -4.855                  0.000  0.000  0.000  0.000 
    IR    49    49 6    49     3     1     1    20    38  -1.442  -0.798  -4.142                          0.000  0.000  0.000  0.000 
                                             [ MATL   15 ]     13      - U - - -
    ML    50    49 6    52     3     1     1    15    33  -7.778  -0.023  -6.432                         -1.150 -1.207 -1.863  1.507 
     D    51    49 6    52     3     0     0    15    33  -6.174  -1.687  -0.566                         
    IL    52    52 3    52     3     1     1    19    37  -1.442  -0.798  -4.142                          0.000  0.000  0.000  0.000 
                                             [ MATL   16 ]     14      - G - - -
    ML    53    52 3    55     3     1     1    13    32  -7.778  -0.023  -6.432                         -1.182 -2.335  1.612 -1.720 
     D    54    52 3    55     3     0     0    13    32  -6.174  -1.687  -0.566                         
    IL    55    55 3    55     3     1     1    18    36  -1.442  -0.798  -4.142                          0.000  0.000  0.000  0.000 
                                             [ MATL   17 ]     15      - C - - -
    ML    56    55 3    58     2     1     1     1     1       *   0.000                                 -1.120  1.371 -1.923 -0.538 
     D    57    55 3    58     2     0     0     0     0       *   0.000                                 
    IL    58    58 3    58     2     1     1    13    28  -1.823  -0.479                                  0.000  0.000  0.000  0.000 
                                             [ END    18 ]      -      - - - - -
     E    59    58 3    -1     0     0     0     0     0                                                 
                                             [ BEGR   19 ]      -      - - - - -
     S    60    30 1    61     3     0    17    76    96  -7.778  -0.023  -6.432                         
    IL    61    61 2    61     3     1    17    78    99  -1.442  -0.798  -4.142                          0.000  0.000  0.000  0.000 
                                             [ MATL   20 ]     19      - A - - -
    ML    62    61 2    64     3     1    17    76    96  -7.778  -0.023  -6.432                          1.625 -1.999 -1.669 -1.507 
     D    63    61 2    64     3     0    12    74    94  -6.174  -1.687  -0.566                         
    IL    64    64 3    64     3     1    16    77    98  -1.442  -0.798  -4.142                          0.000  0.000  0.000  0.000 
                                             [ MATL   21 ]     20      - C - - -
    ML    65    64 3    67     3     1    17    75    95  -7.778  -0.023  -6.432                         -1.299  1.480 -2.104 -0.805 
     D    66    64 3    67     3     0    12    73    93  -6.174  -1.687  -0.566                         
    IL    67    67 3    67     3     1    16    76    97  -1.442  -0.798  -4.142                          0.000  0.000  0.000  0.000 
                                             [ MATL   22 ]     21      - A - - -
    ML    68    67 3    70     3     1    16    74    94  -7.778  -0.023  -6.432                          1.413 -1.466 -1.325 -0.795 
     D    69    67 3    70     3     0    11    72    92  -6.174  -1.687  -0.566                         
    IL    70    70 3    70     3     1    15    75    96  -1.442  -0.798  -4.142                          0.000  0.000  0.000  0.000 
                                             [ MATL   23 ]     22      - A - - -
    ML    71    70 3    73     3     1    16    72    93  -7.778  -0.023  -6.432                          1.625 -1.999 -1.669 -1.507 
     D    72    70 3    73     3     0    10    71    91  -6.174  -1.687  -0.566                         
    IL    73    73 3    73     3     1    15    74    95  -1.442  -0.798  -4.142                          0.000  0.000  0.000  0.000 
                                             [ MATL   24 ]     23      - A - - -
    ML    74    73 3    76     3     1    15    71    92  -7.778  -0.023  -6.432                          1.625 -1.999 -1.669 -1.507 
     D    75    73 3    76     3     0    10    70    90  -6.174  -1.687  -0.566                         
    IL    76    76 3    76     3     1    14    73    94  -1.442  -0.798  -4.142                          0.000  0.000  0.000  0.000 
                                             [ MATL   25 ]     24      - A - - -
    ML    77    76 3    79     3     1    14    70    90  -7.778  -0.023  -6.432                          1.625 -1.999 -1.669 -1.507 
     D    78    76 3    79     3     0     9    69    89  -6.174  -1.687  -0.566                         
    IL    79    79 3    79     3     1    13    72    93  -1.442  -0.798  -4.142                          0.000  0.000  0.000  0.000 
                                             [ MATL   26 ]     25      - U - - -
    ML    80    79 3    82     3     1    14    69    89  -7.778  -0.023  -6.432                         -1.150 -1.207 -1.863  1.507 
     D    81    79 3    82     3     0     8    68    88  -6.174  -1.687  -0.566                         
    IL    82    82 3    82     3     1    13    71    91  -1.442  -0.798  -4.142                          0.000  0.000  0.000  0.000 
                                             [ MATL   27 ]     26      - U - - -
    ML    83    82 3    85     3     1    13    68    88  -7.778  -0.023  -6.432                         -1.150 -1.207 -1.863  1.507 
     D    84    82 3    85     3     0     8    67    87  -6.174  -1.687  -0.566                         
    IL    85    85 3    85     3     1    12    70    90  -1.442  -0.798  -4.142                          0.000  0.000  0.000  0.000 
                                             [ MATL   28 ]     27      - A - - -
    ML    86    85 3    88     3     1    12    67    87  -7.778  -0.023  -6.432                          1.625 -1.999 -1.669 -1.507 
     D    87    85 3    88     3     0     7    66    86  -6.174  -1.687  -0.566                         
    IL    88    88 3    88     3     1    11    69    89  -1.442  -0.798  -4.142                          0.000  0.000  0.000  0.000 
                                             [ MATL   29 ]     28      - A - - -
    ML    89    88 3    91     3     1    12    66    86  -7.778  -0.023  -6.432                          1.625 -1.999 -1.669 -1.507 
     D    90    88 3    91     3     0     7    65    85  -6.174  -1.687  -0.566                         
    IL    91    91 3    91     3     1    11    68    88  -1.442  -0.798  -4.142                          0.000  0.000  0.000  0.000 
                                             [ MATL   30 ]     29      - A - - -
    ML    92    91 3    94     3     1    11    65    85  -7.778  -0.023  -6.432                          1.625 -1.999 -1.669 -1.507 
     D    93    91 3    94     3     0     6    64    84  -6.174  -1.687  -0.566                         
    IL    94    94 3    94     3     1    10    67    87  -1.442  -0.798  -4.142                          0.000  0.000  0.000  0.000 
                                             [ MATL   31 ]     30      - G - - -
    ML    95    94 3    97     3     1    10    64    84  -7.778  -0.023  -6.432                         -1.182 -2.335  1.612 -1.720 
     D    96    94 3    97     3     0     5    63    83  -6.174  -1.687  -0.566                         
    IL    97    97 3    97     3     1     9    66    86  -1.442  -0.798  -4.142                          0.000  0.000  0.000  0.000 
                                             [ MATL   32 ]     31      - U - - -
    ML    98    97 3   100     3     1    10    63    83  -7.778  -0.023  -6.432                         -1.150 -1.207 -1.863  1.507 
     D    99    97 3   100     3     0     5    62    82  -6.174  -1.687  -0.566                         
    IL   100   100 3   100     3     1     9    65    85  -1.442  -0.798  -4.142                          0.000  0.000  0.000  0.000 
                                             [ MATL   33 ]     32      - U - - -
    ML   101   100 3   103     3     1     9    62    82  -7.778  -0.070  -4.546                         -1.150 -1.207 -1.863  1.507 
     D   102   100 3   103     3     0     4    61    81  -6.174  -1.687  -0.566                         
    IL   103   103 3   103     3     1     8    64    84  -1.442  -0.798  -4.142                          0.000  0.000  0.000  0.000 
                                             [ MATL   34 ]     33      - a - - -
    ML   104   103 3   106     3     1     9    61    81  -7.732  -0.024  -6.386                          0.679 -1.201  0.388 -0.608 
     D   105   103 3   106     3     0     4    60    79  -6.500  -1.152  -0.892                         
    IL   106   106 3   106     3     1     8    63    83  -1.442  -0.798  -4.142                          0.000  0.000  0.000  0.000 
                                             [ MATL   35 ]     34      - u - - -
    ML   107   106 3   109     5     1     9    60    80  -6.932  -0.044  -6.747  -6.960  -7.851          0.463 -0.554 -0.924  0.499 
     D   108   106 3   109     5     0     3    59    78  -4.959  -0.803  -4.221  -2.596  -2.508         
    IL   109   109 3   109     5     1     6    60    80  -2.408  -0.496  -4.087  -5.920  -5.193          0.000  0.000  0.000  0.000 
                                             [ MATP   36 ]     35     78 a u - -
    MP   110   109 3   114     6     2    10    59    79  -9.034  -8.973  -0.022  -7.749  -8.029  -8.424 -3.116 -1.160 -3.194  2.860 -3.488 -4.264  0.594 -3.410 -3.187  1.684 -3.715 -0.078  0.313 -3.480 -1.257 -2.156 
    ML   111   109 3   114     6     1     5    57    77  -6.250  -6.596  -1.310  -1.005  -6.446  -3.975  0.368 -0.385 -0.191  0.094 
    MR   112   109 3   114     6     1     4    57    77  -6.988  -5.717  -1.625  -5.695  -0.829  -3.908  0.368 -0.385 -0.191  0.094 
     D   113   109 3   114     6     0     1    55    75  -9.049  -7.747  -3.544  -4.226  -4.244  -0.319 
    IL   114   114 5   114     6     1     6    59    78  -2.579  -2.842  -0.760  -4.497  -5.274  -4.934  0.000  0.000  0.000  0.000 
    IR   115   115 6   115     5     1     6    58    78  -2.408  -0.496  -5.920  -4.087  -5.193          0.000  0.000  0.000  0.000 
                                             [ MATP   37 ]     36     77 a u - -
    MP   116   115 6   120     6     2    10    57    77  -9.034  -8.973  -0.022  -7.749  -8.029  -8.424 -1.572 -2.459 -3.017  2.842 -3.122 -3.993  0.836 -3.232 -3.060  1.481 -3.586 -0.286  0.537 -3.252 -0.979 -2.054 
    ML   117   115 6   120     6     1     4    55    75  -6.250  -6.596  -1.310  -1.005  -6.446  -3.975  0.368 -0.385 -0.191  0.094 
    MR   118   115 6   120     6     1     4    55    75  -6.988  -5.717  -1.625  -5.695  -0.829  -3.908  0.368 -0.385 -0.191  0.094 
     D   119   115 6   120     6     0     1    53    73  -9.049  -7.747  -3.544  -4.226  -4.244  -0.319 
    IL   120   120 5   120     6     1     5    57    76  -2.579  -2.842  -0.760  -4.497  -5.274  -4.934  0.000  0.000  0.000  0.000 
    IR   121   121 6   121     5     1     6    56    76  -2.408  -0.496  -5.920  -4.087  -5.193          0.000  0.000  0.000  0.000 
                                             [ MATP   38 ]     37     76 A U - -
    MP   122   121 6   126     6     2     9    55    75  -9.034  -8.973  -0.022  -7.749  -8.029  -8.424 -3.500 -2.611 -3.537  3.102 -3.734 -4.774  0.549 -3.596 -3.444  1.395 -3.977 -0.139  0.129 -4.009 -1.394 -2.391 
    ML   123   121 6   126     6     1     4    53    73  -6.250  -6.596  -1.310  -1.005  -6.446  -3.975  0.368 -0.385 -0.191  0.094 
    MR   124   121 6   126     6     1     4    53    73  -6.988  -5.717  -1.625  -5.695  -0.829  -3.908  0.368 -0.385 -0.191  0.094 
     D   125   121 6   126     6     0     1    51    71  -9.049  -7.747  -3.544  -4.226  -4.244  -0.319 
    IL   126   126 5   126     6     1     5    55    74  -2.579  -2.842  -0.760  -4.497  -5.274  -4.934  0.000  0.000  0.000  0.000 
    IR   127   127 6   127     5     1     5    54    74  -2.408  -0.496  -5.920  -4.087  -5.193          0.000  0.000  0.000  0.000 
                                             [ MATP   39 ]     38     75 G C - -
    MP   128   127 6   132     6     2     9    53    73  -9.034  -8.973  -0.022  -7.749  -8.029  -8.424 -3.688 -1.526 -3.719  0.894 -4.195 -4.210  0.211 -4.100 -3.687  3.274 -4.080  0.028 -0.073 -3.636 -1.730 -2.682 
    ML   129   127 6   132     6     1     4    51    71  -6.250  -6.596  -1.310  -1.005  -6.446  -3.975  0.368 -0.385 -0.191  0.094 
    MR   130   127 6   132     6     1     4    51    71  -6.988  -5.717  -1.625  -5.695  -0.829  -3.908  0.368 -0.385 -0.191  0.094 
     D   131   127 6   132     6     0     1    49    69  -9.049  -7.747  -3.544  -4.226  -4.244  -0.319 
    IL   132   132 5   132     6     1     5    53    72  -2.579  -2.842  -0.760  -4.497  -5.274  -4.934  0.000  0.000  0.000  0.000 
    IR   133   133 6   133     5     1     5    52    72  -2.408  -0.496  -5.920  -4.087  -5.193          0.000  0.000  0.000  0.000 
                                             [ MATP   40 ]     39     74 U A - -
    MP   134   133 6   138     6     2     8    51    71  -4.931  -8.973  -0.068  -7.749  -8.029  -8.424 -3.383 -3.250 -3.409  0.317 -2.758 -4.144  1.481 -3.317 -3.424  0.633 -3.900 -1.261  3.010 -3.605 -0.491 -1.362 
    ML   135   133 6   138     6     1     3    49    69  -6.250  -6.596  -1.310  -1.005  -6.446  -3.975  0.368 -0.385 -0.191  0.094 
    MR   136   133 6   138     6     1     3    49    69  -6.988  -5.717  -1.625  -5.695  -0.829  -3.908  0.368 -0.385 -0.191  0.094 
     D   137   133 6   138     6     0     0    47    67  -9.049  -7.747  -3.544  -4.226  -4.244  -0.319 
    IL   138   138 5   138     6     1     5    50    70  -2.944  -3.207  -0.552  -4.862  -5.639  -5.299  0.000  0.000  0.000  0.000 
    IR   139   139 6   139     5     1     4    50    70  -2.408  -0.496  -5.920  -4.087  -5.193          0.000  0.000  0.000  0.000 
                                             [ MATP   41 ]     41     73 A U - -
    MP   140   139 6   144     6     2     6    49    69  -9.034  -8.973  -0.022  -7.749  -8.029  -8.424 -3.500 -2.611 -3.537  3.102 -3.734 -4.774  0.549 -3.596 -3.444  1.395 -3.977 -0.139  0.129 -4.009 -1.394 -2.391 
    ML   141   139 6   144     6     1     3    48    68  -6.250  -6.596  -1.310  -1.005  -6.446  -3.975  0.368 -0.385 -0.191  0.094 
    MR   142   139 6   144     6     1     2    48    68  -6.988  -5.717  -1.625  -5.695  -0.829  -3.908  0.368 -0.385 -0.191  0.094 
     D   143   139 6   144     6     0     0    46    66  -9.049  -7.747  -3.544  -4.226  -4.244  -0.319 
    IL   144   144 5   144     6     1     4    49    68  -2.579  -2.842  -0.760  -4.497  -5.274  -4.934  0.000  0.000  0.000  0.000 
    IR   145   145 6   145     5     1     4    48    68  -2.408  -0.496  -5.920  -4.087  -5.193          0.000  0.000  0.000  0.000 
                                             [ MATP   42 ]     42     72 a u - -
    MP   146   145 6   150     4     2     5    47    67  -6.746  -6.953  -0.061  -5.367                 -3.098 -2.631 -1.757  2.980 -3.241 -4.123  0.743 -3.353 -3.229  1.362 -3.748 -0.462  0.423 -3.391 -1.084 -2.197 
    ML   147   145 6   150     4     1     2    47    67  -3.758  -3.940  -0.507  -2.670                  0.368 -0.385 -0.191  0.094 
    MR   148   145 6   150     4     1     1    47    67  -4.809  -3.838  -1.706  -0.766                  0.368 -0.385 -0.191  0.094 
     D   149   145 6   150     4     0     0    45    65  -4.568  -4.250  -2.265  -0.520                 
    IL   150   150 5   150     4     1     3    48    68  -1.686  -2.369  -1.117  -4.855                  0.000  0.000  0.000  0.000 
    IR   151   151 6   151     3     1     3    47    67  -1.442  -0.798  -4.142                          0.000  0.000  0.000  0.000 
                                             [ MATL   43 ]     43      - A - - -
    ML   152   151 6   154     3     1     3    44    64  -7.778  -0.023  -6.432                          1.247 -0.993 -1.132 -0.583 
     D   153   151 6   154     3     0     0    43    63  -6.174  -1.687  -0.566                         
    IL   154   154 3   154     3     1     3    46    66  -1.442  -0.798  -4.142                          0.000  0.000  0.000  0.000 
                                             [ MATL   44 ]     44      - A - - -
    ML   155   154 3   157     3     1     3    43    63  -8.181  -0.021  -6.499                          1.224 -0.825 -1.122 -0.646 
     D   156   154 3   157     3     0     0    42    62  -5.620  -0.734  -1.403                         
    IL   157   157 3   157     3     1     2    44    64  -1.925  -0.554  -4.164                          0.000  0.000  0.000  0.000 
                                             [ MATR   45 ]      -     71 - U - -
    MR   158   157 3   160     3     1     2    42    62  -8.181  -0.060  -4.733                         -0.607 -0.845 -1.052  1.205 
     D   159   157 3   160     3     0     0    41    60  -6.390  -1.568  -0.620                         
    IR   160   160 3   160     3     1     2    43    63  -1.925  -0.554  -4.164                          0.000  0.000  0.000  0.000 
                                             [ MATR   46 ]      -     70 - U - -
    MR   161   160 3   163     5     1     2    41    61  -6.896  -0.062  -5.564  -6.924  -7.815         -0.490 -0.783 -0.829  1.100 
     D   162   160 3   163     5     0     0    40    60  -5.502  -0.724  -2.643  -4.560  -2.554         
    IR   163   163 3   163     5     1     1    42    61  -2.408  -0.496  -5.920  -4.087  -5.193          0.000  0.000  0.000  0.000 
                                             [ MATP   47 ]     45     69 C G - -
    MP   164   163 3   168     4     2     2    40    60  -6.642  -7.887  -0.211  -3.037                 -4.107 -3.968 -3.868 -0.247 -2.692 -4.336  3.386 -3.456 -3.906  0.070 -4.211 -1.911  0.861 -4.203 -0.392 -2.762 
    ML   165   163 3   168     4     1     1    40    59  -2.752  -4.876  -0.906  -1.817                  0.166  0.087 -0.506  0.153 
    MR   166   163 3   168     4     1     1    39    59  -4.102 -12.528  -0.390  -2.485                  0.368 -0.385 -0.191  0.094 
     D   167   163 3   168     4     0     0    38    57 -12.737 -14.007  -2.036  -0.404                 
    IL   168   168 5   168     4     1     1    40    59  -2.817  -4.319  -0.613  -2.698                  0.000  0.000  0.000  0.000 
    IR   169   169 6   169     3     1     1    40    60  -1.925  -0.554  -4.164                          0.000  0.000  0.000  0.000 
                                             [ MATR   48 ]      -     68 - G - -
    MR   170   169 6   172     5     1     1    38    58  -6.841  -0.047  -6.656  -6.868  -7.760         -0.959 -2.069  1.527 -1.453 
     D   171   169 6   172     5     0     0    37    57  -5.701  -0.523  -3.328  -4.759  -2.753         
    IR   172   172 3   172     5     1     1    39    58  -2.408  -0.496  -5.920  -4.087  -5.193          0.000  0.000  0.000  0.000 
                                             [ MATP   49 ]     46     67 C G - -
    MP   173   172 3   177     6     2     2    37    57  -9.034  -8.973  -0.022  -7.749  -8.029  -8.424 -4.180 -4.049 -3.930 -0.319 -2.735 -4.389  3.418 -3.507 -3.969 -0.018 -4.267 -1.993  0.813 -4.272 -0.435 -2.823 
    ML   174   172 3   177     6     1     1    36    56  -6.250  -6.596  -1.310  -1.005  -6.446  -3.975  0.368 -0.385 -0.191  0.094 
    MR   175   172 3   177     6     1     1    36    55  -6.988  -5.717  -1.625  -5.695  -0.829  -3.908  0.368 -0.385 -0.191  0.094 
     D   176   172 3   177     6     0     0    34    53  -9.049  -7.747  -3.544  -4.226  -4.244  -0.319 
    IL   177   177 5   177     6     1     1    37    57  -2.579  -2.842  -0.760  -4.497  -5.274  -4.934  0.000  0.000  0.000  0.000 
    IR   178   178 6   178     5     1     1    37    56  -2.408  -0.496  -5.920  -4.087  -5.193          0.000  0.000  0.000  0.000 
                                             [ MATP   50 ]     47     66 C G - -
    MP   179   178 6   183     6     2     2    35    55  -9.034  -8.973  -0.022  -7.749  -8.029  -8.424 -4.180 -4.049 -3.930 -0.319 -2.735 -4.389  3.418 -3.507 -3.969 -0.018 -4.267 -1.993  0.813 -4.272 -0.435 -2.823 
    ML   180   178 6   183     6     1     1    35    54  -6.250  -6.596  -1.310  -1.005  -6.446  -3.975  0.368 -0.385 -0.191  0.094 
    MR   181   178 6   183     6     1     1    34    54  -6.988  -5.717  -1.625  -5.695  -0.829  -3.908  0.368 -0.385 -0.191  0.094 
     D   182   178 6   183     6     0     0    33    52  -9.049  -7.747  -3.544  -4.226  -4.244  -0.319 
    IL   183   183 5   183     6     1     1    35    55  -2.579  -2.842  -0.760  -4.497  -5.274  -4.934  0.000  0.000  0.000  0.000 
    IR   184   184 6   184     5     1     1    35    54  -2.408  -0.496  -5.920  -4.087  -5.193          0.000  0.000  0.000  0.000 
                                             [ MATP   51 ]     48     65 C G - -
    MP   185   184 6   189     4     2     2    33    53  -6.746  -6.953  -0.257  -2.780                 -4.180 -4.049 -3.930 -0.319 -2.735 -4.389  3.418 -3.507 -3.969 -0.018 -4.267 -1.993  0.813 -4.272 -0.435 -2.823 
    ML   186   184 6   189     4     1     1    34    53  -3.758  -3.940  -0.507  -2.670                  0.368 -0.385 -0.191  0.094 
    MR   187   184 6   189     4     1     1    33    53  -4.809  -3.838  -1.706  -0.766                  0.368 -0.385 -0.191  0.094 
     D   188   184 6   189     4     0     0    32    52  -4.568  -4.250  -2.265  -0.520                 
    IL   189   189 5   189     4     1     1    35    55  -1.686  -2.369  -1.117  -4.855                  0.000  0.000  0.000  0.000 
    IR   190   190 6   190     3     1     1    34    54  -1.442  -0.798  -4.142                          0.000  0.000  0.000  0.000 
                                             [ MATL   52 ]     49      - c - - -
    ML   191   190 6   193     5     1     1    31    50  -6.787  -0.048  -6.602  -6.815  -7.706         -0.621  0.966 -1.392  0.022 
     D   192   190 6   193     5     0     0    30    49  -5.554  -0.480  -4.815  -3.190  -3.103         
    IL   193   193 3   193     5     1     1    31    51  -2.408  -0.496  -4.087  -5.920  -5.193          0.000  0.000  0.000  0.000 
                                             [ MATP   53 ]     50     64 G C - -
    MP   194   193 3   198     4     2     2    30    49  -6.746  -6.953  -0.061  -5.367                 -4.381 -2.924 -4.454  0.434 -4.724 -4.547 -0.176 -4.665 -4.082  3.538 -4.447 -0.612 -0.573 -4.229 -2.196 -3.337 
    ML   195   193 3   198     4     1     1    30    50  -3.758  -3.940  -0.507  -2.670                  0.368 -0.385 -0.191  0.094 
    MR   196   193 3   198     4     1     1    30    49  -4.809  -3.838  -1.706  -0.766                  0.368 -0.385 -0.191  0.094 
     D   197   193 3   198     4     0     0    29    48  -4.568  -4.250  -2.265  -0.520                 
    IL   198   198 5   198     4     1     1    32    51  -1.686  -2.369  -1.117  -4.855                  0.000  0.000  0.000  0.000 
    IR   199   199 6   199     3     1     1    31    50  -1.442  -0.798  -4.142                          0.000  0.000  0.000  0.000 
                                             [ MATL   54 ]     51      - U - - -
    ML   200   199 6   202     3     1     1    27    46  -7.778  -0.023  -6.432                         -1.150 -1.207 -1.863  1.507 
     D   201   199 6   202     3     0     0    26    45  -6.174  -1.687  -0.566                         
    IL   202   202 3   202     3     1     1    30    49  -1.442  -0.798  -4.142                          0.000  0.000  0.000  0.000 
                                             [ MATL   55 ]     52      - U - - -
    ML   203   202 3   205     3     1     1    26    45  -8.181  -0.021  -6.499                         -1.150 -1.207 -1.863  1.507 
     D   204   202 3   205     3     0     0    25    44  -5.620  -0.734  -1.403                         
    IL   205   205 3   205     3     1     1    27    46  -1.925  -0.554  -4.164                          0.000  0.000  0.000  0.000 
                                             [ MATR   56 ]      -     63 - U - -
    MR   206   205 3   208     3     1     1    25    44  -8.181  -0.021  -6.499                         -1.150 -1.207 -1.863  1.507 
     D   207   205 3   208     3     0     0    24    43  -6.390  -1.568  -0.620                         
    IR   208   208 3   208     3     1     1    26    45  -1.925  -0.554  -4.164                          0.000  0.000  0.000  0.000 
                                             [ MATR   57 ]      -     62 - U - -
    MR   209   208 3   211     5     1     1    24    43  -6.932  -0.044  -6.747  -6.960  -7.851         -1.150 -1.207 -1.863  1.507 
     D   210   208 3   211     5     0     0    23    42  -5.352  -0.707  -2.978  -4.409  -2.404         
    IR   211   211 3   211     5     1     1    25    44  -2.408  -0.496  -5.920  -4.087  -5.193          0.000  0.000  0.000  0.000 
                                             [ MATP   58 ]     53     61 C G - -
    MP   212   211 3   216     4     2     2    23    42  -6.746  -6.953  -0.061  -5.367                 -4.180 -4.049 -3.930 -0.319 -2.735 -4.389  3.418 -3.507 -3.969 -0.018 -4.267 -1.993  0.813 -4.272 -0.435 -2.823 
    ML   213   211 3   216     4     1     1    24    43  -3.758  -3.940  -0.507  -2.670                  0.368 -0.385 -0.191  0.094 
    MR   214   211 3   216     4     1     1    23    42  -4.809  -3.838  -1.706  -0.766                  0.368 -0.385 -0.191  0.094 
     D   215   211 3   216     4     0     0    22    41  -4.568  -4.250  -2.265  -0.520                 
    IL   216   216 5   216     4     1     1    25    44  -1.686  -2.369  -1.117  -4.855                  0.000  0.000  0.000  0.000 
    IR   217   217 6   217     3     1     1    24    43  -1.442  -0.798  -4.142                          0.000  0.000  0.000  0.000 
                                             [ MATL   59 ]     54      - C - - -
    ML   218   217 6   220     3     1     1    20    39  -7.778  -0.023  -6.432                         -1.299  1.480 -2.104 -0.805 
     D   219   217 6   220     3     0     0    19    38  -6.174  -1.687  -0.566                         
    IL   220   220 3   220     3     1     1    23    42  -1.442  -0.798  -4.142                          0.000  0.000  0.000  0.000 
                                             [ MATL   60 ]     55      - U - - -
    ML   221   220 3   223     3     1     1    19    38  -7.778  -0.023  -6.432                         -1.150 -1.207 -1.863  1.507 
     D   222   220 3   223     3     0     0    18    37  -6.174  -1.687  -0.566                         
    IL   223   223 3   223     3     1     1    22    41  -1.442  -0.798  -4.142                          0.000  0.000  0.000  0.000 
                                             [ MATL   61 ]     56      - U - - -
    ML   224   223 3   226     3     1     1    18    36  -7.778  -0.023  -6.432                         -1.150 -1.207 -1.863  1.507 
     D   225   223 3   226     3     0     0    17    36  -6.174  -1.687  -0.566                         
    IL   226   226 3   226     3     1     1    21    40  -1.442  -0.798  -4.142                          0.000  0.000  0.000  0.000 
                                             [ MATL   62 ]     57      - A - - -
    ML   227   226 3   229     3     1     1    16    35  -7.778  -0.023  -6.432                          1.625 -1.999 -1.669 -1.507 
     D   228   226 3   229     3     0     0    16    34  -6.174  -1.687  -0.566                         
    IL   229   229 3   229     3     1     1    20    38  -1.442  -0.798  -4.142                          0.000  0.000  0.000  0.000 
                                             [ MATL   63 ]     58      - C - - -
    ML   230   229 3   232     3     1     1    15    33  -7.778  -0.023  -6.432                         -1.299  1.480 -2.104 -0.805 
     D   231   229 3   232     3     0     0    15    33  -6.174  -1.687  -0.566                         
    IL   232   232 3   232     3     1     1    19    37  -1.442  -0.798  -4.142                          0.000  0.000  0.000  0.000 
                                             [ MATL   64 ]     59      - C - - -
    ML   233   232 3   235     3     1     1    13    32  -7.778  -0.023  -6.432                         -1.299  1.480 -2.104 -0.805 
     D   234   232 3   235     3     0     0    13    32  -6.174  -1.687  -0.566                         
    IL   235   235 3   235     3     1     1    18    36  -1.442  -0.798  -4.142                          0.000  0.000  0.000  0.000 
                                             [ MATL   65 ]     60      - A - - -
    ML   236   235 3   238     2     1     1     1     1       *   0.000                                  1.481 -1.475 -1.390 -1.096 
     D   237   235 3   238     2     0     0     0     0       *   0.000                                 
    IL   238   238 3   238     2     1     1    13    28  -1.823  -0.479                                  0.000  0.000  0.000  0.000 
                                             [ END    66 ]      -      - - - - -
     E   239   238 3    -1     0     0     0     0     0                                                 
//
HMMER3/f [3.1b3 | July 2016]
NAME  at_nt_shob_ohsc_sr_round5_extend_0001
LENG  77
MAXL  167
ALPH  RNA
RF    no
MM    no
CONS  yes
CS    yes
MAP   yes
DATE  Mon Jan 27 20:32:58 2020
COM   [1] cmbuild /home/co78wid/projects/master/results/ta_systems/shob_ohsc/shob_ohsc_sr/extend_analysis_2_3_4/2_structure_analysis/infernal_search/at_nt_shob_ohsc_sr_cmbuild.txt /home/co78wid/projects/master/results/ta_systems/shob_ohsc/shob_ohsc_sr/1_sequence_analysis/fold/at_nt_shob_ohsc_sr_round5_extend.stk
NSEQ  29
EFFN  1.964722
CKSUM 212398383
STATS LOCAL MSV       -8.5266  0.71888
STATS LOCAL VITERBI   -9.5397  0.71888
STATS LOCAL FORWARD   -3.3386  0.71888
HMM          A        C        G        U   
            m->m     m->i     m->d     i->m     i->i     d->m     d->d
  COMPO   1.35042  1.53710  1.43011  1.24973
          1.38629  1.38629  1.38629  1.38629
          0.04414  3.83558  3.83558  1.46634  0.26236  0.00000        *
      1   2.50180  3.35067  0.18708  2.92572      1 G - - :
          1.38629  1.38629  1.38629  1.38629
          0.04414  3.83558  3.83558  1.46634  0.26236  1.09861  0.40547
      2   2.43337  2.42782  2.94278  0.25966      2 U - - :
          1.38629  1.38629  1.38629  1.38629
          0.04414  3.83558  3.83558  1.46634  0.26236  1.09861  0.40547
      3   2.43337  2.42782  2.94278  0.25966      3 U - - :
          1.38629  1.38629  1.38629  1.38629
          0.04414  3.83558  3.83558  1.46634  0.26236  1.09861  0.40547
      4   2.50180  3.35067  0.18708  2.92572      4 G - - :
          1.38629  1.38629  1.38629  1.38629
          0.04414  3.83558  3.83558  1.46634  0.26236  1.09861  0.40547
      5   0.62254  2.38325  1.44636  1.99698      5 A - - :
          1.38629  1.38629  1.38629  1.38629
          0.04414  3.83558  3.83558  1.46634  0.26236  1.09861  0.40547
      6   1.25549  2.49399  0.67749  2.08268      6 G - - :
          1.38629  1.38629  1.38629  1.38629
          0.04414  3.83558  3.83558  1.46634  0.26236  1.09861  0.40547
      7   1.25549  2.49399  0.67749  2.08268      7 G - - :
          1.38629  1.38629  1.38629  1.38629
          0.04414  3.83558  3.83558  1.46634  0.26236  1.09861  0.40547
      8   1.73816  2.23792  0.74580  1.41420      8 g - - :
          1.38629  1.38629  1.38629  1.38629
          0.04414  3.83558  3.83558  1.46634  0.26236  1.09861  0.40547
      9   1.92916  1.42499  2.45148  0.63856      9 U - - :
          1.38629  1.38629  1.38629  1.38629
          0.04414  3.83558  3.83558  1.46634  0.26236  1.09861  0.40547
     10   2.20877  2.90463  0.25575  2.79592     10 G - - <
          1.38629  1.38629  1.38629  1.38629
          0.04414  3.83558  3.83558  1.46634  0.26236  1.09861  0.40547
     11   2.55714  0.66938  2.31330  1.16631     11 C - - <
          1.38629  1.38629  1.38629  1.38629
          0.04414  3.83558  3.83558  1.46634  0.26236  1.09861  0.40547
     12   1.19432  2.49657  0.65689  2.34065     12 G - - <
          1.38629  1.38629  1.38629  1.38629
          0.04414  3.83558  3.83558  1.46634  0.26236  1.09861  0.40547
     13   2.43337  2.42782  2.94278  0.25966     13 U - - _
          1.38629  1.38629  1.38629  1.38629
          0.04414  3.83558  3.83558  1.46634  0.26236  1.09861  0.40547
     14   2.50180  3.35067  0.18708  2.92572     14 G - - _
          1.38629  1.38629  1.38629  1.38629
          0.04414  3.83558  3.83558  1.46634  0.26236  1.09861  0.40547
     15   2.42914  0.33072  3.00107  1.93972     15 C - - _
          1.38629  1.38629  1.38629  1.38629
          0.04414  3.83558  3.83558  1.46634  0.26236  1.09861  0.40547
     16   2.55672  1.47275  2.29864  0.52298     16 U - - >
          1.38629  1.38629  1.38629  1.38629
          0.04414  3.83558  3.83558  1.46634  0.26236  1.09861  0.40547
     17   1.84209  2.47255  0.41775  2.31652     17 G - - >
          1.38629  1.38629  1.38629  1.38629
          0.04414  3.83558  3.83558  1.46634  0.26236  1.09861  0.40547
     18   2.99520  0.29164  2.71668  1.98891     18 C - - >
          1.38629  1.38629  1.38629  1.38629
          0.04414  3.83558  3.83558  1.46634  0.26236  1.09861  0.40547
     19   0.19079  3.04895  2.79194  2.73362     19 A - - -
          1.38629  1.38629  1.38629  1.38629
          0.04414  3.83558  3.83558  1.46634  0.26236  1.09861  0.40547
     20   2.61589  0.25443  3.18762  2.20485     20 C - - -
          1.38629  1.38629  1.38629  1.38629
          0.04414  3.83558  3.83558  1.46634  0.26236  1.09861  0.40547
     21   0.34058  2.55503  2.46392  2.07266     21 A - - -
          1.38629  1.38629  1.38629  1.38629
          0.04414  3.83558  3.83558  1.46634  0.26236  1.09861  0.40547
     22   0.19079  3.04895  2.79194  2.73362     22 A - - -
          1.38629  1.38629  1.38629  1.38629
          0.04414  3.83558  3.83558  1.46634  0.26236  1.09861  0.40547
     23   0.19079  3.04895  2.79194  2.73362     23 A - - -
          1.38629  1.38629  1.38629  1.38629
          0.04414  3.83558  3.83558  1.46634  0.26236  1.09861  0.40547
     24   0.19079  3.04895  2.79194  2.73362     24 A - - -
          1.38629  1.38629  1.38629  1.38629
          0.04414  3.83558  3.83558  1.46634  0.26236  1.09861  0.40547
     25   2.43337  2.42782  2.94278  0.25966     25 U - - -
          1.38629  1.38629  1.38629  1.38629
          0.04414  3.83558  3.83558  1.46634  0.26236  1.09861  0.40547
     26   2.43337  2.42782  2.94278  0.25966     26 U - - -
          1.38629  1.38629  1.38629  1.38629
          0.04414  3.83558  3.83558  1.46634  0.26236  1.09861  0.40547
     27   0.19079  3.04895  2.79194  2.73362     27 A - - -
          1.38629  1.38629  1.38629  1.38629
          0.04414  3.83558  3.83558  1.46634  0.26236  1.09861  0.40547
     28   0.19079  3.04895  2.79194  2.73362     28 A - - -
          1.38629  1.38629  1.38629  1.38629
          0.04414  3.83558  3.83558  1.46634  0.26236  1.09861  0.40547
     29   0.19079  3.04895  2.79194  2.73362     29 A - - -
          1.38629  1.38629  1.38629  1.38629
          0.04414  3.83558  3.83558  1.46634  0.26236  1.09861  0.40547
     30   2.50180  3.35067  0.18708  2.92572     30 G - - -
          1.38629  1.38629  1.38629  1.38629
          0.04414  3.83558  3.83558  1.46634  0.26236  1.09861  0.40547
     31   2.43337  2.42782  2.94278  0.25966     31 U - - -
          1.38629  1.38629  1.38629  1.38629
          0.04414  3.83558  3.83558  1.46634  0.26236  1.09861  0.40547
     32   2.43337  2.42782  2.94278  0.25966     32 U - - -
          1.38629  1.38629  1.38629  1.38629
          0.08378  3.83558  2.83404  1.46634  0.26236  1.09861  0.40547
     33   0.88582  2.32745  1.06887  1.91947     33 a - - -
          1.38629  1.38629  1.38629  1.38629
          0.04588  3.79768  3.79768  1.46634  0.26236  0.55079  0.85918
     34   1.04508  1.80237  2.08686  1.02346     34 u - - -
          1.38629  1.38629  1.38629  1.38629
          0.04414  3.83558  3.83558  1.46634  0.26236  1.09861  0.40547
     35   0.55027  2.43456  1.45160  2.28895     35 A - - <
          1.38629  1.38629  1.38629  1.38629
          0.04414  3.83558  3.83558  1.46634  0.26236  1.09861  0.40547
     36   0.55391  2.25838  1.59742  2.13400     36 A - - <
          1.38629  1.38629  1.38629  1.38629
          0.04414  3.83558  3.83558  1.46634  0.26236  1.09861  0.40547
     37   0.42932  2.54829  1.67235  2.48856     37 A - - <
          1.38629  1.38629  1.38629  1.38629
          0.04414  3.83558  3.83558  1.46634  0.26236  1.09861  0.40547
     38   1.96010  2.65267  0.34494  2.52034     38 G - - <
          1.38629  1.38629  1.38629  1.38629
          0.04414  3.83558  3.83558  1.46634  0.26236  1.09861  0.40547
     39   2.55126  1.84013  2.28013  0.41408     39 U - - <
          1.38629  1.38629  1.38629  1.38629
          0.15073  2.13425  3.83558  0.33189  1.26430  1.09861  0.40547
     40   0.43022  2.54571  1.67205  2.48463     41 A - - <
          1.38629  1.38629  1.38629  1.38629
          0.04414  3.83558  3.83558  1.46634  0.26236  1.09861  0.40547
     41   0.44889  2.40241  1.77129  2.29213     42 A - - <
          1.38629  1.38629  1.38629  1.38629
          0.04414  3.83558  3.83558  1.46634  0.26236  1.09861  0.40547
     42   0.46145  2.14038  2.28865  1.89302     43 A - - -
          1.38629  1.38629  1.38629  1.38629
          0.04414  3.83558  3.83558  1.46634  0.26236  1.09861  0.40547
     43   0.47176  2.00759  2.28750  1.96424     44 A - - -
          1.38629  1.38629  1.38629  1.38629
          0.04414  3.83558  3.83558  1.46634  0.26236  1.09861  0.40547
     44   2.87150  0.32265  2.66304  1.90099     45 C - - <
          1.38629  1.38629  1.38629  1.38629
          0.04414  3.83558  3.83558  1.46634  0.26236  1.09861  0.40547
     45   2.94546  0.30036  2.72859  1.95504     46 C - - <
          1.38629  1.38629  1.38629  1.38629
          0.04414  3.83558  3.83558  1.46634  0.26236  1.09861  0.40547
     46   2.97197  0.29659  2.74065  1.95955     47 C - - <
          1.38629  1.38629  1.38629  1.38629
          0.04414  3.83558  3.83558  1.46634  0.26236  1.09861  0.40547
     47   2.98532  0.29473  2.74666  1.96179     48 C - - <
          1.38629  1.38629  1.38629  1.38629
          0.19351  3.83558  1.86855  1.46634  0.26236  1.09861  0.40547
     48   1.96071  0.61652  2.51162  1.43430     49 C - - -
          1.38629  1.38629  1.38629  1.38629
          0.05107  3.69314  3.69314  1.46634  0.26236  0.24666  1.52054
     49   2.45300  3.03068  0.20542  2.96862     50 G - - <
          1.38629  1.38629  1.38629  1.38629
          0.04414  3.83558  3.83558  1.46634  0.26236  1.09861  0.40547
     50   2.43337  2.42782  2.94278  0.25966     51 U - - -
          1.38629  1.38629  1.38629  1.38629
          0.04414  3.83558  3.83558  1.46634  0.26236  1.09861  0.40547
     51   2.43337  2.42782  2.94278  0.25966     52 U - - -
          1.38629  1.38629  1.38629  1.38629
          0.04414  3.83558  3.83558  1.46634  0.26236  1.09861  0.40547
     52   2.99995  0.29273  2.75320  1.96421     53 C - - <
          1.38629  1.38629  1.38629  1.38629
          0.04414  3.83558  3.83558  1.46634  0.26236  1.09861  0.40547
     53   2.61589  0.25443  3.18762  2.20485     54 C - - _
          1.38629  1.38629  1.38629  1.38629
          0.04414  3.83558  3.83558  1.46634  0.26236  1.09861  0.40547
     54   2.43337  2.42782  2.94278  0.25966     55 U - - _
          1.38629  1.38629  1.38629  1.38629
          0.04414  3.83558  3.83558  1.46634  0.26236  1.09861  0.40547
     55   2.43337  2.42782  2.94278  0.25966     56 U - - _
          1.38629  1.38629  1.38629  1.38629
          0.04414  3.83558  3.83558  1.46634  0.26236  1.09861  0.40547
     56   0.19079  3.04895  2.79194  2.73362     57 A - - _
          1.38629  1.38629  1.38629  1.38629
          0.04414  3.83558  3.83558  1.46634  0.26236  1.09861  0.40547
     57   2.61589  0.25443  3.18762  2.20485     58 C - - _
          1.38629  1.38629  1.38629  1.38629
          0.04414  3.83558  3.83558  1.46634  0.26236  1.09861  0.40547
     58   2.61589  0.25443  3.18762  2.20485     59 C - - _
          1.38629  1.38629  1.38629  1.38629
          0.04414  3.83558  3.83558  1.46634  0.26236  1.09861  0.40547
     59   0.29222  2.55589  2.52311  2.34800     60 A - - _
          1.38629  1.38629  1.38629  1.38629
          0.04414  3.83558  3.83558  1.46634  0.26236  1.09861  0.40547
     60   2.24410  2.92713  0.25146  2.76838     61 G - - >
          1.38629  1.38629  1.38629  1.38629
          0.04414  3.83558  3.83558  1.46634  0.26236  1.09861  0.40547
     61   2.43337  2.42782  2.94278  0.25966     62 U - - -
          1.38629  1.38629  1.38629  1.38629
          0.04414  3.83558  3.83558  1.46634  0.26236  1.09861  0.40547
     62   2.43337  2.42782  2.94278  0.25966     63 U - - -
          1.38629  1.38629  1.38629  1.38629
          0.04414  3.83558  3.83558  1.46634  0.26236  1.09861  0.40547
     63   3.09867  0.24955  2.83220  2.14679     64 C - - >
          1.38629  1.38629  1.38629  1.38629
          0.04414  3.83558  3.83558  1.46634  0.26236  1.09861  0.40547
     64   2.23705  2.91825  0.25395  2.75719     65 G - - >
          1.38629  1.38629  1.38629  1.38629
          0.04414  3.83558  3.83558  1.46634  0.26236  1.09861  0.40547
     65   2.23673  2.91784  0.25407  2.75667     66 G - - >
          1.38629  1.38629  1.38629  1.38629
          0.04414  3.83558  3.83558  1.46634  0.26236  1.09861  0.40547
     66   2.23626  2.91726  0.25423  2.75593     67 G - - >
          1.38629  1.38629  1.38629  1.38629
          0.13724  3.83558  2.23816  1.46634  0.26236  1.09861  0.40547
     67   2.31602  3.13456  0.23423  2.70855     68 G - - -
          1.38629  1.38629  1.38629  1.38629
          0.08511  3.74667  2.84745  1.46634  0.26236  0.33992  1.24419
     68   2.19591  2.85354  0.26909  2.70266     69 G - - >
          1.38629  1.38629  1.38629  1.38629
          0.06565  3.80360  3.18813  1.46634  0.26236  0.94815  0.49013
     69   1.84358  2.03027  2.03565  0.54498     70 U - - -
          1.38629  1.38629  1.38629  1.38629
          0.04573  3.80085  3.80085  1.46634  0.26236  0.57373  0.82878
     70   1.94928  2.09133  2.22479  0.46839     71 U - - -
          1.38629  1.38629  1.38629  1.38629
          0.04414  3.83558  3.83558  1.46634  0.26236  1.09861  0.40547
     71   2.51820  1.96950  2.10307  0.41887     72 U - - >
          1.38629  1.38629  1.38629  1.38629
          0.04414  3.83558  3.83558  1.46634  0.26236  1.09861  0.40547
     72   2.71112  1.94418  2.35994  0.36240     73 U - - >
          1.38629  1.38629  1.38629  1.38629
          0.04414  3.83558  3.83558  1.46634  0.26236  1.09861  0.40547
     73   0.48617  2.45337  1.67191  2.19704     74 A - - >
          1.38629  1.38629  1.38629  1.38629
          0.04414  3.83558  3.83558  1.46634  0.26236  1.09861  0.40547
     74   2.75118  0.40237  2.46743  1.70038     75 C - - >
          1.38629  1.38629  1.38629  1.38629
          0.04414  3.83558  3.83558  1.46634  0.26236  1.09861  0.40547
     75   2.71325  1.94437  2.36067  0.36205     76 U - - >
          1.38629  1.38629  1.38629  1.38629
          0.04414  3.83558  3.83558  1.46634  0.26236  1.09861  0.40547
     76   2.19917  1.80425  2.06674  0.51432     77 U - - >
          1.38629  1.38629  1.38629  1.38629
          0.04414  3.83558  3.83558  1.46634  0.26236  1.09861  0.40547
     77   2.50114  1.56885  2.23697  0.50593     78 U - - >
          1.38629  1.38629  1.38629  1.38629
          0.02231  3.81375        *  1.46634  0.26236  0.00000        *
//
