INFERNAL1/a [1.1.2 | July 2016]
NAME     t_nt_shob_ohsc_sr_round5_extend_0001
STATES   252
NODES    66
CLEN     81
W        97
ALPH     RNA
RF       no
CONS     yes
MAP      yes
DATE     Mon Jan 27 20:54:53 2020
COM      [1] cmbuild /home/co78wid/projects/master/results/ta_systems/shob_ohsc/shob_ohsc_sr/extend_analysis_2_3_4/2_structure_analysis/infernal_search/t_nt_shob_ohsc_sr_cmbuild.txt /home/co78wid/projects/master/results/ta_systems/shob_ohsc/shob_ohsc_sr/1_sequence_analysis/fold/t_nt_shob_ohsc_sr_round5_extend.stk
COM      [2] cmcalibrate --cpu 30 /home/co78wid/projects/master/results/ta_systems/shob_ohsc/shob_ohsc_sr/extend_analysis_2_3_4/2_structure_analysis/infernal_search/t_nt_shob_ohsc_sr_cmbuild.txt
PBEGIN   0.05
PEND     0.05
WBETA    1e-07
QDBBETA1 1e-07
QDBBETA2 1e-15
N2OMEGA  1.52588e-05
N3OMEGA  1.52588e-05
ELSELF   -0.08926734
NSEQ     12
EFFN     1.168945
CKSUM    3623529731
NULL     0.000  0.000  0.000  0.000 
EFP7GF   -7.5800 0.71886
ECMLC    0.56331    -9.43441     1.44961     1600000      551947  0.002174
ECMGC    0.43656   -13.37212    -1.61809     1600000       67700  0.005908
ECMLI    0.50201    -7.96701     3.32998     1600000      348444  0.003444
ECMGI    0.41605    -9.60359     1.95199     1600000       48982  0.008166
CM
                                             [ ROOT    0 ]      -      - - - - -
     S     0    -1 0     1     4     0     1    97   117  -6.545  -7.791  -0.102  -4.244                 
    IL     1     1 2     1     4     3    34    99   119  -2.817  -4.319  -0.613  -2.698                  0.000  0.000  0.000  0.000 
    IR     2     2 3     2     3     4    35    99   119  -1.925  -0.554  -4.164                          0.000  0.000  0.000  0.000 
                                             [ MATR    1 ]      -     81 - A - -
    MR     3     2 3     5     3     4    34    97   117  -8.055  -0.023  -6.373                          1.536 -1.736 -1.432 -1.223 
     D     4     2 3     5     3     1    30    96   116  -6.390  -1.568  -0.620                         
    IR     5     5 3     5     3     3    34    98   118  -1.925  -0.554  -4.164                          0.000  0.000  0.000  0.000 
                                             [ MATR    2 ]      -     80 - A - -
    MR     6     5 3     8     3     4    33    96   116  -8.055  -0.023  -6.373                          1.536 -1.736 -1.432 -1.223 
     D     7     5 3     8     3     1    29    95   115  -6.390  -1.568  -0.620                         
    IR     8     8 3     8     3     3    33    97   117  -1.925  -0.554  -4.164                          0.000  0.000  0.000  0.000 
                                             [ MATR    3 ]      -     79 - U - -
    MR     9     8 3    11     3     4    32    95   115  -8.055  -0.023  -6.373                         -0.918 -1.021 -1.614  1.407 
     D    10     8 3    11     3     0    28    94   114  -6.390  -1.568  -0.620                         
    IR    11    11 3    11     3     3    32    96   116  -1.925  -0.554  -4.164                          0.000  0.000  0.000  0.000 
                                             [ MATR    4 ]      -     78 - A - -
    MR    12    11 3    14     3     3    32    94   114  -8.055  -0.023  -6.373                          1.298 -1.367 -0.757 -0.832 
     D    13    11 3    14     3     0    27    93   113  -6.390  -1.568  -0.620                         
    IR    14    14 3    14     3     2    31    95   115  -1.925  -0.554  -4.164                          0.000  0.000  0.000  0.000 
                                             [ MATR    5 ]      -     77 - U - -
    MR    15    14 3    17     3     3    31    93   113  -8.055  -0.023  -6.373                         -0.918 -1.021 -1.614  1.407 
     D    16    14 3    17     3     0    26    92   112  -6.390  -1.568  -0.620                         
    IR    17    17 3    17     3     2    30    94   114  -1.925  -0.554  -4.164                          0.000  0.000  0.000  0.000 
                                             [ MATR    6 ]      -     76 - U - -
    MR    18    17 3    20     3     3    30    92   112  -8.055  -0.023  -6.373                         -0.918 -1.021 -1.614  1.407 
     D    19    17 3    20     3     0    25    91   111  -6.390  -1.568  -0.620                         
    IR    20    20 3    20     3     2    29    93   113  -1.925  -0.554  -4.164                          0.000  0.000  0.000  0.000 
                                             [ MATR    7 ]      -     75 - C - -
    MR    21    20 3    23     3     2    29    91   111  -8.055  -0.023  -6.373                         -0.999  1.342 -1.785 -0.569 
     D    22    20 3    23     3     0    25    90   110  -6.390  -1.568  -0.620                         
    IR    23    23 3    23     3     2    29    92   112  -1.925  -0.554  -4.164                          0.000  0.000  0.000  0.000 
                                             [ MATR    8 ]      -     74 - U - -
    MR    24    23 3    26     3     2    28    90   110  -8.055  -0.023  -6.373                         -0.918 -1.021 -1.614  1.407 
     D    25    23 3    26     3     0    24    89   109  -6.390  -1.568  -0.620                         
    IR    26    26 3    26     3     1    28    91   111  -1.925  -0.554  -4.164                          0.000  0.000  0.000  0.000 
                                             [ MATR    9 ]      -     73 - U - -
    MR    27    26 3    29     3     2    27    89   109  -8.055  -0.023  -6.373                         -0.918 -1.021 -1.614  1.407 
     D    28    26 3    29     3     0    23    88   108  -6.390  -1.568  -0.620                         
    IR    29    29 3    29     3     1    27    90   110  -1.925  -0.554  -4.164                          0.000  0.000  0.000  0.000 
                                             [ MATR   10 ]      -     72 - G - -
    MR    30    29 3    32     3     2    26    88   108  -8.055  -0.023  -6.373                         -0.899 -1.997  1.500 -1.382 
     D    31    29 3    32     3     0    22    87   107  -6.390  -1.568  -0.620                         
    IR    32    32 3    32     3     1    26    89   109  -1.925  -0.554  -4.164                          0.000  0.000  0.000  0.000 
                                             [ MATR   11 ]      -     71 - U - -
    MR    33    32 3    35     3     2    25    87   107  -8.055  -0.023  -6.373                         -0.918 -1.021 -1.614  1.407 
     D    34    32 3    35     3     0    22    86   106  -6.390  -1.568  -0.620                         
    IR    35    35 3    35     3     1    25    88   108  -1.925  -0.554  -4.164                          0.000  0.000  0.000  0.000 
                                             [ MATR   12 ]      -     70 - c - -
    MR    36    35 3    38     3     1    25    86   106  -8.055  -0.023  -6.373                         -0.549  0.785 -1.316  0.254 
     D    37    35 3    38     3     0    21    85   105  -6.390  -1.568  -0.620                         
    IR    38    38 3    38     3     1    24    87   107  -1.925  -0.554  -4.164                          0.000  0.000  0.000  0.000 
                                             [ MATR   13 ]      -     69 - U - -
    MR    39    38 3    41     3     1    24    85   105  -8.055  -0.023  -6.373                         -0.918 -1.021 -1.614  1.407 
     D    40    38 3    41     3     0    20    84   104  -6.390  -1.568  -0.620                         
    IR    41    41 3    41     3     1    23    86   106  -1.925  -0.554  -4.164                          0.000  0.000  0.000  0.000 
                                             [ MATR   14 ]      -     68 - U - -
    MR    42    41 3    44     3     1    23    84   104  -8.055  -0.023  -6.373                         -0.918 -1.021 -1.614  1.407 
     D    43    41 3    44     3     0    19    83   103  -6.390  -1.568  -0.620                         
    IR    44    44 3    44     3     1    23    85   105  -1.925  -0.554  -4.164                          0.000  0.000  0.000  0.000 
                                             [ MATR   15 ]      -     67 - C - -
    MR    45    44 3    47     3     1    22    83   103  -8.055  -0.023  -6.373                         -0.999  1.342 -1.785 -0.569 
     D    46    44 3    47     3     0    19    82   102  -6.390  -1.568  -0.620                         
    IR    47    47 3    47     3     1    22    84   104  -1.925  -0.554  -4.164                          0.000  0.000  0.000  0.000 
                                             [ MATR   16 ]      -     66 - C - -
    MR    48    47 3    50     3     1    21    82   102  -8.055  -0.023  -6.373                         -0.999  1.342 -1.785 -0.569 
     D    49    47 3    50     3     0    18    81   101  -6.390  -1.568  -0.620                         
    IR    50    50 3    50     3     1    21    83   103  -1.925  -0.554  -4.164                          0.000  0.000  0.000  0.000 
                                             [ MATR   17 ]      -     65 - U - -
    MR    51    50 3    53     3     1    20    81   101  -8.055  -0.023  -6.373                         -0.918 -1.021 -1.614  1.407 
     D    52    50 3    53     3     0    17    80   100  -6.390  -1.568  -0.620                         
    IR    53    53 3    53     3     1    20    82   102  -1.925  -0.554  -4.164                          0.000  0.000  0.000  0.000 
                                             [ MATR   18 ]      -     64 - a - -
    MR    54    53 3    56     3     1    19    80   100  -8.055  -0.023  -6.373                          0.949 -0.417 -0.924 -0.335 
     D    55    53 3    56     3     0    17    79    99  -6.390  -1.568  -0.620                         
    IR    56    56 3    56     3     1    19    81   101  -1.925  -0.554  -4.164                          0.000  0.000  0.000  0.000 
                                             [ MATR   19 ]      -     63 - G - -
    MR    57    56 3    59     3     1    18    79    99  -8.055  -0.023  -6.373                         -0.899 -1.997  1.500 -1.382 
     D    58    56 3    59     3     0    16    78    98  -6.390  -1.568  -0.620                         
    IR    59    59 3    59     3     1    18    80   100  -1.925  -0.554  -4.164                          0.000  0.000  0.000  0.000 
                                             [ MATR   20 ]      -     62 - U - -
    MR    60    59 3    62     2     1    17    78    98  -7.960  -0.006                                 -0.918 -1.021 -1.614  1.407 
     D    61    59 3    62     2     0    16    78    97  -4.432  -0.068                                 
    IR    62    62 3    62     2     1    17    79    99  -1.823  -0.479                                  0.000  0.000  0.000  0.000 
                                             [ BIF    21 ]      -      - - - - -
     B    63    62 3    64   207     0    16    77    97                                                 
                                             [ BEGL   22 ]      -      - - - - -
     S    64    63 1    65     4     0     4    63    82  -0.050  -6.667  -6.074  -6.714                 
                                             [ MATP   23 ]      1     47 a u - -
    MP    65    64 1    69     6     2     7    63    82  -8.983  -8.923  -0.023  -7.699  -7.979  -8.374 -3.325 -2.486 -3.370  2.902 -3.479 -4.513  0.797 -3.435 -3.287  1.592 -3.810 -0.050  0.374 -3.776 -1.149 -2.237 
    ML    66    64 1    69     6     1     2    61    81  -6.250  -6.596  -1.310  -1.005  -6.446  -3.975  0.368 -0.385 -0.191  0.094 
    MR    67    64 1    69     6     1     2    61    81  -6.988  -5.717  -1.625  -5.695  -0.829  -3.908  0.368 -0.385 -0.191  0.094 
     D    68    64 1    69     6     0     0    59    78  -9.049  -7.747  -3.544  -4.226  -4.244  -0.319 
    IL    69    69 5    69     6     1     3    62    82  -2.579  -2.842  -0.760  -4.497  -5.274  -4.934  0.000  0.000  0.000  0.000 
    IR    70    70 6    70     5     1     3    62    82  -2.408  -0.496  -5.920  -4.087  -5.193          0.000  0.000  0.000  0.000 
                                             [ MATP   24 ]      2     46 u a - -
    MP    71    70 6    75     6     2     6    61    80  -8.983  -8.923  -0.023  -7.699  -7.979  -8.374 -3.598 -3.388 -3.496  0.267 -2.577 -4.110  1.733 -3.226 -3.509  0.639 -3.909 -1.302  2.937 -3.765 -0.269 -2.383 
    ML    72    70 6    75     6     1     2    59    79  -6.250  -6.596  -1.310  -1.005  -6.446  -3.975  0.368 -0.385 -0.191  0.094 
    MR    73    70 6    75     6     1     2    59    79  -6.988  -5.717  -1.625  -5.695  -0.829  -3.908  0.368 -0.385 -0.191  0.094 
     D    74    70 6    75     6     0     0    57    77  -9.049  -7.747  -3.544  -4.226  -4.244  -0.319 
    IL    75    75 5    75     6     1     2    60    80  -2.579  -2.842  -0.760  -4.497  -5.274  -4.934  0.000  0.000  0.000  0.000 
    IR    76    76 6    76     5     1     3    60    80  -2.408  -0.496  -5.920  -4.087  -5.193          0.000  0.000  0.000  0.000 
                                             [ MATP   25 ]      3     45 G C - -
    MP    77    76 6    81     6     2     5    59    78  -8.983  -8.923  -0.023  -7.699  -7.979  -8.374 -4.120 -2.803 -4.182  0.597 -4.357 -4.434  0.132 -4.364 -3.892  3.444 -4.278 -0.488 -0.274 -4.052 -1.876 -3.069 
    ML    78    76 6    81     6     1     1    58    78  -6.250  -6.596  -1.310  -1.005  -6.446  -3.975  0.368 -0.385 -0.191  0.094 
    MR    79    76 6    81     6     1     1    58    77  -6.988  -5.717  -1.625  -5.695  -0.829  -3.908  0.368 -0.385 -0.191  0.094 
     D    80    76 6    81     6     0     0    56    76  -9.049  -7.747  -3.544  -4.226  -4.244  -0.319 
    IL    81    81 5    81     6     1     2    58    78  -2.579  -2.842  -0.760  -4.497  -5.274  -4.934  0.000  0.000  0.000  0.000 
    IR    82    82 6    82     5     1     2    58    78  -2.408  -0.496  -5.920  -4.087  -5.193          0.000  0.000  0.000  0.000 
                                             [ MATP   26 ]      4     44 a u - -
    MP    83    82 6    87     4     2     3    57    76  -6.597  -6.804  -0.068  -5.218                 -3.325 -2.486 -3.370  2.902 -3.479 -4.513  0.797 -3.435 -3.287  1.592 -3.810 -0.050  0.374 -3.776 -1.149 -2.237 
    ML    84    82 6    87     4     1     1    57    77  -3.758  -3.940  -0.507  -2.670                  0.368 -0.385 -0.191  0.094 
    MR    85    82 6    87     4     1     1    56    76  -4.809  -3.838  -1.706  -0.766                  0.368 -0.385 -0.191  0.094 
     D    86    82 6    87     4     0     0    55    75  -4.568  -4.250  -2.265  -0.520                 
    IL    87    87 5    87     4     1     2    58    78  -1.686  -2.369  -1.117  -4.855                  0.000  0.000  0.000  0.000 
    IR    88    88 6    88     3     1     1    57    77  -1.442  -0.798  -4.142                          0.000  0.000  0.000  0.000 
                                             [ MATL   27 ]      5      - C - - -
    ML    89    88 6    91     5     1     2    54    74  -6.816  -0.047  -6.631  -6.844  -7.735         -0.999  1.342 -1.785 -0.569 
     D    90    88 6    91     5     0     0    53    72  -4.959  -0.803  -4.221  -2.596  -2.508         
    IL    91    91 3    91     5     1     1    55    74  -2.408  -0.496  -4.087  -5.920  -5.193          0.000  0.000  0.000  0.000 
                                             [ MATP   28 ]      6     43 u a - -
    MP    92    91 3    96     6     2     3    53    73  -8.983  -8.923  -0.023  -7.699  -7.979  -8.374 -3.407 -3.299 -3.336  0.333 -2.445 -3.954  1.851 -3.103 -3.364  0.681 -3.778 -1.314  2.764 -3.566  0.276 -2.255 
    ML    93    91 3    96     6     1     1    52    71  -6.250  -6.596  -1.310  -1.005  -6.446  -3.975  0.368 -0.385 -0.191  0.094 
    MR    94    91 3    96     6     1     1    52    71  -6.988  -5.717  -1.625  -5.695  -0.829  -3.908  0.368 -0.385 -0.191  0.094 
     D    95    91 3    96     6     0     0    49    69  -9.049  -7.747  -3.544  -4.226  -4.244  -0.319 
    IL    96    96 5    96     6     1     1    53    72  -2.579  -2.842  -0.760  -4.497  -5.274  -4.934  0.000  0.000  0.000  0.000 
    IR    97    97 6    97     5     1     1    53    72  -2.408  -0.496  -5.920  -4.087  -5.193          0.000  0.000  0.000  0.000 
                                             [ MATP   29 ]      7     42 G C - -
    MP    98    97 6   102     6     2     3    51    71  -8.983  -8.923  -0.023  -7.699  -7.979  -8.374 -4.120 -2.803 -4.182  0.597 -4.357 -4.434  0.132 -4.364 -3.892  3.444 -4.278 -0.488 -0.274 -4.052 -1.876 -3.069 
    ML    99    97 6   102     6     1     1    50    69  -6.250  -6.596  -1.310  -1.005  -6.446  -3.975  0.368 -0.385 -0.191  0.094 
    MR   100    97 6   102     6     1     1    50    69  -6.988  -5.717  -1.625  -5.695  -0.829  -3.908  0.368 -0.385 -0.191  0.094 
     D   101    97 6   102     6     0     0    47    67  -9.049  -7.747  -3.544  -4.226  -4.244  -0.319 
    IL   102   102 5   102     6     1     1    51    70  -2.579  -2.842  -0.760  -4.497  -5.274  -4.934  0.000  0.000  0.000  0.000 
    IR   103   103 6   103     5     1     1    51    70  -2.408  -0.496  -5.920  -4.087  -5.193          0.000  0.000  0.000  0.000 
                                             [ MATP   30 ]      8     41 a u - -
    MP   104   103 6   108     6     2     3    49    69  -8.983  -8.923  -0.023  -7.699  -7.979  -8.374 -3.325 -2.486 -3.370  2.902 -3.479 -4.513  0.797 -3.435 -3.287  1.592 -3.810 -0.050  0.374 -3.776 -1.149 -2.237 
    ML   105   103 6   108     6     1     1    48    67  -6.250  -6.596  -1.310  -1.005  -6.446  -3.975  0.368 -0.385 -0.191  0.094 
    MR   106   103 6   108     6     1     1    48    67  -6.988  -5.717  -1.625  -5.695  -0.829  -3.908  0.368 -0.385 -0.191  0.094 
     D   107   103 6   108     6     0     0    46    65  -9.049  -7.747  -3.544  -4.226  -4.244  -0.319 
    IL   108   108 5   108     6     1     1    49    68  -2.579  -2.842  -0.760  -4.497  -5.274  -4.934  0.000  0.000  0.000  0.000 
    IR   109   109 6   109     5     1     1    49    68  -2.408  -0.496  -5.920  -4.087  -5.193          0.000  0.000  0.000  0.000 
                                             [ MATP   31 ]      9     40 u a - -
    MP   110   109 6   114     6     2     3    47    67  -8.983  -8.923  -0.023  -7.699  -7.979  -8.374 -3.294 -3.205 -3.242  0.411 -2.383 -3.875  1.902 -3.031 -3.270  0.743 -3.694 -1.241  2.618 -3.464  0.592 -2.175 
    ML   111   109 6   114     6     1     1    46    66  -6.250  -6.596  -1.310  -1.005  -6.446  -3.975  0.368 -0.385 -0.191  0.094 
    MR   112   109 6   114     6     1     1    46    66  -6.988  -5.717  -1.625  -5.695  -0.829  -3.908  0.368 -0.385 -0.191  0.094 
     D   113   109 6   114     6     0     0    45    64  -9.049  -7.747  -3.544  -4.226  -4.244  -0.319 
    IL   114   114 5   114     6     1     1    47    66  -2.579  -2.842  -0.760  -4.497  -5.274  -4.934  0.000  0.000  0.000  0.000 
    IR   115   115 6   115     5     1     1    47    66  -2.408  -0.496  -5.920  -4.087  -5.193          0.000  0.000  0.000  0.000 
                                             [ MATP   32 ]     10     39 u a - -
    MP   116   115 6   120     4     2     2    45    65  -6.597  -6.804  -0.068  -5.218                 -3.598 -3.388 -3.496  0.267 -2.577 -4.110  1.733 -3.226 -3.509  0.639 -3.909 -1.302  2.937 -3.765 -0.269 -2.383 
    ML   117   115 6   120     4     1     1    46    65  -3.758  -3.940  -0.507  -2.670                  0.368 -0.385 -0.191  0.094 
    MR   118   115 6   120     4     1     1    45    65  -4.809  -3.838  -1.706  -0.766                  0.368 -0.385 -0.191  0.094 
     D   119   115 6   120     4     0     0    44    64  -4.568  -4.250  -2.265  -0.520                 
    IL   120   120 5   120     4     1     1    47    67  -1.686  -2.369  -1.117  -4.855                  0.000  0.000  0.000  0.000 
    IR   121   121 6   121     3     1     1    46    65  -1.442  -0.798  -4.142                          0.000  0.000  0.000  0.000 
                                             [ MATL   33 ]     11      - G - - -
    ML   122   121 6   124     3     1     1    43    62  -7.641  -0.026  -6.296                         -0.388 -1.638  1.277 -1.027 
     D   123   121 6   124     3     0     0    41    61  -6.174  -1.687  -0.566                         
    IL   124   124 3   124     3     1     1    45    64  -1.442  -0.798  -4.142                          0.000  0.000  0.000  0.000 
                                             [ MATL   34 ]     12      - C - - -
    ML   125   124 3   127     3     1     1    42    61  -7.641  -0.026  -6.296                         -0.999  1.342 -1.785 -0.569 
     D   126   124 3   127     3     0     0    40    59  -6.174  -1.687  -0.566                         
    IL   127   127 3   127     3     1     1    44    63  -1.442  -0.798  -4.142                          0.000  0.000  0.000  0.000 
                                             [ MATL   35 ]     13      - C - - -
    ML   128   127 3   130     3     1     1    40    59  -8.055  -0.023  -6.373                         -0.999  1.342 -1.785 -0.569 
     D   129   127 3   130     3     0     0    39    58  -5.620  -0.734  -1.403                         
    IL   130   130 3   130     3     1     1    41    60  -1.925  -0.554  -4.164                          0.000  0.000  0.000  0.000 
                                             [ MATR   36 ]      -     38 - A - -
    MR   131   130 3   133     3     1     1    39    58  -8.055  -0.023  -6.373                          1.536 -1.736 -1.432 -1.223 
     D   132   130 3   133     3     0     0    38    57  -6.390  -1.568  -0.620                         
    IR   133   133 3   133     3     1     1    40    59  -1.925  -0.554  -4.164                          0.000  0.000  0.000  0.000 
                                             [ MATR   37 ]      -     37 - A - -
    MR   134   133 3   136     5     1     1    38    57  -6.816  -0.047  -6.631  -6.844  -7.735          1.536 -1.736 -1.432 -1.223 
     D   135   133 3   136     5     0     0    37    56  -5.352  -0.707  -2.978  -4.409  -2.404         
    IR   136   136 3   136     5     1     1    39    58  -2.408  -0.496  -5.920  -4.087  -5.193          0.000  0.000  0.000  0.000 
                                             [ MATP   38 ]     14     36 G C - -
    MP   137   136 3   141     6     2     2    37    56  -8.983  -8.923  -0.023  -7.699  -7.979  -8.374 -3.697 -2.552 -3.754  0.922 -4.130 -4.307  0.311 -4.027 -3.629  3.226 -4.053  0.411 -0.004 -3.743 -1.664 -2.662 
    ML   138   136 3   141     6     1     1    36    55  -6.250  -6.596  -1.310  -1.005  -6.446  -3.975  0.368 -0.385 -0.191  0.094 
    MR   139   136 3   141     6     1     1    36    55  -6.988  -5.717  -1.625  -5.695  -0.829  -3.908  0.368 -0.385 -0.191  0.094 
     D   140   136 3   141     6     0     0    34    53  -9.049  -7.747  -3.544  -4.226  -4.244  -0.319 
    IL   141   141 5   141     6     1     1    37    56  -2.579  -2.842  -0.760  -4.497  -5.274  -4.934  0.000  0.000  0.000  0.000 
    IR   142   142 6   142     5     1     1    37    56  -2.408  -0.496  -5.920  -4.087  -5.193          0.000  0.000  0.000  0.000 
                                             [ MATP   39 ]     15     35 a u - -
    MP   143   142 6   147     6     2     2    35    54  -8.983  -8.923  -0.023  -7.699  -7.979  -8.374 -3.325 -2.486 -3.370  2.902 -3.479 -4.513  0.797 -3.435 -3.287  1.592 -3.810 -0.050  0.374 -3.776 -1.149 -2.237 
    ML   144   142 6   147     6     1     1    34    53  -6.250  -6.596  -1.310  -1.005  -6.446  -3.975  0.368 -0.385 -0.191  0.094 
    MR   145   142 6   147     6     1     1    34    53  -6.988  -5.717  -1.625  -5.695  -0.829  -3.908  0.368 -0.385 -0.191  0.094 
     D   146   142 6   147     6     0     0    32    51  -9.049  -7.747  -3.544  -4.226  -4.244  -0.319 
    IL   147   147 5   147     6     1     1    35    54  -2.579  -2.842  -0.760  -4.497  -5.274  -4.934  0.000  0.000  0.000  0.000 
    IR   148   148 6   148     5     1     1    35    54  -2.408  -0.496  -5.920  -4.087  -5.193          0.000  0.000  0.000  0.000 
                                             [ MATP   40 ]     16     34 u a - -
    MP   149   148 6   153     4     2     2    33    52  -6.545  -7.791  -0.102  -4.244                 -3.598 -3.388 -3.496  0.267 -2.577 -4.110  1.733 -3.226 -3.509  0.639 -3.909 -1.302  2.937 -3.765 -0.269 -2.383 
    ML   150   148 6   153     4     1     1    33    52  -2.408  -4.532  -1.293  -1.473                  0.368 -0.385 -0.191  0.094 
    MR   151   148 6   153     4     1     1    32    51  -4.102 -12.528  -0.390  -2.485                  0.368 -0.385 -0.191  0.094 
     D   152   148 6   153     4     0     0    31    50 -12.737 -14.007  -2.036  -0.404                 
    IL   153   153 5   153     4     1     1    33    52  -2.817  -4.319  -0.613  -2.698                  0.000  0.000  0.000  0.000 
    IR   154   154 6   154     3     1     1    33    52  -1.925  -0.554  -4.164                          0.000  0.000  0.000  0.000 
                                             [ MATR   41 ]      -     33 - c - -
    MR   155   154 6   157     5     1     1    31    50  -6.816  -0.047  -6.631  -6.844  -7.735         -0.548  0.781 -1.314  0.258 
     D   156   154 6   157     5     0     0    30    49  -5.352  -0.707  -2.978  -4.409  -2.404         
    IR   157   157 3   157     5     1     1    32    51  -2.408  -0.496  -5.920  -4.087  -5.193          0.000  0.000  0.000  0.000 
                                             [ MATP   42 ]     17     32 a u - -
    MP   158   157 3   162     6     2     2    30    49  -8.983  -8.923  -0.023  -7.699  -7.979  -8.374 -2.807 -0.525 -2.909  2.449 -3.116 -3.870  0.882 -3.155 -2.916  1.908 -3.432  0.037  0.607 -3.119 -0.937 -1.909 
    ML   159   157 3   162     6     1     1    29    48  -6.250  -6.596  -1.310  -1.005  -6.446  -3.975  0.368 -0.385 -0.191  0.094 
    MR   160   157 3   162     6     1     1    29    48  -6.988  -5.717  -1.625  -5.695  -0.829  -3.908  0.368 -0.385 -0.191  0.094 
     D   161   157 3   162     6     0     0    27    46  -9.049  -7.747  -3.544  -4.226  -4.244  -0.319 
    IL   162   162 5   162     6     1     1    30    49  -2.579  -2.842  -0.760  -4.497  -5.274  -4.934  0.000  0.000  0.000  0.000 
    IR   163   163 6   163     5     1     1    30    49  -2.408  -0.496  -5.920  -4.087  -5.193          0.000  0.000  0.000  0.000 
                                             [ MATP   43 ]     18     31 C G - -
    MP   164   163 6   168     6     2     2    28    47  -8.983  -8.923  -0.023  -7.699  -7.979  -8.374 -3.637 -3.615 -3.551  0.005 -1.292 -4.138  3.249 -3.306 -3.589  0.242 -3.975 -1.698  1.003 -3.804 -0.343 -2.505 
    ML   165   163 6   168     6     1     1    27    46  -6.250  -6.596  -1.310  -1.005  -6.446  -3.975  0.368 -0.385 -0.191  0.094 
    MR   166   163 6   168     6     1     1    27    46  -6.988  -5.717  -1.625  -5.695  -0.829  -3.908  0.368 -0.385 -0.191  0.094 
     D   167   163 6   168     6     0     0    25    44  -9.049  -7.747  -3.544  -4.226  -4.244  -0.319 
    IL   168   168 5   168     6     1     1    28    47  -2.579  -2.842  -0.760  -4.497  -5.274  -4.934  0.000  0.000  0.000  0.000 
    IR   169   169 6   169     5     1     1    28    47  -2.408  -0.496  -5.920  -4.087  -5.193          0.000  0.000  0.000  0.000 
                                             [ MATP   44 ]     19     30 C G - -
    MP   170   169 6   174     6     2     2    26    45  -8.983  -8.923  -0.023  -7.699  -7.979  -8.374 -3.932 -3.771 -3.719 -0.071 -2.592 -4.209  3.300 -3.336 -3.755  0.286 -4.075 -1.712  0.975 -4.037 -0.290 -2.618 
    ML   171   169 6   174     6     1     1    26    45  -6.250  -6.596  -1.310  -1.005  -6.446  -3.975  0.368 -0.385 -0.191  0.094 
    MR   172   169 6   174     6     1     1    25    45  -6.988  -5.717  -1.625  -5.695  -0.829  -3.908  0.368 -0.385 -0.191  0.094 
     D   173   169 6   174     6     0     0    24    43  -9.049  -7.747  -3.544  -4.226  -4.244  -0.319 
    IL   174   174 5   174     6     1     1    26    45  -2.579  -2.842  -0.760  -4.497  -5.274  -4.934  0.000  0.000  0.000  0.000 
    IR   175   175 6   175     5     1     1    26    45  -2.408  -0.496  -5.920  -4.087  -5.193          0.000  0.000  0.000  0.000 
                                             [ MATP   45 ]     20     29 u g - -
    MP   176   175 6   180     4     2     2    24    43  -6.597  -6.804  -0.068  -5.218                 -3.482 -3.370 -3.319  0.232 -2.289 -3.849  1.978 -2.994 -3.355  0.542 -3.712 -1.388  1.227 -3.620  2.475 -2.259 
    ML   177   175 6   180     4     1     1    25    44  -3.758  -3.940  -0.507  -2.670                  0.368 -0.385 -0.191  0.094 
    MR   178   175 6   180     4     1     1    24    44  -4.809  -3.838  -1.706  -0.766                  0.368 -0.385 -0.191  0.094 
     D   179   175 6   180     4     0     0    23    43  -4.568  -4.250  -2.265  -0.520                 
    IL   180   180 5   180     4     1     1    26    45  -1.686  -2.369  -1.117  -4.855                  0.000  0.000  0.000  0.000 
    IR   181   181 6   181     3     1     1    25    44  -1.442  -0.798  -4.142                          0.000  0.000  0.000  0.000 
                                             [ MATL   46 ]     21      - g - - -
    ML   182   181 6   184     3     1     1    21    40  -7.641  -0.026  -6.296                         -0.250 -0.918  0.612  0.140 
     D   183   181 6   184     3     0     0    20    39  -6.174  -1.687  -0.566                         
    IL   184   184 3   184     3     1     1    24    43  -1.442  -0.798  -4.142                          0.000  0.000  0.000  0.000 
                                             [ MATL   47 ]     22      - A - - -
    ML   185   184 3   187     3     1     1    20    39  -7.641  -0.026  -6.296                          1.536 -1.736 -1.432 -1.223 
     D   186   184 3   187     3     0     0    19    38  -6.174  -1.687  -0.566                         
    IL   187   187 3   187     3     1     1    23    42  -1.442  -0.798  -4.142                          0.000  0.000  0.000  0.000 
                                             [ MATL   48 ]     23      - U - - -
    ML   188   187 3   190     3     1     1    19    38  -7.641  -0.026  -6.296                         -0.918 -1.021 -1.614  1.407 
     D   189   187 3   190     3     0     0    18    37  -6.174  -1.687  -0.566                         
    IL   190   190 3   190     3     1     1    22    41  -1.442  -0.798  -4.142                          0.000  0.000  0.000  0.000 
                                             [ MATL   49 ]     24      - U - - -
    ML   191   190 3   193     3     1     1    18    36  -7.641  -0.026  -6.296                         -0.918 -1.021 -1.614  1.407 
     D   192   190 3   193     3     0     0    17    36  -6.174  -1.687  -0.566                         
    IL   193   193 3   193     3     1     1    21    40  -1.442  -0.798  -4.142                          0.000  0.000  0.000  0.000 
                                             [ MATL   50 ]     25      - A - - -
    ML   194   193 3   196     3     1     1    16    35  -7.641  -0.026  -6.296                          1.536 -1.736 -1.432 -1.223 
     D   195   193 3   196     3     0     0    16    34  -6.174  -1.687  -0.566                         
    IL   196   196 3   196     3     1     1    20    38  -1.442  -0.798  -4.142                          0.000  0.000  0.000  0.000 
                                             [ MATL   51 ]     26      - A - - -
    ML   197   196 3   199     3     1     1    15    34  -7.641  -0.026  -6.296                          1.536 -1.736 -1.432 -1.223 
     D   198   196 3   199     3     0     0    15    33  -6.174  -1.687  -0.566                         
    IL   199   199 3   199     3     1     1    19    37  -1.442  -0.798  -4.142                          0.000  0.000  0.000  0.000 
                                             [ MATL   52 ]     27      - A - - -
    ML   200   199 3   202     3     1     1    13    32  -7.641  -0.026  -6.296                          1.536 -1.736 -1.432 -1.223 
     D   201   199 3   202     3     0     0    13    32  -6.174  -1.687  -0.566                         
    IL   202   202 3   202     3     1     1    18    36  -1.442  -0.798  -4.142                          0.000  0.000  0.000  0.000 
                                             [ MATL   53 ]     28      - C - - -
    ML   203   202 3   205     2     1     1     1     1       *   0.000                                 -0.999  1.342 -1.785 -0.569 
     D   204   202 3   205     2     0     0     0     0       *   0.000                                 
    IL   205   205 3   205     2     1     1    13    28  -1.823  -0.479                                  0.000  0.000  0.000  0.000 
                                             [ END    54 ]      -      - - - - -
     E   206   205 3    -1     0     0     0     0     0                                                 
                                             [ BEGR   55 ]      -      - - - - -
     S   207    63 1   208     3     0     0    28    47  -7.641  -0.026  -6.296                         
    IL   208   208 2   208     3     1     1    31    51  -1.442  -0.798  -4.142                          0.000  0.000  0.000  0.000 
                                             [ MATL   56 ]     48      - U - - -
    ML   209   208 2   211     5     1     1    28    46  -6.816  -0.047  -6.631  -6.844  -7.735         -0.918 -1.021 -1.614  1.407 
     D   210   208 2   211     5     0     0    26    45  -4.959  -0.803  -4.221  -2.596  -2.508         
    IL   211   211 3   211     5     1     1    28    47  -2.408  -0.496  -4.087  -5.920  -5.193          0.000  0.000  0.000  0.000 
                                             [ MATP   57 ]     49     61 G C - -
    MP   212   211 3   216     6     2     2    27    45  -8.983  -8.923  -0.023  -7.699  -7.979  -8.374 -4.120 -2.803 -4.182  0.597 -4.357 -4.434  0.132 -4.364 -3.892  3.444 -4.278 -0.488 -0.274 -4.052 -1.876 -3.069 
    ML   213   211 3   216     6     1     1    25    44  -6.250  -6.596  -1.310  -1.005  -6.446  -3.975  0.368 -0.385 -0.191  0.094 
    MR   214   211 3   216     6     1     1    25    44  -6.988  -5.717  -1.625  -5.695  -0.829  -3.908  0.368 -0.385 -0.191  0.094 
     D   215   211 3   216     6     0     0    23    42  -9.049  -7.747  -3.544  -4.226  -4.244  -0.319 
    IL   216   216 5   216     6     1     1    26    45  -2.579  -2.842  -0.760  -4.497  -5.274  -4.934  0.000  0.000  0.000  0.000 
    IR   217   217 6   217     5     1     1    26    45  -2.408  -0.496  -5.920  -4.087  -5.193          0.000  0.000  0.000  0.000 
                                             [ MATP   58 ]     50     60 C G - -
    MP   218   217 6   222     6     2     2    25    43  -8.983  -8.923  -0.023  -7.699  -7.979  -8.374 -3.932 -3.771 -3.719 -0.071 -2.592 -4.209  3.300 -3.336 -3.755  0.286 -4.075 -1.712  0.975 -4.037 -0.290 -2.618 
    ML   219   217 6   222     6     1     1    23    42  -6.250  -6.596  -1.310  -1.005  -6.446  -3.975  0.368 -0.385 -0.191  0.094 
    MR   220   217 6   222     6     1     1    23    42  -6.988  -5.717  -1.625  -5.695  -0.829  -3.908  0.368 -0.385 -0.191  0.094 
     D   221   217 6   222     6     0     0    21    40  -9.049  -7.747  -3.544  -4.226  -4.244  -0.319 
    IL   222   222 5   222     6     1     1    24    43  -2.579  -2.842  -0.760  -4.497  -5.274  -4.934  0.000  0.000  0.000  0.000 
    IR   223   223 6   223     5     1     1    24    43  -2.408  -0.496  -5.920  -4.087  -5.193          0.000  0.000  0.000  0.000 
                                             [ MATP   59 ]     51     59 u a - -
    MP   224   223 6   228     6     2     2    23    41  -8.983  -8.923  -0.023  -7.699  -7.979  -8.374 -3.598 -3.388 -3.496  0.267 -2.577 -4.110  1.733 -3.226 -3.509  0.639 -3.909 -1.302  2.937 -3.765 -0.269 -2.383 
    ML   225   223 6   228     6     1     1    22    40  -6.250  -6.596  -1.310  -1.005  -6.446  -3.975  0.368 -0.385 -0.191  0.094 
    MR   226   223 6   228     6     1     1    21    40  -6.988  -5.717  -1.625  -5.695  -0.829  -3.908  0.368 -0.385 -0.191  0.094 
     D   227   223 6   228     6     0     0    19    38  -9.049  -7.747  -3.544  -4.226  -4.244  -0.319 
    IL   228   228 5   228     6     1     1    23    41  -2.579  -2.842  -0.760  -4.497  -5.274  -4.934  0.000  0.000  0.000  0.000 
    IR   229   229 6   229     5     1     1    22    41  -2.408  -0.496  -5.920  -4.087  -5.193          0.000  0.000  0.000  0.000 
                                             [ MATP   60 ]     52     58 G C - -
    MP   230   229 6   234     6     2     2    21    39  -8.983  -8.923  -0.023  -7.699  -7.979  -8.374 -4.120 -2.803 -4.182  0.597 -4.357 -4.434  0.132 -4.364 -3.892  3.444 -4.278 -0.488 -0.274 -4.052 -1.876 -3.069 
    ML   231   229 6   234     6     1     1    20    39  -6.250  -6.596  -1.310  -1.005  -6.446  -3.975  0.368 -0.385 -0.191  0.094 
    MR   232   229 6   234     6     1     1    20    39  -6.988  -5.717  -1.625  -5.695  -0.829  -3.908  0.368 -0.385 -0.191  0.094 
     D   233   229 6   234     6     0     0    18    37  -9.049  -7.747  -3.544  -4.226  -4.244  -0.319 
    IL   234   234 5   234     6     1     1    21    39  -2.579  -2.842  -0.760  -4.497  -5.274  -4.934  0.000  0.000  0.000  0.000 
    IR   235   235 6   235     5     1     1    20    39  -2.408  -0.496  -5.920  -4.087  -5.193          0.000  0.000  0.000  0.000 
                                             [ MATP   61 ]     53     57 u a - -
    MP   236   235 6   240     4     2     2    19    37  -6.597  -6.804  -0.068  -5.218                 -3.598 -3.388 -3.496  0.267 -2.577 -4.110  1.733 -3.226 -3.509  0.639 -3.909 -1.302  2.937 -3.765 -0.269 -2.383 
    ML   237   235 6   240     4     1     1    20    38  -3.758  -3.940  -0.507  -2.670                  0.368 -0.385 -0.191  0.094 
    MR   238   235 6   240     4     1     1    19    38  -4.809  -3.838  -1.706  -0.766                  0.368 -0.385 -0.191  0.094 
     D   239   235 6   240     4     0     0    18    37  -4.568  -4.250  -2.265  -0.520                 
    IL   240   240 5   240     4     1     1    21    40  -1.686  -2.369  -1.117  -4.855                  0.000  0.000  0.000  0.000 
    IR   241   241 6   241     3     1     1    20    38  -1.442  -0.798  -4.142                          0.000  0.000  0.000  0.000 
                                             [ MATL   62 ]     54      - U - - -
    ML   242   241 6   244     3     1     1    15    34  -7.641  -0.026  -6.296                         -0.918 -1.021 -1.614  1.407 
     D   243   241 6   244     3     0     0    15    33  -6.174  -1.687  -0.566                         
    IL   244   244 3   244     3     1     1    19    37  -1.442  -0.798  -4.142                          0.000  0.000  0.000  0.000 
                                             [ MATL   63 ]     55      - U - - -
    ML   245   244 3   247     3     1     1    13    32  -7.641  -0.026  -6.296                         -0.918 -1.021 -1.614  1.407 
     D   246   244 3   247     3     0     0    13    32  -6.174  -1.687  -0.566                         
    IL   247   247 3   247     3     1     1    18    36  -1.442  -0.798  -4.142                          0.000  0.000  0.000  0.000 
                                             [ MATL   64 ]     56      - U - - -
    ML   248   247 3   250     2     1     1     1     1       *   0.000                                 -0.918 -1.021 -1.614  1.407 
     D   249   247 3   250     2     0     0     0     0       *   0.000                                 
    IL   250   250 3   250     2     1     1    13    28  -1.823  -0.479                                  0.000  0.000  0.000  0.000 
                                             [ END    65 ]      -      - - - - -
     E   251   250 3    -1     0     0     0     0     0                                                 
//
HMMER3/f [3.1b3 | July 2016]
NAME  t_nt_shob_ohsc_sr_round5_extend_0001
LENG  81
MAXL  174
ALPH  RNA
RF    no
MM    no
CONS  yes
CS    yes
MAP   yes
DATE  Mon Jan 27 20:54:53 2020
COM   [1] cmbuild /home/co78wid/projects/master/results/ta_systems/shob_ohsc/shob_ohsc_sr/extend_analysis_2_3_4/2_structure_analysis/infernal_search/t_nt_shob_ohsc_sr_cmbuild.txt /home/co78wid/projects/master/results/ta_systems/shob_ohsc/shob_ohsc_sr/1_sequence_analysis/fold/t_nt_shob_ohsc_sr_round5_extend.stk
NSEQ  12
EFFN  1.754883
CKSUM 3623529731
STATS LOCAL MSV       -8.1576  0.71886
STATS LOCAL VITERBI   -9.4422  0.71886
STATS LOCAL FORWARD   -3.6318  0.71886
HMM          A        C        G        U   
            m->m     m->i     m->d     i->m     i->i     d->m     d->d
  COMPO   1.39741  1.46004  1.56950  1.16351
          1.38629  1.38629  1.38629  1.38629
          0.04782  3.75724  3.75724  1.46634  0.26236  0.00000        *
      1   0.48895  2.42617  1.58414  2.37265      1 A - - <
          1.38629  1.38629  1.38629  1.38629
          0.04782  3.75724  3.75724  1.46634  0.26236  1.09861  0.40547
      2   2.65840  1.67549  2.36647  0.43246      2 U - - <
          1.38629  1.38629  1.38629  1.38629
          0.04782  3.75724  3.75724  1.46634  0.26236  1.09861  0.40547
      3   2.39456  2.92372  0.22517  2.87039      3 G - - <
          1.38629  1.38629  1.38629  1.38629
          0.04782  3.75724  3.75724  1.46634  0.26236  1.09861  0.40547
      4   0.48972  2.42428  1.58403  2.36965      4 A - - <
          1.38629  1.38629  1.38629  1.38629
          0.04782  3.75724  3.75724  1.46634  0.26236  1.09861  0.40547
      5   2.47963  0.29326  3.04659  2.09655      5 C - - -
          1.38629  1.38629  1.38629  1.38629
          0.04782  3.75724  3.75724  1.46634  0.26236  1.09861  0.40547
      6   2.51582  1.53033  2.24480  0.51619      6 U - - <
          1.38629  1.38629  1.38629  1.38629
          0.04782  3.75724  3.75724  1.46634  0.26236  1.09861  0.40547
      7   2.39255  2.92168  0.22575  2.86745      7 G - - <
          1.38629  1.38629  1.38629  1.38629
          0.04782  3.75724  3.75724  1.46634  0.26236  1.09861  0.40547
      8   0.48993  2.42378  1.58400  2.36884      8 A - - <
          1.38629  1.38629  1.38629  1.38629
          0.04782  3.75724  3.75724  1.46634  0.26236  1.09861  0.40547
      9   2.41395  1.45709  2.15060  0.57766      9 U - - <
          1.38629  1.38629  1.38629  1.38629
          0.04782  3.75724  3.75724  1.46634  0.26236  1.09861  0.40547
     10   2.65317  1.67546  2.36452  0.43332     10 U - - <
          1.38629  1.38629  1.38629  1.38629
          0.04782  3.75724  3.75724  1.46634  0.26236  1.09861  0.40547
     11   1.83436  2.81065  0.37259  2.39499     11 G - - -
          1.38629  1.38629  1.38629  1.38629
          0.04782  3.75724  3.75724  1.46634  0.26236  1.09861  0.40547
     12   2.47963  0.29326  3.04659  2.09655     12 C - - -
          1.38629  1.38629  1.38629  1.38629
          0.04782  3.75724  3.75724  1.46634  0.26236  1.09861  0.40547
     13   2.47963  0.29326  3.04659  2.09655     13 C - - -
          1.38629  1.38629  1.38629  1.38629
          0.04782  3.75724  3.75724  1.46634  0.26236  1.09861  0.40547
     14   2.08690  2.68142  0.31395  2.56513     14 G - - <
          1.38629  1.38629  1.38629  1.38629
          0.04782  3.75724  3.75724  1.46634  0.26236  1.09861  0.40547
     15   0.48999  2.42361  1.58399  2.36858     15 A - - <
          1.38629  1.38629  1.38629  1.38629
          0.04782  3.75724  3.75724  1.46634  0.26236  1.09861  0.40547
     16   2.65417  1.67546  2.36490  0.43315     16 U - - <
          1.38629  1.38629  1.38629  1.38629
          0.04782  3.75724  3.75724  1.46634  0.26236  1.09861  0.40547
     17   0.73102  2.19545  1.28069  2.04464     17 a - - <
          1.38629  1.38629  1.38629  1.38629
          0.04782  3.75724  3.75724  1.46634  0.26236  1.09861  0.40547
     18   2.78514  0.34239  2.57654  1.88276     18 C - - <
          1.38629  1.38629  1.38629  1.38629
          0.04782  3.75724  3.75724  1.46634  0.26236  1.09861  0.40547
     19   2.88794  0.32859  2.62644  1.88364     19 C - - <
          1.38629  1.38629  1.38629  1.38629
          0.04782  3.75724  3.75724  1.46634  0.26236  1.09861  0.40547
     20   2.65869  1.43759  2.41169  0.50618     20 U - - <
          1.38629  1.38629  1.38629  1.38629
          0.04782  3.75724  3.75724  1.46634  0.26236  1.09861  0.40547
     21   1.66702  2.13958  0.86004  1.30807     21 g - - _
          1.38629  1.38629  1.38629  1.38629
          0.04782  3.75724  3.75724  1.46634  0.26236  1.09861  0.40547
     22   0.21642  2.93537  2.68978  2.60911     22 A - - _
          1.38629  1.38629  1.38629  1.38629
          0.04782  3.75724  3.75724  1.46634  0.26236  1.09861  0.40547
     23   2.32979  2.34260  2.83366  0.29061     23 U - - _
          1.38629  1.38629  1.38629  1.38629
          0.04782  3.75724  3.75724  1.46634  0.26236  1.09861  0.40547
     24   2.32979  2.34260  2.83366  0.29061     24 U - - _
          1.38629  1.38629  1.38629  1.38629
          0.04782  3.75724  3.75724  1.46634  0.26236  1.09861  0.40547
     25   0.21642  2.93537  2.68978  2.60911     25 A - - _
          1.38629  1.38629  1.38629  1.38629
          0.04782  3.75724  3.75724  1.46634  0.26236  1.09861  0.40547
     26   0.21642  2.93537  2.68978  2.60911     26 A - - _
          1.38629  1.38629  1.38629  1.38629
          0.04782  3.75724  3.75724  1.46634  0.26236  1.09861  0.40547
     27   0.21642  2.93537  2.68978  2.60911     27 A - - _
          1.38629  1.38629  1.38629  1.38629
          0.04782  3.75724  3.75724  1.46634  0.26236  1.09861  0.40547
     28   2.47963  0.29326  3.04659  2.09655     28 C - - _
          1.38629  1.38629  1.38629  1.38629
          0.04782  3.75724  3.75724  1.46634  0.26236  1.09861  0.40547
     29   1.93812  2.58464  0.36977  2.41120     29 G - - >
          1.38629  1.38629  1.38629  1.38629
          0.04782  3.75724  3.75724  1.46634  0.26236  1.09861  0.40547
     30   2.15857  2.79549  0.28387  2.65133     30 G - - >
          1.38629  1.38629  1.38629  1.38629
          0.04782  3.75724  3.75724  1.46634  0.26236  1.09861  0.40547
     31   1.99196  2.74519  0.32398  2.57612     31 G - - >
          1.38629  1.38629  1.38629  1.38629
          0.04782  3.75724  3.75724  1.46634  0.26236  1.09861  0.40547
     32   2.27576  1.30223  2.00467  0.71202     32 u - - >
          1.38629  1.38629  1.38629  1.38629
          0.04782  3.75724  3.75724  1.46634  0.26236  1.09861  0.40547
     33   1.93727  0.72478  2.49165  1.24238     33 c - - -
          1.38629  1.38629  1.38629  1.38629
          0.04782  3.75724  3.75724  1.46634  0.26236  1.09861  0.40547
     34   0.49262  2.54395  1.51215  2.40810     34 A - - >
          1.38629  1.38629  1.38629  1.38629
          0.04782  3.75724  3.75724  1.46634  0.26236  1.09861  0.40547
     35   2.60347  1.84436  2.24016  0.41337     35 U - - >
          1.38629  1.38629  1.38629  1.38629
          0.04782  3.75724  3.75724  1.46634  0.26236  1.09861  0.40547
     36   2.80088  0.42563  2.50475  1.58872     36 C - - >
          1.38629  1.38629  1.38629  1.38629
          0.04782  3.75724  3.75724  1.46634  0.26236  1.09861  0.40547
     37   0.21642  2.93537  2.68978  2.60911     37 A - - -
          1.38629  1.38629  1.38629  1.38629
          0.04782  3.75724  3.75724  1.46634  0.26236  1.09861  0.40547
     38   0.21642  2.93537  2.68978  2.60911     38 A - - -
          1.38629  1.38629  1.38629  1.38629
          0.04782  3.75724  3.75724  1.46634  0.26236  1.09861  0.40547
     39   0.49326  2.54201  1.51216  2.40545     39 A - - >
          1.38629  1.38629  1.38629  1.38629
          0.04782  3.75724  3.75724  1.46634  0.26236  1.09861  0.40547
     40   0.76446  2.31354  1.13003  2.18496     40 a - - >
          1.38629  1.38629  1.38629  1.38629
          0.04782  3.75724  3.75724  1.46634  0.26236  1.09861  0.40547
     41   2.59584  1.84388  2.23775  0.41473     41 U - - >
          1.38629  1.38629  1.38629  1.38629
          0.04782  3.75724  3.75724  1.46634  0.26236  1.09861  0.40547
     42   3.07131  0.26596  2.74745  2.09494     42 C - - >
          1.38629  1.38629  1.38629  1.38629
          0.04782  3.75724  3.75724  1.46634  0.26236  1.09861  0.40547
     43   0.64030  2.40418  1.27232  2.27940     43 A - - >
          1.38629  1.38629  1.38629  1.38629
          0.04782  3.75724  3.75724  1.46634  0.26236  1.09861  0.40547
     44   2.59836  1.84404  2.23855  0.41428     44 U - - >
          1.38629  1.38629  1.38629  1.38629
          0.04782  3.75724  3.75724  1.46634  0.26236  1.09861  0.40547
     45   3.07912  0.26498  2.75061  2.09646     45 C - - >
          1.38629  1.38629  1.38629  1.38629
          0.04782  3.75724  3.75724  1.46634  0.26236  1.09861  0.40547
     46   0.49361  2.54094  1.51216  2.40399     46 A - - >
          1.38629  1.38629  1.38629  1.38629
          0.04782  3.75724  3.75724  1.46634  0.26236  1.09861  0.40547
     47   2.59000  1.84351  2.23590  0.41578     47 U - - >
          1.38629  1.38629  1.38629  1.38629
          0.04782  3.75724  3.75724  1.46634  0.26236  1.09861  0.40547
     48   2.32979  2.34260  2.83366  0.29061     48 U - - -
          1.38629  1.38629  1.38629  1.38629
          0.04782  3.75724  3.75724  1.46634  0.26236  1.09861  0.40547
     49   2.39601  2.92518  0.22476  2.87251     49 G - - <
          1.38629  1.38629  1.38629  1.38629
          0.04782  3.75724  3.75724  1.46634  0.26236  1.09861  0.40547
     50   2.90068  0.32665  2.63181  1.88564     50 C - - <
          1.38629  1.38629  1.38629  1.38629
          0.04782  3.75724  3.75724  1.46634  0.26236  1.09861  0.40547
     51   2.65695  1.67548  2.36593  0.43270     51 U - - <
          1.38629  1.38629  1.38629  1.38629
          0.04782  3.75724  3.75724  1.46634  0.26236  1.09861  0.40547
     52   2.39413  2.92329  0.22530  2.86977     52 G - - <
          1.38629  1.38629  1.38629  1.38629
          0.04782  3.75724  3.75724  1.46634  0.26236  1.09861  0.40547
     53   2.65513  1.67547  2.36525  0.43299     53 U - - <
          1.38629  1.38629  1.38629  1.38629
          0.04782  3.75724  3.75724  1.46634  0.26236  1.09861  0.40547
     54   2.32979  2.34260  2.83366  0.29061     54 U - - _
          1.38629  1.38629  1.38629  1.38629
          0.04782  3.75724  3.75724  1.46634  0.26236  1.09861  0.40547
     55   2.32979  2.34260  2.83366  0.29061     55 U - - _
          1.38629  1.38629  1.38629  1.38629
          0.04782  3.75724  3.75724  1.46634  0.26236  1.09861  0.40547
     56   2.32979  2.34260  2.83366  0.29061     56 U - - _
          1.38629  1.38629  1.38629  1.38629
          0.04782  3.75724  3.75724  1.46634  0.26236  1.09861  0.40547
     57   0.49281  2.54338  1.51215  2.40732     57 A - - >
          1.38629  1.38629  1.38629  1.38629
          0.04782  3.75724  3.75724  1.46634  0.26236  1.09861  0.40547
     58   3.08677  0.26403  2.75369  2.09795     58 C - - >
          1.38629  1.38629  1.38629  1.38629
          0.04782  3.75724  3.75724  1.46634  0.26236  1.09861  0.40547
     59   0.49254  2.54419  1.51215  2.40843     59 A - - >
          1.38629  1.38629  1.38629  1.38629
          0.04782  3.75724  3.75724  1.46634  0.26236  1.09861  0.40547
     60   2.16128  2.79871  0.28280  2.65553     60 G - - >
          1.38629  1.38629  1.38629  1.38629
          0.04782  3.75724  3.75724  1.46634  0.26236  1.09861  0.40547
     61   3.09172  0.26342  2.75568  2.09890     61 C - - >
          1.38629  1.38629  1.38629  1.38629
          0.04782  3.75724  3.75724  1.46634  0.26236  1.09861  0.40547
     62   2.32979  2.34260  2.83366  0.29061     62 U - - :
          1.38629  1.38629  1.38629  1.38629
          0.04782  3.75724  3.75724  1.46634  0.26236  1.09861  0.40547
     63   2.38115  3.21068  0.21629  2.78505     63 G - - :
          1.38629  1.38629  1.38629  1.38629
          0.04782  3.75724  3.75724  1.46634  0.26236  1.09861  0.40547
     64   0.64980  1.68294  2.14960  1.74017     64 A - - :
          1.38629  1.38629  1.38629  1.38629
          0.04782  3.75724  3.75724  1.46634  0.26236  1.09861  0.40547
     65   2.32979  2.34260  2.83366  0.29061     65 U - - :
          1.38629  1.38629  1.38629  1.38629
          0.04782  3.75724  3.75724  1.46634  0.26236  1.09861  0.40547
     66   2.47963  0.29326  3.04659  2.09655     66 C - - :
          1.38629  1.38629  1.38629  1.38629
          0.04782  3.75724  3.75724  1.46634  0.26236  1.09861  0.40547
     67   2.47963  0.29326  3.04659  2.09655     67 C - - :
          1.38629  1.38629  1.38629  1.38629
          0.04782  3.75724  3.75724  1.46634  0.26236  1.09861  0.40547
     68   2.32979  2.34260  2.83366  0.29061     68 U - - :
          1.38629  1.38629  1.38629  1.38629
          0.04782  3.75724  3.75724  1.46634  0.26236  1.09861  0.40547
     69   2.32979  2.34260  2.83366  0.29061     69 U - - :
          1.38629  1.38629  1.38629  1.38629
          0.04782  3.75724  3.75724  1.46634  0.26236  1.09861  0.40547
     70   1.93906  0.72166  2.49360  1.24617     70 c - - :
          1.38629  1.38629  1.38629  1.38629
          0.04782  3.75724  3.75724  1.46634  0.26236  1.09861  0.40547
     71   2.32979  2.34260  2.83366  0.29061     71 U - - :
          1.38629  1.38629  1.38629  1.38629
          0.04782  3.75724  3.75724  1.46634  0.26236  1.09861  0.40547
     72   2.38115  3.21068  0.21629  2.78505     72 G - - :
          1.38629  1.38629  1.38629  1.38629
          0.04782  3.75724  3.75724  1.46634  0.26236  1.09861  0.40547
     73   2.32979  2.34260  2.83366  0.29061     73 U - - :
          1.38629  1.38629  1.38629  1.38629
          0.04782  3.75724  3.75724  1.46634  0.26236  1.09861  0.40547
     74   2.32979  2.34260  2.83366  0.29061     74 U - - :
          1.38629  1.38629  1.38629  1.38629
          0.04782  3.75724  3.75724  1.46634  0.26236  1.09861  0.40547
     75   2.47963  0.29326  3.04659  2.09655     75 C - - :
          1.38629  1.38629  1.38629  1.38629
          0.04782  3.75724  3.75724  1.46634  0.26236  1.09861  0.40547
     76   2.32979  2.34260  2.83366  0.29061     76 U - - :
          1.38629  1.38629  1.38629  1.38629
          0.04782  3.75724  3.75724  1.46634  0.26236  1.09861  0.40547
     77   2.32979  2.34260  2.83366  0.29061     77 U - - :
          1.38629  1.38629  1.38629  1.38629
          0.04782  3.75724  3.75724  1.46634  0.26236  1.09861  0.40547
     78   0.39470  2.53455  2.00834  2.18382     78 A - - :
          1.38629  1.38629  1.38629  1.38629
          0.04782  3.75724  3.75724  1.46634  0.26236  1.09861  0.40547
     79   2.32979  2.34260  2.83366  0.29061     79 U - - :
          1.38629  1.38629  1.38629  1.38629
          0.04782  3.75724  3.75724  1.46634  0.26236  1.09861  0.40547
     80   0.21642  2.93537  2.68978  2.60911     80 A - - :
          1.38629  1.38629  1.38629  1.38629
          0.04782  3.75724  3.75724  1.46634  0.26236  1.09861  0.40547
     81   0.21642  2.93537  2.68978  2.60911     81 A - - :
          1.38629  1.38629  1.38629  1.38629
          0.02420  3.73362        *  1.46634  0.26236  0.00000        *
//
