INFERNAL1/a [1.1.2 | July 2016]
NAME     t_pro_shob_ohsc_sr_round5_extend_0001
STATES   243
NODES    64
CLEN     78
W        95
ALPH     RNA
RF       no
CONS     yes
MAP      yes
DATE     Mon Jan 27 21:16:57 2020
COM      [1] cmbuild /home/co78wid/projects/master/results/ta_systems/shob_ohsc/shob_ohsc_sr/extend_analysis_2_3_4/2_structure_analysis/infernal_search/t_pro_shob_ohsc_sr_cmbuild.txt /home/co78wid/projects/master/results/ta_systems/shob_ohsc/shob_ohsc_sr/1_sequence_analysis/fold/t_pro_shob_ohsc_sr_round5_extend.stk
COM      [2] cmcalibrate --cpu 30 /home/co78wid/projects/master/results/ta_systems/shob_ohsc/shob_ohsc_sr/extend_analysis_2_3_4/2_structure_analysis/infernal_search/t_pro_shob_ohsc_sr_cmbuild.txt
PBEGIN   0.05
PEND     0.05
WBETA    1e-07
QDBBETA1 1e-07
QDBBETA2 1e-15
N2OMEGA  1.52588e-05
N3OMEGA  1.52588e-05
ELSELF   -0.08926734
NSEQ     18
EFFN     1.243652
CKSUM    1705203143
NULL     0.000  0.000  0.000  0.000 
EFP7GF   -7.8545 0.71884
ECMLC    0.58790    -9.08104     1.31432     1600000      541196  0.002217
ECMGC    0.41833   -14.31641    -2.04459     1600000       67858  0.005895
ECMLI    0.53242    -7.55554     3.07736     1600000      344971  0.003479
ECMGI    0.45360    -9.05183     1.59389     1600000       50028  0.007996
CM
                                             [ ROOT    0 ]      -      - - - - -
     S     0    -1 0     1     4     1     1    95   115  -6.580  -7.825  -0.099  -4.279                 
    IL     1     1 2     1     4     3    33    96   116  -2.817  -4.319  -0.613  -2.698                  0.000  0.000  0.000  0.000 
    IR     2     2 3     2     3     4    34    96   117  -1.925  -0.554  -4.164                          0.000  0.000  0.000  0.000 
                                             [ MATR    1 ]      -     78 - A - -
    MR     3     2 3     5     3     4    34    95   115  -8.088  -0.022  -6.405                          1.380 -1.482 -0.930 -0.958 
     D     4     2 3     5     3     1    29    93   113  -6.390  -1.568  -0.620                         
    IR     5     5 3     5     3     3    33    95   116  -1.925  -0.554  -4.164                          0.000  0.000  0.000  0.000 
                                             [ MATR    2 ]      -     77 - U - -
    MR     6     5 3     8     3     4    33    94   114  -8.088  -0.022  -6.405                         -0.976 -1.067 -1.677  1.434 
     D     7     5 3     8     3     1    28    92   112  -6.390  -1.568  -0.620                         
    IR     8     8 3     8     3     3    32    94   115  -1.925  -0.554  -4.164                          0.000  0.000  0.000  0.000 
                                             [ MATR    3 ]      -     76 - U - -
    MR     9     8 3    11     3     4    32    93   113  -8.088  -0.022  -6.405                         -0.976 -1.067 -1.677  1.434 
     D    10     8 3    11     3     0    28    91   111  -6.390  -1.568  -0.620                         
    IR    11    11 3    11     3     3    32    93   114  -1.925  -0.554  -4.164                          0.000  0.000  0.000  0.000 
                                             [ MATR    4 ]      -     75 - C - -
    MR    12    11 3    14     3     3    31    92   112  -8.088  -0.022  -6.405                         -1.074  1.380 -1.865 -0.627 
     D    13    11 3    14     3     0    27    90   110  -6.390  -1.568  -0.620                         
    IR    14    14 3    14     3     2    31    92   113  -1.925  -0.554  -4.164                          0.000  0.000  0.000  0.000 
                                             [ MATR    5 ]      -     74 - U - -
    MR    15    14 3    17     3     3    30    91   111  -8.088  -0.022  -6.405                         -0.976 -1.067 -1.677  1.434 
     D    16    14 3    17     3     0    26    89   109  -6.390  -1.568  -0.620                         
    IR    17    17 3    17     3     2    30    91   112  -1.925  -0.554  -4.164                          0.000  0.000  0.000  0.000 
                                             [ MATR    6 ]      -     73 - U - -
    MR    18    17 3    20     3     3    29    90   110  -8.088  -0.022  -6.405                         -0.976 -1.067 -1.677  1.434 
     D    19    17 3    20     3     0    25    88   108  -6.390  -1.568  -0.620                         
    IR    20    20 3    20     3     2    29    90   111  -1.925  -0.554  -4.164                          0.000  0.000  0.000  0.000 
                                             [ MATR    7 ]      -     72 - G - -
    MR    21    20 3    23     3     2    29    89   109  -8.088  -0.022  -6.405                         -0.971 -2.083  1.532 -1.468 
     D    22    20 3    23     3     0    24    87   107  -6.390  -1.568  -0.620                         
    IR    23    23 3    23     3     2    28    89   110  -1.925  -0.554  -4.164                          0.000  0.000  0.000  0.000 
                                             [ MATR    8 ]      -     71 - U - -
    MR    24    23 3    26     3     2    28    88   108  -8.088  -0.022  -6.405                         -0.976 -1.067 -1.677  1.434 
     D    25    23 3    26     3     0    24    86   106  -6.390  -1.568  -0.620                         
    IR    26    26 3    26     3     1    27    88   109  -1.925  -0.554  -4.164                          0.000  0.000  0.000  0.000 
                                             [ MATR    9 ]      -     70 - c - -
    MR    27    26 3    29     3     2    27    87   107  -8.088  -0.022  -6.405                         -0.668  0.974 -1.447  0.056 
     D    28    26 3    29     3     0    23    85   105  -6.390  -1.568  -0.620                         
    IR    29    29 3    29     3     1    27    87   108  -1.925  -0.554  -4.164                          0.000  0.000  0.000  0.000 
                                             [ MATR   10 ]      -     69 - U - -
    MR    30    29 3    32     3     2    26    86   106  -8.088  -0.022  -6.405                         -0.976 -1.067 -1.677  1.434 
     D    31    29 3    32     3     0    22    84   104  -6.390  -1.568  -0.620                         
    IR    32    32 3    32     3     1    26    86   107  -1.925  -0.554  -4.164                          0.000  0.000  0.000  0.000 
                                             [ MATR   11 ]      -     68 - U - -
    MR    33    32 3    35     3     2    25    85   105  -8.088  -0.022  -6.405                         -0.976 -1.067 -1.677  1.434 
     D    34    32 3    35     3     0    22    83   103  -6.390  -1.568  -0.620                         
    IR    35    35 3    35     3     1    25    85   106  -1.925  -0.554  -4.164                          0.000  0.000  0.000  0.000 
                                             [ MATR   12 ]      -     67 - C - -
    MR    36    35 3    38     3     1    24    84   104  -8.088  -0.022  -6.405                         -1.074  1.380 -1.865 -0.627 
     D    37    35 3    38     3     0    21    82   102  -6.390  -1.568  -0.620                         
    IR    38    38 3    38     3     1    24    84   105  -1.925  -0.554  -4.164                          0.000  0.000  0.000  0.000 
                                             [ MATR   13 ]      -     66 - C - -
    MR    39    38 3    41     3     1    23    83   103  -8.088  -0.022  -6.405                         -1.074  1.380 -1.865 -0.627 
     D    40    38 3    41     3     0    20    81   101  -6.390  -1.568  -0.620                         
    IR    41    41 3    41     3     1    23    83   104  -1.925  -0.554  -4.164                          0.000  0.000  0.000  0.000 
                                             [ MATR   14 ]      -     65 - U - -
    MR    42    41 3    44     3     1    22    82   102  -8.088  -0.022  -6.405                         -0.976 -1.067 -1.677  1.434 
     D    43    41 3    44     3     0    20    80   100  -6.390  -1.568  -0.620                         
    IR    44    44 3    44     3     1    22    82   103  -1.925  -0.554  -4.164                          0.000  0.000  0.000  0.000 
                                             [ MATR   15 ]      -     64 - A - -
    MR    45    44 3    47     3     1    21    81   101  -8.088  -0.022  -6.405                          1.111 -0.670 -1.003 -0.488 
     D    46    44 3    47     3     0    19    79    99  -6.390  -1.568  -0.620                         
    IR    47    47 3    47     3     1    21    81   102  -1.925  -0.554  -4.164                          0.000  0.000  0.000  0.000 
                                             [ MATR   16 ]      -     63 - G - -
    MR    48    47 3    50     3     1    20    80   100  -8.088  -0.022  -6.405                         -0.971 -2.083  1.532 -1.468 
     D    49    47 3    50     3     0    19    78    98  -6.390  -1.568  -0.620                         
    IR    50    50 3    50     3     1    20    80   101  -1.925  -0.554  -4.164                          0.000  0.000  0.000  0.000 
                                             [ MATR   17 ]      -     62 - U - -
    MR    51    50 3    53     2     1    19    79    99  -8.004  -0.006                                 -0.976 -1.067 -1.677  1.434 
     D    52    50 3    53     2     0    18    78    98  -4.432  -0.068                                 
    IR    53    53 3    53     2     1    19    80   100  -1.823  -0.479                                  0.000  0.000  0.000  0.000 
                                             [ BIF    18 ]      -      - - - - -
     B    54    53 3    55   198     0    18    78    98                                                 
                                             [ BEGL   19 ]      -      - - - - -
     S    55    54 1    56     4     0     6    63    83  -0.050  -6.684  -6.091  -6.731                 
                                             [ MATP   20 ]      1     47 a u - -
    MP    56    55 1    60     6     2     9    63    83  -8.996  -8.935  -0.023  -7.712  -7.992  -8.387 -3.367 -2.516 -3.410  2.956 -3.540 -4.575  0.737 -3.474 -3.325  1.544 -3.850 -0.071  0.315 -3.832 -1.208 -2.274 
    ML    57    55 1    60     6     1     3    62    81  -6.250  -6.596  -1.310  -1.005  -6.446  -3.975  0.368 -0.385 -0.191  0.094 
    MR    58    55 1    60     6     1     3    61    81  -6.988  -5.717  -1.625  -5.695  -0.829  -3.908  0.368 -0.385 -0.191  0.094 
     D    59    55 1    60     6     0     0    59    79  -9.049  -7.747  -3.544  -4.226  -4.244  -0.319 
    IL    60    60 5    60     6     1     4    63    83  -2.579  -2.842  -0.760  -4.497  -5.274  -4.934  0.000  0.000  0.000  0.000 
    IR    61    61 6    61     5     1     5    62    82  -2.408  -0.496  -5.920  -4.087  -5.193          0.000  0.000  0.000  0.000 
                                             [ MATP   21 ]      2     46 u a - -
    MP    62    61 6    66     6     2     7    61    81  -8.996  -8.935  -0.023  -7.712  -7.992  -8.387 -3.651 -3.447 -3.544  0.213 -2.612 -4.155  1.700 -3.266 -3.557  0.571 -3.954 -1.360  2.985 -3.818 -0.302 -2.427 
    ML    63    61 6    66     6     1     3    60    80  -6.250  -6.596  -1.310  -1.005  -6.446  -3.975  0.368 -0.385 -0.191  0.094 
    MR    64    61 6    66     6     1     3    60    79  -6.988  -5.717  -1.625  -5.695  -0.829  -3.908  0.368 -0.385 -0.191  0.094 
     D    65    61 6    66     6     0     0    57    77  -9.049  -7.747  -3.544  -4.226  -4.244  -0.319 
    IL    66    66 5    66     6     1     4    61    81  -2.579  -2.842  -0.760  -4.497  -5.274  -4.934  0.000  0.000  0.000  0.000 
    IR    67    67 6    67     5     1     4    60    80  -2.408  -0.496  -5.920  -4.087  -5.193          0.000  0.000  0.000  0.000 
                                             [ MATP   22 ]      3     45 G C - -
    MP    68    67 6    72     6     2     6    59    79  -8.996  -8.935  -0.023  -7.712  -7.992  -8.387 -4.186 -2.833 -4.251  0.556 -4.451 -4.463  0.053 -4.441 -3.941  3.470 -4.322 -0.519 -0.351 -4.098 -1.958 -3.137 
    ML    69    67 6    72     6     1     2    58    78  -6.250  -6.596  -1.310  -1.005  -6.446  -3.975  0.368 -0.385 -0.191  0.094 
    MR    70    67 6    72     6     1     2    58    78  -6.988  -5.717  -1.625  -5.695  -0.829  -3.908  0.368 -0.385 -0.191  0.094 
     D    71    67 6    72     6     0     0    56    76  -9.049  -7.747  -3.544  -4.226  -4.244  -0.319 
    IL    72    72 5    72     6     1     3    59    79  -2.579  -2.842  -0.760  -4.497  -5.274  -4.934  0.000  0.000  0.000  0.000 
    IR    73    73 6    73     5     1     3    58    78  -2.408  -0.496  -5.920  -4.087  -5.193          0.000  0.000  0.000  0.000 
                                             [ MATP   23 ]      4     44 a u - -
    MP    74    73 6    78     4     2     4    57    77  -6.635  -6.842  -0.066  -5.257                 -3.367 -2.516 -3.410  2.956 -3.540 -4.575  0.737 -3.474 -3.325  1.544 -3.850 -0.071  0.315 -3.832 -1.208 -2.274 
    ML    75    73 6    78     4     1     1    57    77  -3.758  -3.940  -0.507  -2.670                  0.368 -0.385 -0.191  0.094 
    MR    76    73 6    78     4     1     1    57    77  -4.809  -3.838  -1.706  -0.766                  0.368 -0.385 -0.191  0.094 
     D    77    73 6    78     4     0     0    56    76  -4.568  -4.250  -2.265  -0.520                 
    IL    78    78 5    78     4     1     3    59    79  -1.686  -2.369  -1.117  -4.855                  0.000  0.000  0.000  0.000 
    IR    79    79 6    79     3     1     2    58    78  -1.442  -0.798  -4.142                          0.000  0.000  0.000  0.000 
                                             [ MATL   24 ]      5      - C - - -
    ML    80    79 6    82     5     1     4    55    74  -6.846  -0.046  -6.661  -6.873  -7.765         -0.875  1.223 -1.663 -0.313 
     D    81    79 6    82     5     0     0    53    73  -4.959  -0.803  -4.221  -2.596  -2.508         
    IL    82    82 3    82     5     1     1    55    75  -2.408  -0.496  -4.087  -5.920  -5.193          0.000  0.000  0.000  0.000 
                                             [ MATP   25 ]      6     43 u a - -
    MP    83    82 3    87     6     2     5    54    73  -8.996  -8.935  -0.023  -7.712  -7.992  -8.387 -3.498 -3.387 -3.415  0.256 -2.500 -4.023  1.802 -3.165 -3.443  0.598 -3.850 -1.393  2.859 -3.652  0.136 -2.325 
    ML    84    82 3    87     6     1     1    52    72  -6.250  -6.596  -1.310  -1.005  -6.446  -3.975  0.368 -0.385 -0.191  0.094 
    MR    85    82 3    87     6     1     1    52    72  -6.988  -5.717  -1.625  -5.695  -0.829  -3.908  0.368 -0.385 -0.191  0.094 
     D    86    82 3    87     6     0     0    50    69  -9.049  -7.747  -3.544  -4.226  -4.244  -0.319 
    IL    87    87 5    87     6     1     1    53    73  -2.579  -2.842  -0.760  -4.497  -5.274  -4.934  0.000  0.000  0.000  0.000 
    IR    88    88 6    88     5     1     1    53    73  -2.408  -0.496  -5.920  -4.087  -5.193          0.000  0.000  0.000  0.000 
                                             [ MATP   26 ]      7     42 G C - -
    MP    89    88 6    93     6     2     5    52    71  -8.996  -8.935  -0.023  -7.712  -7.992  -8.387 -4.186 -2.833 -4.251  0.556 -4.451 -4.463  0.053 -4.441 -3.941  3.470 -4.322 -0.519 -0.351 -4.098 -1.958 -3.137 
    ML    90    88 6    93     6     1     1    50    70  -6.250  -6.596  -1.310  -1.005  -6.446  -3.975  0.368 -0.385 -0.191  0.094 
    MR    91    88 6    93     6     1     1    50    70  -6.988  -5.717  -1.625  -5.695  -0.829  -3.908  0.368 -0.385 -0.191  0.094 
     D    92    88 6    93     6     0     0    48    67  -9.049  -7.747  -3.544  -4.226  -4.244  -0.319 
    IL    93    93 5    93     6     1     1    51    71  -2.579  -2.842  -0.760  -4.497  -5.274  -4.934  0.000  0.000  0.000  0.000 
    IR    94    94 6    94     5     1     1    51    71  -2.408  -0.496  -5.920  -4.087  -5.193          0.000  0.000  0.000  0.000 
                                             [ MATP   27 ]      8     41 a u - -
    MP    95    94 6    99     6     2     4    50    69  -8.996  -8.935  -0.023  -7.712  -7.992  -8.387 -3.367 -2.516 -3.410  2.956 -3.540 -4.575  0.737 -3.474 -3.325  1.544 -3.850 -0.071  0.315 -3.832 -1.208 -2.274 
    ML    96    94 6    99     6     1     1    48    68  -6.250  -6.596  -1.310  -1.005  -6.446  -3.975  0.368 -0.385 -0.191  0.094 
    MR    97    94 6    99     6     1     1    48    68  -6.988  -5.717  -1.625  -5.695  -0.829  -3.908  0.368 -0.385 -0.191  0.094 
     D    98    94 6    99     6     0     0    46    66  -9.049  -7.747  -3.544  -4.226  -4.244  -0.319 
    IL    99    99 5    99     6     1     1    49    69  -2.579  -2.842  -0.760  -4.497  -5.274  -4.934  0.000  0.000  0.000  0.000 
    IR   100   100 6   100     5     1     1    49    69  -2.408  -0.496  -5.920  -4.087  -5.193          0.000  0.000  0.000  0.000 
                                             [ MATP   28 ]      9     40 u a - -
    MP   101   100 6   105     6     2     4    48    67  -8.996  -8.935  -0.023  -7.712  -7.992  -8.387 -3.267 -3.192 -3.221  0.419 -2.368 -3.859  1.911 -3.015 -3.248  0.730 -3.675 -1.239  2.557 -3.442  0.788 -2.160 
    ML   102   100 6   105     6     1     1    47    67  -6.250  -6.596  -1.310  -1.005  -6.446  -3.975  0.368 -0.385 -0.191  0.094 
    MR   103   100 6   105     6     1     1    47    66  -6.988  -5.717  -1.625  -5.695  -0.829  -3.908  0.368 -0.385 -0.191  0.094 
     D   104   100 6   105     6     0     0    45    65  -9.049  -7.747  -3.544  -4.226  -4.244  -0.319 
    IL   105   105 5   105     6     1     1    47    67  -2.579  -2.842  -0.760  -4.497  -5.274  -4.934  0.000  0.000  0.000  0.000 
    IR   106   106 6   106     5     1     1    47    67  -2.408  -0.496  -5.920  -4.087  -5.193          0.000  0.000  0.000  0.000 
                                             [ MATP   29 ]     10     39 u a - -
    MP   107   106 6   111     4     2     2    46    65  -6.635  -6.842  -0.066  -5.257                 -3.651 -3.447 -3.544  0.213 -2.612 -4.155  1.700 -3.266 -3.557  0.571 -3.954 -1.360  2.985 -3.818 -0.302 -2.427 
    ML   108   106 6   111     4     1     1    46    66  -3.758  -3.940  -0.507  -2.670                  0.368 -0.385 -0.191  0.094 
    MR   109   106 6   111     4     1     1    45    65  -4.809  -3.838  -1.706  -0.766                  0.368 -0.385 -0.191  0.094 
     D   110   106 6   111     4     0     0    44    64  -4.568  -4.250  -2.265  -0.520                 
    IL   111   111 5   111     4     1     1    47    67  -1.686  -2.369  -1.117  -4.855                  0.000  0.000  0.000  0.000 
    IR   112   112 6   112     3     1     1    46    66  -1.442  -0.798  -4.142                          0.000  0.000  0.000  0.000 
                                             [ MATL   30 ]     11      - G - - -
    ML   113   112 6   115     3     1     1    43    63  -7.677  -0.025  -6.331                         -0.569 -1.797  1.378 -1.186 
     D   114   112 6   115     3     0     0    42    61  -6.174  -1.687  -0.566                         
    IL   115   115 3   115     3     1     1    45    65  -1.442  -0.798  -4.142                          0.000  0.000  0.000  0.000 
                                             [ MATL   31 ]     12      - C - - -
    ML   116   115 3   118     3     1     1    42    61  -7.677  -0.025  -6.331                         -0.754  1.094 -1.538 -0.107 
     D   117   115 3   118     3     0     0    41    60  -6.174  -1.687  -0.566                         
    IL   118   118 3   118     3     1     1    44    64  -1.442  -0.798  -4.142                          0.000  0.000  0.000  0.000 
                                             [ MATL   32 ]     13      - C - - -
    ML   119   118 3   121     3     1     1    41    60  -8.088  -0.022  -6.405                         -1.074  1.380 -1.865 -0.627 
     D   120   118 3   121     3     0     0    40    59  -5.620  -0.734  -1.403                         
    IL   121   121 3   121     3     1     1    42    61  -1.925  -0.554  -4.164                          0.000  0.000  0.000  0.000 
                                             [ MATR   33 ]      -     38 - A - -
    MR   122   121 3   124     3     1     1    40    59  -8.088  -0.022  -6.405                          1.561 -1.803 -1.492 -1.295 
     D   123   121 3   124     3     0     0    38    58  -6.390  -1.568  -0.620                         
    IR   124   124 3   124     3     1     1    41    60  -1.925  -0.554  -4.164                          0.000  0.000  0.000  0.000 
                                             [ MATR   34 ]      -     37 - A - -
    MR   125   124 3   127     5     1     1    39    58  -6.846  -0.046  -6.661  -6.873  -7.765          1.561 -1.803 -1.492 -1.295 
     D   126   124 3   127     5     0     0    38    57  -5.352  -0.707  -2.978  -4.409  -2.404         
    IR   127   127 3   127     5     1     1    39    59  -2.408  -0.496  -5.920  -4.087  -5.193          0.000  0.000  0.000  0.000 
                                             [ MATP   35 ]     14     36 G C - -
    MP   128   127 3   132     6     2     2    38    57  -8.996  -8.935  -0.023  -7.712  -7.992  -8.387 -3.842 -2.628 -3.900  0.827 -4.296 -4.366  0.181 -4.177 -3.736  3.315 -4.147  0.199 -0.137 -3.844 -1.805 -2.803 
    ML   129   127 3   132     6     1     1    37    56  -6.250  -6.596  -1.310  -1.005  -6.446  -3.975  0.368 -0.385 -0.191  0.094 
    MR   130   127 3   132     6     1     1    37    56  -6.988  -5.717  -1.625  -5.695  -0.829  -3.908  0.368 -0.385 -0.191  0.094 
     D   131   127 3   132     6     0     0    34    54  -9.049  -7.747  -3.544  -4.226  -4.244  -0.319 
    IL   132   132 5   132     6     1     1    38    57  -2.579  -2.842  -0.760  -4.497  -5.274  -4.934  0.000  0.000  0.000  0.000 
    IR   133   133 6   133     5     1     1    37    57  -2.408  -0.496  -5.920  -4.087  -5.193          0.000  0.000  0.000  0.000 
                                             [ MATP   36 ]     15     35 a u - -
    MP   134   133 6   138     6     2     2    36    55  -8.996  -8.935  -0.023  -7.712  -7.992  -8.387 -3.367 -2.516 -3.410  2.956 -3.540 -4.575  0.737 -3.474 -3.325  1.544 -3.850 -0.071  0.315 -3.832 -1.208 -2.274 
    ML   135   133 6   138     6     1     1    35    55  -6.250  -6.596  -1.310  -1.005  -6.446  -3.975  0.368 -0.385 -0.191  0.094 
    MR   136   133 6   138     6     1     1    35    54  -6.988  -5.717  -1.625  -5.695  -0.829  -3.908  0.368 -0.385 -0.191  0.094 
     D   137   133 6   138     6     0     0    33    53  -9.049  -7.747  -3.544  -4.226  -4.244  -0.319 
    IL   138   138 5   138     6     1     1    36    55  -2.579  -2.842  -0.760  -4.497  -5.274  -4.934  0.000  0.000  0.000  0.000 
    IR   139   139 6   139     5     1     1    35    55  -2.408  -0.496  -5.920  -4.087  -5.193          0.000  0.000  0.000  0.000 
                                             [ MATP   37 ]     16     34 u a - -
    MP   140   139 6   144     4     2     2    34    53  -6.635  -6.842  -0.066  -5.257                 -3.651 -3.447 -3.544  0.213 -2.612 -4.155  1.700 -3.266 -3.557  0.571 -3.954 -1.360  2.985 -3.818 -0.302 -2.427 
    ML   141   139 6   144     4     1     1    34    54  -3.758  -3.940  -0.507  -2.670                  0.368 -0.385 -0.191  0.094 
    MR   142   139 6   144     4     1     1    34    53  -4.809  -3.838  -1.706  -0.766                  0.368 -0.385 -0.191  0.094 
     D   143   139 6   144     4     0     0    33    52  -4.568  -4.250  -2.265  -0.520                 
    IL   144   144 5   144     4     1     1    36    55  -1.686  -2.369  -1.117  -4.855                  0.000  0.000  0.000  0.000 
    IR   145   145 6   145     3     1     1    35    54  -1.442  -0.798  -4.142                          0.000  0.000  0.000  0.000 
                                             [ MATL   38 ]     17      - A - - -
    ML   146   145 6   148     3     1     1    31    50  -8.088  -0.022  -6.405                          1.561 -1.803 -1.492 -1.295 
     D   147   145 6   148     3     0     0    30    49  -5.620  -0.734  -1.403                         
    IL   148   148 3   148     3     1     1    32    51  -1.925  -0.554  -4.164                          0.000  0.000  0.000  0.000 
                                             [ MATR   39 ]      -     33 - C - -
    MR   149   148 3   151     3     1     1    30    49  -8.088  -0.022  -6.405                         -0.755  1.095 -1.539 -0.109 
     D   150   148 3   151     3     0     0    29    48  -6.390  -1.568  -0.620                         
    IR   151   151 3   151     3     1     1    31    50  -1.925  -0.554  -4.164                          0.000  0.000  0.000  0.000 
                                             [ MATR   40 ]      -     32 - U - -
    MR   152   151 3   154     5     1     1    29    48  -6.846  -0.046  -6.661  -6.873  -7.765         -0.609 -0.351 -1.330  1.113 
     D   153   151 3   154     5     0     0    28    47  -5.352  -0.707  -2.978  -4.409  -2.404         
    IR   154   154 3   154     5     1     1    30    49  -2.408  -0.496  -5.920  -4.087  -5.193          0.000  0.000  0.000  0.000 
                                             [ MATP   41 ]     18     31 C G - -
    MP   155   154 3   159     6     2     2    28    47  -8.996  -8.935  -0.023  -7.712  -7.992  -8.387 -3.993 -3.840 -3.772 -0.133 -2.627 -4.254  3.332 -3.378 -3.808  0.209 -4.123 -1.782  0.936 -4.096 -0.325 -2.669 
    ML   156   154 3   159     6     1     1    27    46  -6.250  -6.596  -1.310  -1.005  -6.446  -3.975  0.368 -0.385 -0.191  0.094 
    MR   157   154 3   159     6     1     1    27    46  -6.988  -5.717  -1.625  -5.695  -0.829  -3.908  0.368 -0.385 -0.191  0.094 
     D   158   154 3   159     6     0     0    25    44  -9.049  -7.747  -3.544  -4.226  -4.244  -0.319 
    IL   159   159 5   159     6     1     1    28    47  -2.579  -2.842  -0.760  -4.497  -5.274  -4.934  0.000  0.000  0.000  0.000 
    IR   160   160 6   160     5     1     1    28    47  -2.408  -0.496  -5.920  -4.087  -5.193          0.000  0.000  0.000  0.000 
                                             [ MATP   42 ]     19     30 C G - -
    MP   161   160 6   165     6     2     2    26    45  -8.996  -8.935  -0.023  -7.712  -7.992  -8.387 -3.323 -3.333 -2.387  0.117 -2.062 -4.104  3.277 -3.380 -3.425  0.340 -3.888 -1.522  0.807 -3.569 -0.638 -2.426 
    ML   162   160 6   165     6     1     1    26    45  -6.250  -6.596  -1.310  -1.005  -6.446  -3.975  0.368 -0.385 -0.191  0.094 
    MR   163   160 6   165     6     1     1    25    45  -6.988  -5.717  -1.625  -5.695  -0.829  -3.908  0.368 -0.385 -0.191  0.094 
     D   164   160 6   165     6     0     0    24    43  -9.049  -7.747  -3.544  -4.226  -4.244  -0.319 
    IL   165   165 5   165     6     1     1    26    45  -2.579  -2.842  -0.760  -4.497  -5.274  -4.934  0.000  0.000  0.000  0.000 
    IR   166   166 6   166     5     1     1    26    45  -2.408  -0.496  -5.920  -4.087  -5.193          0.000  0.000  0.000  0.000 
                                             [ MATP   43 ]     20     29 u g - -
    MP   167   166 6   171     4     2     2    24    43  -6.635  -6.842  -0.066  -5.257                 -3.540 -3.433 -3.365  0.175 -2.312 -3.885  1.956 -3.025 -3.401  0.472 -3.752 -1.450  1.195 -3.674  2.544 -2.302 
    ML   168   166 6   171     4     1     1    25    44  -3.758  -3.940  -0.507  -2.670                  0.368 -0.385 -0.191  0.094 
    MR   169   166 6   171     4     1     1    24    44  -4.809  -3.838  -1.706  -0.766                  0.368 -0.385 -0.191  0.094 
     D   170   166 6   171     4     0     0    23    43  -4.568  -4.250  -2.265  -0.520                 
    IL   171   171 5   171     4     1     1    26    45  -1.686  -2.369  -1.117  -4.855                  0.000  0.000  0.000  0.000 
    IR   172   172 6   172     3     1     1    25    44  -1.442  -0.798  -4.142                          0.000  0.000  0.000  0.000 
                                             [ MATL   44 ]     21      - g - - -
    ML   173   172 6   175     3     1     1    21    40  -7.677  -0.025  -6.331                         -0.363 -1.119  0.903 -0.166 
     D   174   172 6   175     3     0     0    20    39  -6.174  -1.687  -0.566                         
    IL   175   175 3   175     3     1     1    24    43  -1.442  -0.798  -4.142                          0.000  0.000  0.000  0.000 
                                             [ MATL   45 ]     22      - A - - -
    ML   176   175 3   178     3     1     1    20    39  -7.677  -0.025  -6.331                          1.561 -1.803 -1.492 -1.295 
     D   177   175 3   178     3     0     0    19    38  -6.174  -1.687  -0.566                         
    IL   178   178 3   178     3     1     1    23    42  -1.442  -0.798  -4.142                          0.000  0.000  0.000  0.000 
                                             [ MATL   46 ]     23      - U - - -
    ML   179   178 3   181     3     1     1    19    38  -7.677  -0.025  -6.331                         -0.976 -1.067 -1.677  1.434 
     D   180   178 3   181     3     0     0    18    37  -6.174  -1.687  -0.566                         
    IL   181   181 3   181     3     1     1    22    41  -1.442  -0.798  -4.142                          0.000  0.000  0.000  0.000 
                                             [ MATL   47 ]     24      - U - - -
    ML   182   181 3   184     3     1     1    18    36  -7.677  -0.025  -6.331                         -0.976 -1.067 -1.677  1.434 
     D   183   181 3   184     3     0     0    17    36  -6.174  -1.687  -0.566                         
    IL   184   184 3   184     3     1     1    21    40  -1.442  -0.798  -4.142                          0.000  0.000  0.000  0.000 
                                             [ MATL   48 ]     25      - A - - -
    ML   185   184 3   187     3     1     1    16    35  -7.677  -0.025  -6.331                          1.561 -1.803 -1.492 -1.295 
     D   186   184 3   187     3     0     0    16    34  -6.174  -1.687  -0.566                         
    IL   187   187 3   187     3     1     1    20    38  -1.442  -0.798  -4.142                          0.000  0.000  0.000  0.000 
                                             [ MATL   49 ]     26      - A - - -
    ML   188   187 3   190     3     1     1    15    33  -7.677  -0.025  -6.331                          1.561 -1.803 -1.492 -1.295 
     D   189   187 3   190     3     0     0    15    33  -6.174  -1.687  -0.566                         
    IL   190   190 3   190     3     1     1    19    37  -1.442  -0.798  -4.142                          0.000  0.000  0.000  0.000 
                                             [ MATL   50 ]     27      - A - - -
    ML   191   190 3   193     3     1     1    13    32  -7.677  -0.025  -6.331                          1.561 -1.803 -1.492 -1.295 
     D   192   190 3   193     3     0     0    13    32  -6.174  -1.687  -0.566                         
    IL   193   193 3   193     3     1     1    18    36  -1.442  -0.798  -4.142                          0.000  0.000  0.000  0.000 
                                             [ MATL   51 ]     28      - C - - -
    ML   194   193 3   196     2     1     1     1     1       *   0.000                                 -0.558  1.128 -1.470 -0.368 
     D   195   193 3   196     2     0     0     0     0       *   0.000                                 
    IL   196   196 3   196     2     1     1    13    28  -1.823  -0.479                                  0.000  0.000  0.000  0.000 
                                             [ END    52 ]      -      - - - - -
     E   197   196 3    -1     0     0     0     0     0                                                 
                                             [ BEGR   53 ]      -      - - - - -
     S   198    54 1   199     3     0     0    28    47  -7.677  -0.025  -6.331                         
    IL   199   199 2   199     3     1     1    31    51  -1.442  -0.798  -4.142                          0.000  0.000  0.000  0.000 
                                             [ MATL   54 ]     48      - U - - -
    ML   200   199 2   202     5     1     1    28    46  -6.846  -0.046  -6.661  -6.873  -7.765         -0.976 -1.067 -1.677  1.434 
     D   201   199 2   202     5     0     0    26    45  -4.959  -0.803  -4.221  -2.596  -2.508         
    IL   202   202 3   202     5     1     1    28    47  -2.408  -0.496  -4.087  -5.920  -5.193          0.000  0.000  0.000  0.000 
                                             [ MATP   55 ]     49     61 G C - -
    MP   203   202 3   207     6     2     2    27    45  -8.996  -8.935  -0.023  -7.712  -7.992  -8.387 -3.995 -2.711 -4.063  0.715 -4.432 -4.418  0.072 -4.323 -3.833  3.400 -4.233 -0.122 -0.260 -3.956 -1.927 -2.958 
    ML   204   202 3   207     6     1     1    25    44  -6.250  -6.596  -1.310  -1.005  -6.446  -3.975  0.368 -0.385 -0.191  0.094 
    MR   205   202 3   207     6     1     1    25    44  -6.988  -5.717  -1.625  -5.695  -0.829  -3.908  0.368 -0.385 -0.191  0.094 
     D   206   202 3   207     6     0     0    23    42  -9.049  -7.747  -3.544  -4.226  -4.244  -0.319 
    IL   207   207 5   207     6     1     1    26    45  -2.579  -2.842  -0.760  -4.497  -5.274  -4.934  0.000  0.000  0.000  0.000 
    IR   208   208 6   208     5     1     1    26    45  -2.408  -0.496  -5.920  -4.087  -5.193          0.000  0.000  0.000  0.000 
                                             [ MATP   56 ]     50     60 C G - -
    MP   209   208 6   213     6     2     2    25    43  -8.996  -8.935  -0.023  -7.712  -7.992  -8.387 -3.993 -3.840 -3.772 -0.133 -2.627 -4.254  3.332 -3.378 -3.808  0.209 -4.123 -1.782  0.936 -4.096 -0.325 -2.669 
    ML   210   208 6   213     6     1     1    23    42  -6.250  -6.596  -1.310  -1.005  -6.446  -3.975  0.368 -0.385 -0.191  0.094 
    MR   211   208 6   213     6     1     1    23    42  -6.988  -5.717  -1.625  -5.695  -0.829  -3.908  0.368 -0.385 -0.191  0.094 
     D   212   208 6   213     6     0     0    21    40  -9.049  -7.747  -3.544  -4.226  -4.244  -0.319 
    IL   213   213 5   213     6     1     1    24    43  -2.579  -2.842  -0.760  -4.497  -5.274  -4.934  0.000  0.000  0.000  0.000 
    IR   214   214 6   214     5     1     1    24    43  -2.408  -0.496  -5.920  -4.087  -5.193          0.000  0.000  0.000  0.000 
                                             [ MATP   57 ]     51     59 u a - -
    MP   215   214 6   219     6     2     2    23    41  -8.996  -8.935  -0.023  -7.712  -7.992  -8.387 -3.651 -3.447 -3.544  0.213 -2.612 -4.155  1.700 -3.266 -3.557  0.571 -3.954 -1.360  2.985 -3.818 -0.302 -2.427 
    ML   216   214 6   219     6     1     1    22    40  -6.250  -6.596  -1.310  -1.005  -6.446  -3.975  0.368 -0.385 -0.191  0.094 
    MR   217   214 6   219     6     1     1    21    40  -6.988  -5.717  -1.625  -5.695  -0.829  -3.908  0.368 -0.385 -0.191  0.094 
     D   218   214 6   219     6     0     0    19    38  -9.049  -7.747  -3.544  -4.226  -4.244  -0.319 
    IL   219   219 5   219     6     1     1    22    41  -2.579  -2.842  -0.760  -4.497  -5.274  -4.934  0.000  0.000  0.000  0.000 
    IR   220   220 6   220     5     1     1    22    41  -2.408  -0.496  -5.920  -4.087  -5.193          0.000  0.000  0.000  0.000 
                                             [ MATP   58 ]     52     58 G C - -
    MP   221   220 6   225     6     2     2    21    39  -8.996  -8.935  -0.023  -7.712  -7.992  -8.387 -4.186 -2.833 -4.251  0.556 -4.451 -4.463  0.053 -4.441 -3.941  3.470 -4.322 -0.519 -0.351 -4.098 -1.958 -3.137 
    ML   222   220 6   225     6     1     1    20    39  -6.250  -6.596  -1.310  -1.005  -6.446  -3.975  0.368 -0.385 -0.191  0.094 
    MR   223   220 6   225     6     1     1    20    39  -6.988  -5.717  -1.625  -5.695  -0.829  -3.908  0.368 -0.385 -0.191  0.094 
     D   224   220 6   225     6     0     0    18    37  -9.049  -7.747  -3.544  -4.226  -4.244  -0.319 
    IL   225   225 5   225     6     1     1    21    39  -2.579  -2.842  -0.760  -4.497  -5.274  -4.934  0.000  0.000  0.000  0.000 
    IR   226   226 6   226     5     1     1    20    39  -2.408  -0.496  -5.920  -4.087  -5.193          0.000  0.000  0.000  0.000 
                                             [ MATP   59 ]     53     57 u a - -
    MP   227   226 6   231     4     2     2    19    37  -6.635  -6.842  -0.066  -5.257                 -3.651 -3.447 -3.544  0.213 -2.612 -4.155  1.700 -3.266 -3.557  0.571 -3.954 -1.360  2.985 -3.818 -0.302 -2.427 
    ML   228   226 6   231     4     1     1    20    38  -3.758  -3.940  -0.507  -2.670                  0.368 -0.385 -0.191  0.094 
    MR   229   226 6   231     4     1     1    19    38  -4.809  -3.838  -1.706  -0.766                  0.368 -0.385 -0.191  0.094 
     D   230   226 6   231     4     0     0    18    37  -4.568  -4.250  -2.265  -0.520                 
    IL   231   231 5   231     4     1     1    21    40  -1.686  -2.369  -1.117  -4.855                  0.000  0.000  0.000  0.000 
    IR   232   232 6   232     3     1     1    20    38  -1.442  -0.798  -4.142                          0.000  0.000  0.000  0.000 
                                             [ MATL   60 ]     54      - U - - -
    ML   233   232 6   235     3     1     1    15    33  -7.677  -0.025  -6.331                         -0.976 -1.067 -1.677  1.434 
     D   234   232 6   235     3     0     0    15    33  -6.174  -1.687  -0.566                         
    IL   235   235 3   235     3     1     1    19    37  -1.442  -0.798  -4.142                          0.000  0.000  0.000  0.000 
                                             [ MATL   61 ]     55      - U - - -
    ML   236   235 3   238     3     1     1    13    32  -7.677  -0.025  -6.331                         -0.976 -1.067 -1.677  1.434 
     D   237   235 3   238     3     0     0    13    32  -6.174  -1.687  -0.566                         
    IL   238   238 3   238     3     1     1    18    36  -1.442  -0.798  -4.142                          0.000  0.000  0.000  0.000 
                                             [ MATL   62 ]     56      - U - - -
    ML   239   238 3   241     2     1     1     1     1       *   0.000                                 -0.976 -1.067 -1.677  1.434 
     D   240   238 3   241     2     0     0     0     0       *   0.000                                 
    IL   241   241 3   241     2     1     1    13    28  -1.823  -0.479                                  0.000  0.000  0.000  0.000 
                                             [ END    63 ]      -      - - - - -
     E   242   241 3    -1     0     0     0     0     0                                                 
//
HMMER3/f [3.1b3 | July 2016]
NAME  t_pro_shob_ohsc_sr_round5_extend_0001
LENG  78
MAXL  170
ALPH  RNA
RF    no
MM    no
CONS  yes
CS    yes
MAP   yes
DATE  Mon Jan 27 21:16:58 2020
COM   [1] cmbuild /home/co78wid/projects/master/results/ta_systems/shob_ohsc/shob_ohsc_sr/extend_analysis_2_3_4/2_structure_analysis/infernal_search/t_pro_shob_ohsc_sr_cmbuild.txt /home/co78wid/projects/master/results/ta_systems/shob_ohsc/shob_ohsc_sr/1_sequence_analysis/fold/t_pro_shob_ohsc_sr_round5_extend.stk
NSEQ  18
EFFN  1.832520
CKSUM 1705203143
STATS LOCAL MSV       -8.3569  0.71884
STATS LOCAL VITERBI   -9.2811  0.71884
STATS LOCAL FORWARD   -3.7491  0.71884
HMM          A        C        G        U   
            m->m     m->i     m->d     i->m     i->i     d->m     d->d
  COMPO   1.41938  1.45596  1.55818  1.15696
          1.38629  1.38629  1.38629  1.38629
          0.04660  3.78257  3.78257  1.46634  0.26236  0.00000        *
      1   0.46539  2.47233  1.61676  2.41712      1 A - - <
          1.38629  1.38629  1.38629  1.38629
          0.04660  3.78257  3.78257  1.46634  0.26236  1.09861  0.40547
      2   2.69975  1.70436  2.41357  0.41341      2 U - - <
          1.38629  1.38629  1.38629  1.38629
          0.04660  3.78257  3.78257  1.46634  0.26236  1.09861  0.40547
      3   2.42130  2.96941  0.21610  2.91493      3 G - - <
          1.38629  1.38629  1.38629  1.38629
          0.04660  3.78257  3.78257  1.46634  0.26236  1.09861  0.40547
      4   0.46618  2.47027  1.61659  2.41388      4 A - - <
          1.38629  1.38629  1.38629  1.38629
          0.04660  3.78257  3.78257  1.46634  0.26236  1.09861  0.40547
      5   2.28870  0.39444  2.85690  1.78919      5 C - - -
          1.38629  1.38629  1.38629  1.38629
          0.04660  3.78257  3.78257  1.46634  0.26236  1.09861  0.40547
      6   2.59700  1.58558  2.32701  0.47307      6 U - - <
          1.38629  1.38629  1.38629  1.38629
          0.04660  3.78257  3.78257  1.46634  0.26236  1.09861  0.40547
      7   2.41936  2.96740  0.21664  2.91204      7 G - - <
          1.38629  1.38629  1.38629  1.38629
          0.04660  3.78257  3.78257  1.46634  0.26236  1.09861  0.40547
      8   0.46637  2.46976  1.61655  2.41309      8 A - - <
          1.38629  1.38629  1.38629  1.38629
          0.04660  3.78257  3.78257  1.46634  0.26236  1.09861  0.40547
      9   2.39349  1.43810  2.13801  0.59163      9 U - - <
          1.38629  1.38629  1.38629  1.38629
          0.04660  3.78257  3.78257  1.46634  0.26236  1.09861  0.40547
     10   2.69428  1.70428  2.41148  0.41427     10 U - - <
          1.38629  1.38629  1.38629  1.38629
          0.04660  3.78257  3.78257  1.46634  0.26236  1.09861  0.40547
     11   2.00010  2.95133  0.31036  2.53550     11 G - - -
          1.38629  1.38629  1.38629  1.38629
          0.04660  3.78257  3.78257  1.46634  0.26236  1.09861  0.40547
     12   2.15095  0.49124  2.71725  1.58133     12 C - - -
          1.38629  1.38629  1.38629  1.38629
          0.04660  3.78257  3.78257  1.46634  0.26236  1.09861  0.40547
     13   2.53063  0.27797  3.09955  2.13703     13 C - - -
          1.38629  1.38629  1.38629  1.38629
          0.04660  3.78257  3.78257  1.46634  0.26236  1.09861  0.40547
     14   2.16713  2.78444  0.28162  2.67119     14 G - - <
          1.38629  1.38629  1.38629  1.38629
          0.04660  3.78257  3.78257  1.46634  0.26236  1.09861  0.40547
     15   0.46642  2.46963  1.61654  2.41287     15 A - - <
          1.38629  1.38629  1.38629  1.38629
          0.04660  3.78257  3.78257  1.46634  0.26236  1.09861  0.40547
     16   2.69541  1.70430  2.41191  0.41409     16 U - - <
          1.38629  1.38629  1.38629  1.38629
          0.04660  3.78257  3.78257  1.46634  0.26236  1.09861  0.40547
     17   0.20638  2.97802  2.72814  2.65581     17 A - - -
          1.38629  1.38629  1.38629  1.38629
          0.04660  3.78257  3.78257  1.46634  0.26236  1.09861  0.40547
     18   2.93167  0.31438  2.67471  1.91375     18 C - - <
          1.38629  1.38629  1.38629  1.38629
          0.04660  3.78257  3.78257  1.46634  0.26236  1.09861  0.40547
     19   2.63476  0.32233  2.53870  2.08079     19 C - - <
          1.38629  1.38629  1.38629  1.38629
          0.04660  3.78257  3.78257  1.46634  0.26236  1.09861  0.40547
     20   2.70136  1.45565  2.45784  0.48773     20 U - - <
          1.38629  1.38629  1.38629  1.38629
          0.04660  3.78257  3.78257  1.46634  0.26236  1.09861  0.40547
     21   1.77999  2.31790  0.64265  1.57512     21 G - - _
          1.38629  1.38629  1.38629  1.38629
          0.04660  3.78257  3.78257  1.46634  0.26236  1.09861  0.40547
     22   0.20638  2.97802  2.72814  2.65581     22 A - - _
          1.38629  1.38629  1.38629  1.38629
          0.04660  3.78257  3.78257  1.46634  0.26236  1.09861  0.40547
     23   2.36852  2.37442  2.87455  0.27856     23 U - - _
          1.38629  1.38629  1.38629  1.38629
          0.04660  3.78257  3.78257  1.46634  0.26236  1.09861  0.40547
     24   2.36852  2.37442  2.87455  0.27856     24 U - - _
          1.38629  1.38629  1.38629  1.38629
          0.04660  3.78257  3.78257  1.46634  0.26236  1.09861  0.40547
     25   0.20638  2.97802  2.72814  2.65581     25 A - - _
          1.38629  1.38629  1.38629  1.38629
          0.04660  3.78257  3.78257  1.46634  0.26236  1.09861  0.40547
     26   0.20638  2.97802  2.72814  2.65581     26 A - - _
          1.38629  1.38629  1.38629  1.38629
          0.04660  3.78257  3.78257  1.46634  0.26236  1.09861  0.40547
     27   0.20638  2.97802  2.72814  2.65581     27 A - - _
          1.38629  1.38629  1.38629  1.38629
          0.04660  3.78257  3.78257  1.46634  0.26236  1.09861  0.40547
     28   1.98761  0.45221  2.68364  1.84238     28 C - - _
          1.38629  1.38629  1.38629  1.38629
          0.04660  3.78257  3.78257  1.46634  0.26236  1.09861  0.40547
     29   1.96409  2.63193  0.35438  2.45145     29 G - - >
          1.38629  1.38629  1.38629  1.38629
          0.04660  3.78257  3.78257  1.46634  0.26236  1.09861  0.40547
     30   2.25040  2.70718  0.28937  2.53601     30 G - - >
          1.38629  1.38629  1.38629  1.38629
          0.04660  3.78257  3.78257  1.46634  0.26236  1.09861  0.40547
     31   2.19249  2.84746  0.27042  2.69845     31 G - - >
          1.38629  1.38629  1.38629  1.38629
          0.04660  3.78257  3.78257  1.46634  0.26236  1.09861  0.40547
     32   1.97792  1.67360  2.48960  0.52572     32 U - - -
          1.38629  1.38629  1.38629  1.38629
          0.04660  3.78257  3.78257  1.46634  0.26236  1.09861  0.40547
     33   2.15216  0.49024  2.71849  1.58321     33 C - - -
          1.38629  1.38629  1.38629  1.38629
          0.04660  3.78257  3.78257  1.46634  0.26236  1.09861  0.40547
     34   0.47067  2.59192  1.54107  2.44893     34 A - - >
          1.38629  1.38629  1.38629  1.38629
          0.04660  3.78257  3.78257  1.46634  0.26236  1.09861  0.40547
     35   2.64756  1.88154  2.28583  0.39285     35 U - - >
          1.38629  1.38629  1.38629  1.38629
          0.04660  3.78257  3.78257  1.46634  0.26236  1.09861  0.40547
     36   2.90496  0.36823  2.61048  1.71596     36 C - - >
          1.38629  1.38629  1.38629  1.38629
          0.04660  3.78257  3.78257  1.46634  0.26236  1.09861  0.40547
     37   0.20638  2.97802  2.72814  2.65581     37 A - - -
          1.38629  1.38629  1.38629  1.38629
          0.04660  3.78257  3.78257  1.46634  0.26236  1.09861  0.40547
     38   0.20638  2.97802  2.72814  2.65581     38 A - - -
          1.38629  1.38629  1.38629  1.38629
          0.04660  3.78257  3.78257  1.46634  0.26236  1.09861  0.40547
     39   0.47132  2.58981  1.54103  2.44611     39 A - - >
          1.38629  1.38629  1.38629  1.38629
          0.04660  3.78257  3.78257  1.46634  0.26236  1.09861  0.40547
     40   0.82336  2.30153  1.06054  2.16568     40 a - - >
          1.38629  1.38629  1.38629  1.38629
          0.04660  3.78257  3.78257  1.46634  0.26236  1.09861  0.40547
     41   2.63953  1.88096  2.28321  0.39422     41 U - - >
          1.38629  1.38629  1.38629  1.38629
          0.04660  3.78257  3.78257  1.46634  0.26236  1.09861  0.40547
     42   3.11414  0.25561  2.79345  2.12084     42 C - - >
          1.38629  1.38629  1.38629  1.38629
          0.04660  3.78257  3.78257  1.46634  0.26236  1.09861  0.40547
     43   0.57453  2.48630  1.35014  2.35798     43 A - - >
          1.38629  1.38629  1.38629  1.38629
          0.04660  3.78257  3.78257  1.46634  0.26236  1.09861  0.40547
     44   2.64204  1.88114  2.28403  0.39379     44 U - - >
          1.38629  1.38629  1.38629  1.38629
          0.04660  3.78257  3.78257  1.46634  0.26236  1.09861  0.40547
     45   3.12187  0.25469  2.79662  2.12234     45 C - - >
          1.38629  1.38629  1.38629  1.38629
          0.04660  3.78257  3.78257  1.46634  0.26236  1.09861  0.40547
     46   0.47168  2.58866  1.54102  2.44457     46 A - - >
          1.38629  1.38629  1.38629  1.38629
          0.04660  3.78257  3.78257  1.46634  0.26236  1.09861  0.40547
     47   2.63338  1.88051  2.28120  0.39528     47 U - - >
          1.38629  1.38629  1.38629  1.38629
          0.04660  3.78257  3.78257  1.46634  0.26236  1.09861  0.40547
     48   2.36852  2.37442  2.87455  0.27856     48 U - - -
          1.38629  1.38629  1.38629  1.38629
          0.04660  3.78257  3.78257  1.46634  0.26236  1.09861  0.40547
     49   2.27487  2.90214  0.24651  2.80079     49 G - - <
          1.38629  1.38629  1.38629  1.38629
          0.04660  3.78257  3.78257  1.46634  0.26236  1.09861  0.40547
     50   2.94210  0.31287  2.67919  1.91541     50 C - - <
          1.38629  1.38629  1.38629  1.38629
          0.04660  3.78257  3.78257  1.46634  0.26236  1.09861  0.40547
     51   2.69829  1.70434  2.41301  0.41364     51 U - - <
          1.38629  1.38629  1.38629  1.38629
          0.04660  3.78257  3.78257  1.46634  0.26236  1.09861  0.40547
     52   2.42089  2.96898  0.21622  2.91431     52 G - - <
          1.38629  1.38629  1.38629  1.38629
          0.04660  3.78257  3.78257  1.46634  0.26236  1.09861  0.40547
     53   2.69631  1.70431  2.41225  0.41395     53 U - - <
          1.38629  1.38629  1.38629  1.38629
          0.04660  3.78257  3.78257  1.46634  0.26236  1.09861  0.40547
     54   2.36852  2.37442  2.87455  0.27856     54 U - - _
          1.38629  1.38629  1.38629  1.38629
          0.04660  3.78257  3.78257  1.46634  0.26236  1.09861  0.40547
     55   2.36852  2.37442  2.87455  0.27856     55 U - - _
          1.38629  1.38629  1.38629  1.38629
          0.04660  3.78257  3.78257  1.46634  0.26236  1.09861  0.40547
     56   2.36852  2.37442  2.87455  0.27856     56 U - - _
          1.38629  1.38629  1.38629  1.38629
          0.04660  3.78257  3.78257  1.46634  0.26236  1.09861  0.40547
     57   0.47087  2.59127  1.54106  2.44807     57 A - - >
          1.38629  1.38629  1.38629  1.38629
          0.04660  3.78257  3.78257  1.46634  0.26236  1.09861  0.40547
     58   3.12990  0.25373  2.79991  2.12390     58 C - - >
          1.38629  1.38629  1.38629  1.38629
          0.04660  3.78257  3.78257  1.46634  0.26236  1.09861  0.40547
     59   0.47059  2.59218  1.54107  2.44928     59 A - - >
          1.38629  1.38629  1.38629  1.38629
          0.04660  3.78257  3.78257  1.46634  0.26236  1.09861  0.40547
     60   2.19158  2.84636  0.27076  2.69704     60 G - - >
          1.38629  1.38629  1.38629  1.38629
          0.04660  3.78257  3.78257  1.46634  0.26236  1.09861  0.40547
     61   3.02125  0.30730  2.72672  1.89447     61 C - - >
          1.38629  1.38629  1.38629  1.38629
          0.04660  3.78257  3.78257  1.46634  0.26236  1.09861  0.40547
     62   2.36852  2.37442  2.87455  0.27856     62 U - - :
          1.38629  1.38629  1.38629  1.38629
          0.04660  3.78257  3.78257  1.46634  0.26236  1.09861  0.40547
     63   2.42661  3.26359  0.20471  2.83823     63 G - - :
          1.38629  1.38629  1.38629  1.38629
          0.04660  3.78257  3.78257  1.46634  0.26236  1.09861  0.40547
     64   0.53258  1.89497  2.22184  1.86962     64 A - - :
          1.38629  1.38629  1.38629  1.38629
          0.04660  3.78257  3.78257  1.46634  0.26236  1.09861  0.40547
     65   2.36852  2.37442  2.87455  0.27856     65 U - - :
          1.38629  1.38629  1.38629  1.38629
          0.04660  3.78257  3.78257  1.46634  0.26236  1.09861  0.40547
     66   2.53063  0.27797  3.09955  2.13703     66 C - - :
          1.38629  1.38629  1.38629  1.38629
          0.04660  3.78257  3.78257  1.46634  0.26236  1.09861  0.40547
     67   2.53063  0.27797  3.09955  2.13703     67 C - - :
          1.38629  1.38629  1.38629  1.38629
          0.04660  3.78257  3.78257  1.46634  0.26236  1.09861  0.40547
     68   2.36852  2.37442  2.87455  0.27856     68 U - - :
          1.38629  1.38629  1.38629  1.38629
          0.04660  3.78257  3.78257  1.46634  0.26236  1.09861  0.40547
     69   2.36852  2.37442  2.87455  0.27856     69 U - - :
          1.38629  1.38629  1.38629  1.38629
          0.04660  3.78257  3.78257  1.46634  0.26236  1.09861  0.40547
     70   2.05472  0.58266  2.61790  1.42502     70 C - - :
          1.38629  1.38629  1.38629  1.38629
          0.04660  3.78257  3.78257  1.46634  0.26236  1.09861  0.40547
     71   2.36852  2.37442  2.87455  0.27856     71 U - - :
          1.38629  1.38629  1.38629  1.38629
          0.04660  3.78257  3.78257  1.46634  0.26236  1.09861  0.40547
     72   2.42661  3.26359  0.20471  2.83823     72 G - - :
          1.38629  1.38629  1.38629  1.38629
          0.04660  3.78257  3.78257  1.46634  0.26236  1.09861  0.40547
     73   2.36852  2.37442  2.87455  0.27856     73 U - - :
          1.38629  1.38629  1.38629  1.38629
          0.04660  3.78257  3.78257  1.46634  0.26236  1.09861  0.40547
     74   2.36852  2.37442  2.87455  0.27856     74 U - - :
          1.38629  1.38629  1.38629  1.38629
          0.04660  3.78257  3.78257  1.46634  0.26236  1.09861  0.40547
     75   2.53063  0.27797  3.09955  2.13703     75 C - - :
          1.38629  1.38629  1.38629  1.38629
          0.04660  3.78257  3.78257  1.46634  0.26236  1.09861  0.40547
     76   2.36852  2.37442  2.87455  0.27856     76 U - - :
          1.38629  1.38629  1.38629  1.38629
          0.04660  3.78257  3.78257  1.46634  0.26236  1.09861  0.40547
     77   2.36852  2.37442  2.87455  0.27856     77 U - - :
          1.38629  1.38629  1.38629  1.38629
          0.04660  3.78257  3.78257  1.46634  0.26236  1.09861  0.40547
     78   0.33949  2.63347  2.16104  2.29429     78 A - - :
          1.38629  1.38629  1.38629  1.38629
          0.02357  3.75954        *  1.46634  0.26236  0.00000        *
//
