INFERNAL1/a [1.1.2 | July 2016]
NAME     t_nt_txpa_rata_enterococcus_round5_0001
STATES   256
NODES    64
CLEN     84
W        100
ALPH     RNA
RF       no
CONS     yes
MAP      yes
DATE     Mon Dec 16 22:46:51 2019
COM      [1] cmbuild /home/co78wid/projects/master/results/ta_systems/txpa_rata_enterococcus/2_structure_analysis/infernal_search/t_nt_txpa_rata_enterococcus_cmbuild.txt /home/co78wid/projects/master/results/ta_systems/txpa_rata_enterococcus/1_sequence_analysis/fold/t_nt_txpa_rata_enterococcus_round5.stk
COM      [2] cmcalibrate --cpu 30 /home/co78wid/projects/master/results/ta_systems/txpa_rata_enterococcus/2_structure_analysis/infernal_search/t_nt_txpa_rata_enterococcus_cmbuild.txt
PBEGIN   0.05
PEND     0.05
WBETA    1e-07
QDBBETA1 1e-07
QDBBETA2 1e-15
N2OMEGA  1.52588e-05
N3OMEGA  1.52588e-05
ELSELF   -0.08926734
NSEQ     9
EFFN     1.103027
CKSUM    3982229399
NULL     0.000  0.000  0.000  0.000 
EFP7GF   -7.4469 0.71877
ECMLC    0.51098    -7.05673     4.19372     1600000      376561  0.003187
ECMGC    0.42569   -12.59481     0.09176     1600000       88606  0.004514
ECMLI    0.50734    -4.42609     6.11078     1600000      251671  0.004768
ECMGI    0.45548    -6.96473     3.98430     1600000       58602  0.006826
CM
                                             [ ROOT    0 ]      -      - - - - -
     S     0    -1 0     1     4     1     1   100   120  -6.562  -6.769  -0.141  -3.770                 
    IL     1     1 2     1     4     1    29   104   125  -1.686  -2.369  -1.117  -4.855                  0.000  0.000  0.000  0.000 
    IR     2     2 3     2     3     1    29   103   124  -1.442  -0.798  -4.142                          0.000  0.000  0.000  0.000 
                                             [ MATL    1 ]      1      - G - - -
    ML     3     2 3     5     3     1    28   100   120  -7.548  -0.028  -6.203                         -0.712 -1.771  1.405 -1.158 
     D     4     2 3     5     3     0    24    99   119  -6.554  -2.067  -0.414                         
    IL     5     5 3     5     3     1    28   102   122  -1.442  -0.798  -4.142                          0.000  0.000  0.000  0.000 
                                             [ MATL    2 ]      2      - U - - -
    ML     6     5 3     8     3     1    27    99   119  -7.548  -0.028  -6.203                         -0.766 -0.901 -1.449  1.328 
     D     7     5 3     8     3     0    24    98   118  -6.554  -2.067  -0.414                         
    IL     8     8 3     8     3     1    27   101   121  -1.442  -0.798  -4.142                          0.000  0.000  0.000  0.000 
                                             [ MATL    3 ]      3      - G - - -
    ML     9     8 3    11     3     1    26    98   118  -7.970  -0.024  -6.288                         -0.712 -1.771  1.405 -1.158 
     D    10     8 3    11     3     0    23    97   117  -5.862  -0.593  -1.645                         
    IL    11    11 3    11     3     1    26    99   119  -1.925  -0.554  -4.164                          0.000  0.000  0.000  0.000 
                                             [ MATR    4 ]      -     84 - A - -
    MR    12    11 3    14     3     1    25    97   117  -8.026  -0.023  -6.344                          1.513 -1.677 -1.377 -1.159 
     D    13    11 3    14     3     0    21    96   115  -6.390  -1.568  -0.620                         
    IR    14    14 3    14     3     1    25    98   118  -1.925  -0.554  -4.164                          0.000  0.000  0.000  0.000 
                                             [ MATR    5 ]      -     83 - A - -
    MR    15    14 3    17     3     1    24    96   116  -8.026  -0.023  -6.344                          1.513 -1.677 -1.377 -1.159 
     D    16    14 3    17     3     0    20    95   114  -6.390  -1.568  -0.620                         
    IR    17    17 3    17     3     1    24    97   117  -1.925  -0.554  -4.164                          0.000  0.000  0.000  0.000 
                                             [ MATR    6 ]      -     82 - U - -
    MR    18    17 3    20     3     1    23    95   115  -8.026  -0.023  -6.344                         -0.866 -0.979 -1.557  1.381 
     D    19    17 3    20     3     0    19    94   113  -6.390  -1.568  -0.620                         
    IR    20    20 3    20     3     1    23    96   116  -1.925  -0.554  -4.164                          0.000  0.000  0.000  0.000 
                                             [ MATR    7 ]      -     81 - A - -
    MR    21    20 3    23     3     1    23    94   114  -8.026  -0.023  -6.344                          1.513 -1.677 -1.377 -1.159 
     D    22    20 3    23     3     0    18    93   112  -6.390  -1.568  -0.620                         
    IR    23    23 3    23     3     1    22    95   115  -1.925  -0.554  -4.164                          0.000  0.000  0.000  0.000 
                                             [ MATR    8 ]      -     80 - A - -
    MR    24    23 3    26     3     1    22    93   113  -8.026  -0.023  -6.344                          1.513 -1.677 -1.377 -1.159 
     D    25    23 3    26     3     0    17    92   111  -6.390  -1.568  -0.620                         
    IR    26    26 3    26     3     1    21    94   114  -1.925  -0.554  -4.164                          0.000  0.000  0.000  0.000 
                                             [ MATR    9 ]      -     79 - A - -
    MR    27    26 3    29     3     1    21    92   112  -8.026  -0.023  -6.344                          1.513 -1.677 -1.377 -1.159 
     D    28    26 3    29     3     0    16    91   110  -6.390  -1.568  -0.620                         
    IR    29    29 3    29     3     1    20    93   113  -1.925  -0.554  -4.164                          0.000  0.000  0.000  0.000 
                                             [ MATR   10 ]      -     78 - A - -
    MR    30    29 3    32     3     1    20    91   111  -8.026  -0.023  -6.344                          1.513 -1.677 -1.377 -1.159 
     D    31    29 3    32     3     0    15    90   109  -6.390  -1.568  -0.620                         
    IR    32    32 3    32     3     1    20    92   112  -1.925  -0.554  -4.164                          0.000  0.000  0.000  0.000 
                                             [ MATR   11 ]      -     77 - A - -
    MR    33    32 3    35     3     1    19    90   110  -8.026  -0.023  -6.344                          1.513 -1.677 -1.377 -1.159 
     D    34    32 3    35     3     0    15    89   108  -6.390  -1.568  -0.620                         
    IR    35    35 3    35     3     1    19    91   111  -1.925  -0.554  -4.164                          0.000  0.000  0.000  0.000 
                                             [ MATR   12 ]      -     76 - A - -
    MR    36    35 3    38     3     1    18    89   109  -8.026  -0.023  -6.344                          1.513 -1.677 -1.377 -1.159 
     D    37    35 3    38     3     0    14    88   107  -6.390  -1.568  -0.620                         
    IR    38    38 3    38     3     1    18    90   110  -1.925  -0.554  -4.164                          0.000  0.000  0.000  0.000 
                                             [ MATR   13 ]      -     75 - C - -
    MR    39    38 3    41     3     1    17    88   108  -8.026  -0.023  -6.344                         -0.665  1.029 -1.439 -0.059 
     D    40    38 3    41     3     0    13    86   106  -6.390  -1.568  -0.620                         
    IR    41    41 3    41     3     1    17    89   109  -1.925  -0.554  -4.164                          0.000  0.000  0.000  0.000 
                                             [ MATR   14 ]      -     74 - A - -
    MR    42    41 3    44     3     1    16    87   107  -8.026  -0.023  -6.344                          1.513 -1.677 -1.377 -1.159 
     D    43    41 3    44     3     0    12    85   105  -6.390  -1.568  -0.620                         
    IR    44    44 3    44     3     1    16    88   108  -1.925  -0.554  -4.164                          0.000  0.000  0.000  0.000 
                                             [ MATR   15 ]      -     73 - g - -
    MR    45    44 3    47     3     1    16    86   106  -8.026  -0.023  -6.344                          0.342 -1.192  0.704 -0.586 
     D    46    44 3    47     3     0    11    84   104  -6.390  -1.568  -0.620                         
    IR    47    47 3    47     3     1    15    87   107  -1.925  -0.554  -4.164                          0.000  0.000  0.000  0.000 
                                             [ MATR   16 ]      -     72 - C - -
    MR    48    47 3    50     3     1    15    85   105  -8.026  -0.023  -6.344                         -0.933  1.306 -1.713 -0.517 
     D    49    47 3    50     3     0    10    83   103  -6.390  -1.568  -0.620                         
    IR    50    50 3    50     3     1    14    86   106  -1.925  -0.554  -4.164                          0.000  0.000  0.000  0.000 
                                             [ MATR   17 ]      -     71 - A - -
    MR    51    50 3    53     3     1    14    84   104  -8.026  -0.023  -6.344                          1.513 -1.677 -1.377 -1.159 
     D    52    50 3    53     3     0     9    82   102  -6.390  -1.568  -0.620                         
    IR    53    53 3    53     3     1    13    85   105  -1.925  -0.554  -4.164                          0.000  0.000  0.000  0.000 
                                             [ MATR   18 ]      -     70 - A - -
    MR    54    53 3    56     3     1    13    83   103  -8.026  -0.023  -6.344                          1.513 -1.677 -1.377 -1.159 
     D    55    53 3    56     3     0     8    81   101  -6.390  -1.568  -0.620                         
    IR    56    56 3    56     3     1    13    84   104  -1.925  -0.554  -4.164                          0.000  0.000  0.000  0.000 
                                             [ MATR   19 ]      -     69 - A - -
    MR    57    56 3    59     3     1    12    82   102  -8.026  -0.023  -6.344                          1.513 -1.677 -1.377 -1.159 
     D    58    56 3    59     3     0     7    80   100  -6.390  -1.568  -0.620                         
    IR    59    59 3    59     3     1    12    83   103  -1.925  -0.554  -4.164                          0.000  0.000  0.000  0.000 
                                             [ MATR   20 ]      -     68 - A - -
    MR    60    59 3    62     3     1    11    81   101  -8.026  -0.023  -6.344                          1.513 -1.677 -1.377 -1.159 
     D    61    59 3    62     3     0     6    79    99  -6.390  -1.568  -0.620                         
    IR    62    62 3    62     3     1    11    82   102  -1.925  -0.554  -4.164                          0.000  0.000  0.000  0.000 
                                             [ MATR   21 ]      -     67 - A - -
    MR    63    62 3    65     3     1    11    80   100  -8.026  -0.023  -6.344                          1.513 -1.677 -1.377 -1.159 
     D    64    62 3    65     3     0     5    78    98  -6.390  -1.568  -0.620                         
    IR    65    65 3    65     3     1    10    81   101  -1.925  -0.554  -4.164                          0.000  0.000  0.000  0.000 
                                             [ MATR   22 ]      -     66 - U - -
    MR    66    65 3    68     3     1    10    79    99  -8.026  -0.023  -6.344                         -0.866 -0.979 -1.557  1.381 
     D    67    65 3    68     3     0     4    77    97  -6.390  -1.568  -0.620                         
    IR    68    68 3    68     3     1     9    80   100  -1.925  -0.554  -4.164                          0.000  0.000  0.000  0.000 
                                             [ MATR   23 ]      -     65 - A - -
    MR    69    68 3    71     3     1     9    78    98  -8.026  -0.023  -6.344                          1.513 -1.677 -1.377 -1.159 
     D    70    68 3    71     3     0     3    77    96  -6.390  -1.568  -0.620                         
    IR    71    71 3    71     3     1     8    79    99  -1.925  -0.554  -4.164                          0.000  0.000  0.000  0.000 
                                             [ MATR   24 ]      -     64 - A - -
    MR    72    71 3    74     5     1     9    77    97  -6.789  -0.102  -6.605  -4.509  -7.708          1.513 -1.677 -1.377 -1.159 
     D    73    71 3    74     5     0     2    76    96  -5.352  -0.707  -2.978  -4.409  -2.404         
    IR    74    74 3    74     5     1     6    77    97  -2.408  -0.496  -5.920  -4.087  -5.193          0.000  0.000  0.000  0.000 
                                             [ MATP   25 ]      4     63 a u - -
    MP    75    74 3    79     6     2    10    76    96  -8.951  -8.890  -0.024  -7.667  -7.946  -8.341 -3.227 -2.418 -3.274  2.753 -3.329 -4.364  0.944 -3.340 -3.198  1.711 -3.715 -0.004  0.517 -3.646 -1.005 -2.150 
    ML    76    74 3    79     6     1     4    75    95  -6.250  -6.596  -1.310  -1.005  -6.446  -3.975  0.368 -0.385 -0.191  0.094 
    MR    77    74 3    79     6     1     4    74    94  -7.195  -5.924  -1.833  -5.902  -0.686  -4.116  0.094 -0.379 -0.497  0.541 
     D    78    74 3    79     6     0     0    72    92  -9.049  -7.747  -3.544  -4.226  -4.244  -0.319 
    IL    79    79 5    79     6     1     6    76    96  -2.579  -2.842  -0.760  -4.497  -5.274  -4.934  0.000  0.000  0.000  0.000 
    IR    80    80 6    80     5     1     6    75    95  -2.408  -0.496  -5.920  -4.087  -5.193          0.000  0.000  0.000  0.000 
                                             [ MATP   26 ]      5     62 C G - -
    MP    81    80 6    85     6     2     8    74    94  -8.951  -8.890  -0.024  -7.667  -7.946  -8.341 -3.778 -3.593 -3.587  0.087 -2.505 -4.095  3.209 -3.231 -3.621  0.488 -3.954 -1.530  1.071 -3.890 -0.203 -2.491 
    ML    82    80 6    85     6     1     4    73    93  -6.250  -6.596  -1.310  -1.005  -6.446  -3.975  0.368 -0.385 -0.191  0.094 
    MR    83    80 6    85     6     1     3    73    92  -7.195  -5.924  -1.833  -5.902  -0.686  -4.116  0.215 -0.661  0.390 -0.157 
     D    84    80 6    85     6     0     0    70    90  -9.049  -7.747  -3.544  -4.226  -4.244  -0.319 
    IL    85    85 5    85     6     1     5    74    94  -2.579  -2.842  -0.760  -4.497  -5.274  -4.934  0.000  0.000  0.000  0.000 
    IR    86    86 6    86     5     1     5    74    93  -2.408  -0.496  -5.920  -4.087  -5.193          0.000  0.000  0.000  0.000 
                                             [ MATP   27 ]      6     61 u a - -
    MP    87    86 6    91     6     2     7    72    92  -8.951  -8.890  -0.024  -7.667  -7.946  -8.341 -3.469 -3.243 -3.378  0.399 -2.495 -4.001  1.811 -3.130 -3.394  0.812 -3.798 -1.156  2.806 -3.638 -0.189 -2.277 
    ML    88    86 6    91     6     1     3    71    91  -6.250  -6.596  -1.310  -1.005  -6.446  -3.975  0.368 -0.385 -0.191  0.094 
    MR    89    86 6    91     6     1     2    71    91  -7.195  -5.924  -1.833  -5.902  -0.686  -4.116  0.760 -0.656 -0.372 -0.152 
     D    90    86 6    91     6     0     0    69    89  -9.049  -7.747  -3.544  -4.226  -4.244  -0.319 
    IL    91    91 5    91     6     1     4    72    92  -2.579  -2.842  -0.760  -4.497  -5.274  -4.934  0.000  0.000  0.000  0.000 
    IR    92    92 6    92     5     1     4    72    91  -2.408  -0.496  -5.920  -4.087  -5.193          0.000  0.000  0.000  0.000 
                                             [ MATP   28 ]      7     60 G C - -
    MP    93    92 6    97     4     2     5    70    90  -6.494  -6.701  -0.073  -5.115                 -3.947 -2.723 -4.004  0.702 -4.113 -4.354  0.339 -4.164 -3.760  3.367 -4.160 -0.408 -0.076 -3.934 -1.663 -2.894 
    ML    94    92 6    97     4     1     2    70    90  -3.758  -3.940  -0.507  -2.670                  0.368 -0.385 -0.191  0.094 
    MR    95    92 6    97     4     1     1    70    90  -5.046  -4.075  -1.942  -0.621                  0.108  0.192 -0.575  0.148 
     D    96    92 6    97     4     0     0    69    89  -4.568  -4.250  -2.265  -0.520                 
    IL    97    97 5    97     4     1     4    72    92  -1.686  -2.369  -1.117  -4.855                  0.000  0.000  0.000  0.000 
    IR    98    98 6    98     3     1     3    71    91  -1.442  -0.798  -4.142                          0.000  0.000  0.000  0.000 
                                             [ MATL   29 ]      8      - U - - -
    ML    99    98 6   101     3     1     4    68    87  -7.548  -0.028  -6.203                         -0.766 -0.901 -1.449  1.328 
     D   100    98 6   101     3     0     0    66    86  -6.554  -2.067  -0.414                         
    IL   101   101 3   101     3     1     3    70    90  -1.442  -0.798  -4.142                          0.000  0.000  0.000  0.000 
                                             [ MATL   30 ]      9      - C - - -
    ML   102   101 3   104     3     1     3    67    86  -7.970  -0.024  -6.288                         -0.808  1.231 -1.579 -0.420 
     D   103   101 3   104     3     0     0    65    85  -5.862  -0.593  -1.645                         
    IL   104   104 3   104     3     1     2    67    87  -1.925  -0.554  -4.164                          0.000  0.000  0.000  0.000 
                                             [ MATR   31 ]      -     59 - U - -
    MR   105   104 3   107     3     1     2    66    85  -8.026  -0.023  -6.344                         -0.866 -0.979 -1.557  1.381 
     D   106   104 3   107     3     0     0    64    84  -6.390  -1.568  -0.620                         
    IR   107   107 3   107     3     1     1    66    86  -1.925  -0.554  -4.164                          0.000  0.000  0.000  0.000 
                                             [ MATR   32 ]      -     58 - A - -
    MR   108   107 3   110     5     1     2    65    84  -6.789  -0.102  -6.605  -4.509  -7.708          1.513 -1.677 -1.377 -1.159 
     D   109   107 3   110     5     0     0    63    83  -5.352  -0.707  -2.978  -4.409  -2.404         
    IR   110   110 3   110     5     1     1    65    85  -2.408  -0.496  -5.920  -4.087  -5.193          0.000  0.000  0.000  0.000 
                                             [ MATP   33 ]     10     57 u a - -
    MP   111   110 3   115     6     2     3    64    83  -8.951  -8.890  -0.024  -7.667  -7.946  -8.341 -3.469 -3.243 -3.378  0.399 -2.495 -4.001  1.811 -3.130 -3.394  0.812 -3.798 -1.156  2.806 -3.638 -0.189 -2.277 
    ML   112   110 3   115     6     1     1    62    82  -6.250  -6.596  -1.310  -1.005  -6.446  -3.975  0.368 -0.385 -0.191  0.094 
    MR   113   110 3   115     6     1     1    62    82  -7.195  -5.924  -1.833  -5.902  -0.686  -4.116  0.760 -0.656 -0.372 -0.152 
     D   114   110 3   115     6     0     0    60    79  -9.049  -7.747  -3.544  -4.226  -4.244  -0.319 
    IL   115   115 5   115     6     1     1    63    83  -2.579  -2.842  -0.760  -4.497  -5.274  -4.934  0.000  0.000  0.000  0.000 
    IR   116   116 6   116     5     1     1    63    83  -2.408  -0.496  -5.920  -4.087  -5.193          0.000  0.000  0.000  0.000 
                                             [ MATP   34 ]     11     56 u a - -
    MP   117   116 6   121     6     2     3    62    81  -8.951  -8.890  -0.024  -7.667  -7.946  -8.341 -3.469 -3.243 -3.378  0.399 -2.495 -4.001  1.811 -3.130 -3.394  0.812 -3.798 -1.156  2.806 -3.638 -0.189 -2.277 
    ML   118   116 6   121     6     1     1    60    80  -6.250  -6.596  -1.310  -1.005  -6.446  -3.975  0.368 -0.385 -0.191  0.094 
    MR   119   116 6   121     6     1     1    60    80  -7.195  -5.924  -1.833  -5.902  -0.686  -4.116  0.760 -0.656 -0.372 -0.152 
     D   120   116 6   121     6     0     0    58    77  -9.049  -7.747  -3.544  -4.226  -4.244  -0.319 
    IL   121   121 5   121     6     1     1    61    81  -2.579  -2.842  -0.760  -4.497  -5.274  -4.934  0.000  0.000  0.000  0.000 
    IR   122   122 6   122     5     1     1    61    81  -2.408  -0.496  -5.920  -4.087  -5.193          0.000  0.000  0.000  0.000 
                                             [ MATP   35 ]     12     55 u a - -
    MP   123   122 6   127     6     2     3    60    79  -8.951  -8.890  -0.024  -7.667  -7.946  -8.341 -3.469 -3.243 -3.378  0.399 -2.495 -4.001  1.811 -3.130 -3.394  0.812 -3.798 -1.156  2.806 -3.638 -0.189 -2.277 
    ML   124   122 6   127     6     1     1    58    78  -6.250  -6.596  -1.310  -1.005  -6.446  -3.975  0.368 -0.385 -0.191  0.094 
    MR   125   122 6   127     6     1     1    58    78  -7.195  -5.924  -1.833  -5.902  -0.686  -4.116  0.760 -0.656 -0.372 -0.152 
     D   126   122 6   127     6     0     0    56    76  -9.049  -7.747  -3.544  -4.226  -4.244  -0.319 
    IL   127   127 5   127     6     1     1    59    79  -2.579  -2.842  -0.760  -4.497  -5.274  -4.934  0.000  0.000  0.000  0.000 
    IR   128   128 6   128     5     1     1    59    79  -2.408  -0.496  -5.920  -4.087  -5.193          0.000  0.000  0.000  0.000 
                                             [ MATP   36 ]     13     54 G C - -
    MP   129   128 6   133     6     2     3    58    77  -8.951  -8.890  -0.024  -7.667  -7.946  -8.341 -3.495 -2.447 -3.558  1.044 -3.870 -4.212  0.519 -3.807 -3.462  3.089 -3.905  0.596  0.200 -3.604 -1.446 -2.469 
    ML   130   128 6   133     6     1     1    57    77  -6.250  -6.596  -1.310  -1.005  -6.446  -3.975  0.368 -0.385 -0.191  0.094 
    MR   131   128 6   133     6     1     1    56    76  -7.195  -5.924  -1.833  -5.902  -0.686  -4.116  0.108  0.192 -0.575  0.148 
     D   132   128 6   133     6     0     0    55    75  -9.049  -7.747  -3.544  -4.226  -4.244  -0.319 
    IL   133   133 5   133     6     1     1    57    77  -2.579  -2.842  -0.760  -4.497  -5.274  -4.934  0.000  0.000  0.000  0.000 
    IR   134   134 6   134     5     1     1    57    77  -2.408  -0.496  -5.920  -4.087  -5.193          0.000  0.000  0.000  0.000 
                                             [ MATP   37 ]     14     53 a u - -
    MP   135   134 6   139     4     2     2    56    75  -6.494  -6.701  -0.073  -5.115                 -3.227 -2.418 -3.274  2.753 -3.329 -4.364  0.944 -3.340 -3.198  1.711 -3.715 -0.004  0.517 -3.646 -1.005 -2.150 
    ML   136   134 6   139     4     1     1    56    76  -3.758  -3.940  -0.507  -2.670                  0.368 -0.385 -0.191  0.094 
    MR   137   134 6   139     4     1     1    55    75  -5.046  -4.075  -1.942  -0.621                  0.094 -0.379 -0.497  0.541 
     D   138   134 6   139     4     0     0    54    74  -4.568  -4.250  -2.265  -0.520                 
    IL   139   139 5   139     4     1     1    57    77  -1.686  -2.369  -1.117  -4.855                  0.000  0.000  0.000  0.000 
    IR   140   140 6   140     3     1     1    56    76  -1.442  -0.798  -4.142                          0.000  0.000  0.000  0.000 
                                             [ MATL   38 ]     15      - A - - -
    ML   141   140 6   143     3     1     1    53    72  -7.548  -0.028  -6.203                          1.465 -1.563 -1.274 -1.037 
     D   142   140 6   143     3     0     0    52    71  -6.554  -2.067  -0.414                         
    IL   143   143 3   143     3     1     1    55    75  -1.442  -0.798  -4.142                          0.000  0.000  0.000  0.000 
                                             [ MATL   39 ]     16      - G - - -
    ML   144   143 3   146     3     1     1    52    71  -7.548  -0.028  -6.203                         -0.142 -1.390  1.090 -0.779 
     D   145   143 3   146     3     0     0    51    70  -6.554  -2.067  -0.414                         
    IL   146   146 3   146     3     1     1    54    74  -1.442  -0.798  -4.142                          0.000  0.000  0.000  0.000 
                                             [ MATL   40 ]     17      - C - - -
    ML   147   146 3   149     3     1     1    51    70  -7.970  -0.024  -6.288                         -0.808  1.231 -1.579 -0.420 
     D   148   146 3   149     3     0     0    50    69  -5.862  -0.593  -1.645                         
    IL   149   149 3   149     3     1     1    52    71  -1.925  -0.554  -4.164                          0.000  0.000  0.000  0.000 
                                             [ MATR   41 ]      -     52 - G - -
    MR   150   149 3   152     3     1     1    50    69  -8.026  -0.023  -6.344                         -0.834 -1.919  1.470 -1.304 
     D   151   149 3   152     3     0     0    48    68  -6.390  -1.568  -0.620                         
    IR   152   152 3   152     3     1     1    51    70  -1.925  -0.554  -4.164                          0.000  0.000  0.000  0.000 
                                             [ MATR   42 ]      -     51 - U - -
    MR   153   152 3   155     5     1     1    49    68  -6.789  -0.102  -6.605  -4.509  -7.708         -0.866 -0.979 -1.557  1.381 
     D   154   152 3   155     5     0     0    48    67  -5.352  -0.707  -2.978  -4.409  -2.404         
    IR   155   155 3   155     5     1     1    49    69  -2.408  -0.496  -5.920  -4.087  -5.193          0.000  0.000  0.000  0.000 
                                             [ MATP   43 ]     18     50 a u - -
    MP   156   155 3   160     6     2     2    48    67  -8.951  -8.890  -0.024  -7.667  -7.946  -8.341 -3.227 -2.418 -3.274  2.753 -3.329 -4.364  0.944 -3.340 -3.198  1.711 -3.715 -0.004  0.517 -3.646 -1.005 -2.150 
    ML   157   155 3   160     6     1     1    46    66  -6.250  -6.596  -1.310  -1.005  -6.446  -3.975  0.368 -0.385 -0.191  0.094 
    MR   158   155 3   160     6     1     1    46    65  -7.195  -5.924  -1.833  -5.902  -0.686  -4.116  0.094 -0.379 -0.497  0.541 
     D   159   155 3   160     6     0     0    44    63  -9.049  -7.747  -3.544  -4.226  -4.244  -0.319 
    IL   160   160 5   160     6     1     1    48    67  -2.579  -2.842  -0.760  -4.497  -5.274  -4.934  0.000  0.000  0.000  0.000 
    IR   161   161 6   161     5     1     1    47    67  -2.408  -0.496  -5.920  -4.087  -5.193          0.000  0.000  0.000  0.000 
                                             [ MATP   44 ]     19     49 u a - -
    MP   162   161 6   166     6     2     2    46    65  -8.951  -8.890  -0.024  -7.667  -7.946  -8.341 -3.469 -3.243 -3.378  0.399 -2.495 -4.001  1.811 -3.130 -3.394  0.812 -3.798 -1.156  2.806 -3.638 -0.189 -2.277 
    ML   163   161 6   166     6     1     1    44    64  -6.250  -6.596  -1.310  -1.005  -6.446  -3.975  0.368 -0.385 -0.191  0.094 
    MR   164   161 6   166     6     1     1    44    63  -7.195  -5.924  -1.833  -5.902  -0.686  -4.116  0.760 -0.656 -0.372 -0.152 
     D   165   161 6   166     6     0     0    42    61  -9.049  -7.747  -3.544  -4.226  -4.244  -0.319 
    IL   166   166 5   166     6     1     1    46    65  -2.579  -2.842  -0.760  -4.497  -5.274  -4.934  0.000  0.000  0.000  0.000 
    IR   167   167 6   167     5     1     1    45    65  -2.408  -0.496  -5.920  -4.087  -5.193          0.000  0.000  0.000  0.000 
                                             [ MATP   45 ]     20     48 u a - -
    MP   168   167 6   172     6     2     2    44    63  -8.951  -8.890  -0.024  -7.667  -7.946  -8.341 -3.469 -3.243 -3.378  0.399 -2.495 -4.001  1.811 -3.130 -3.394  0.812 -3.798 -1.156  2.806 -3.638 -0.189 -2.277 
    ML   169   167 6   172     6     1     1    42    62  -6.250  -6.596  -1.310  -1.005  -6.446  -3.975  0.368 -0.385 -0.191  0.094 
    MR   170   167 6   172     6     1     1    42    61  -7.195  -5.924  -1.833  -5.902  -0.686  -4.116  0.760 -0.656 -0.372 -0.152 
     D   171   167 6   172     6     0     0    40    59  -9.049  -7.747  -3.544  -4.226  -4.244  -0.319 
    IL   172   172 5   172     6     1     1    44    63  -2.579  -2.842  -0.760  -4.497  -5.274  -4.934  0.000  0.000  0.000  0.000 
    IR   173   173 6   173     5     1     1    43    63  -2.408  -0.496  -5.920  -4.087  -5.193          0.000  0.000  0.000  0.000 
                                             [ MATP   46 ]     21     47 g u - -
    MP   174   173 6   178     6     2     2    42    61  -8.951  -8.890  -0.024  -7.667  -7.946  -8.341 -3.148 -2.148 -3.268  1.370 -3.594 -4.368  0.700 -3.364 -3.082  1.979 -3.585  2.314  0.337 -3.646 -1.235 -2.088 
    ML   175   173 6   178     6     1     1    41    60  -6.250  -6.596  -1.310  -1.005  -6.446  -3.975  0.368 -0.385 -0.191  0.094 
    MR   176   173 6   178     6     1     1    40    60  -7.195  -5.924  -1.833  -5.902  -0.686  -4.116  0.094 -0.379 -0.497  0.541 
     D   177   173 6   178     6     0     0    38    57  -9.049  -7.747  -3.544  -4.226  -4.244  -0.319 
    IL   178   178 5   178     6     1     1    42    61  -2.579  -2.842  -0.760  -4.497  -5.274  -4.934  0.000  0.000  0.000  0.000 
    IR   179   179 6   179     5     1     1    41    61  -2.408  -0.496  -5.920  -4.087  -5.193          0.000  0.000  0.000  0.000 
                                             [ MATP   47 ]     22     46 a u - -
    MP   180   179 6   184     6     2     2    40    59  -8.951  -8.890  -0.024  -7.667  -7.946  -8.341 -3.227 -2.418 -3.274  2.753 -3.329 -4.364  0.944 -3.340 -3.198  1.711 -3.715 -0.004  0.517 -3.646 -1.005 -2.150 
    ML   181   179 6   184     6     1     1    39    58  -6.250  -6.596  -1.310  -1.005  -6.446  -3.975  0.368 -0.385 -0.191  0.094 
    MR   182   179 6   184     6     1     1    38    58  -7.195  -5.924  -1.833  -5.902  -0.686  -4.116  0.094 -0.379 -0.497  0.541 
     D   183   179 6   184     6     0     0    36    56  -9.049  -7.747  -3.544  -4.226  -4.244  -0.319 
    IL   184   184 5   184     6     1     1    40    59  -2.579  -2.842  -0.760  -4.497  -5.274  -4.934  0.000  0.000  0.000  0.000 
    IR   185   185 6   185     5     1     1    39    59  -2.408  -0.496  -5.920  -4.087  -5.193          0.000  0.000  0.000  0.000 
                                             [ MATP   48 ]     23     45 u a - -
    MP   186   185 6   190     6     2     2    38    57  -8.951  -8.890  -0.024  -7.667  -7.946  -8.341 -3.094 -3.013 -3.056  0.561 -2.237 -3.694  2.018 -2.874 -3.088  0.897 -3.516 -1.080  2.103 -3.271  1.322 -2.016 
    ML   187   185 6   190     6     1     1    37    57  -6.250  -6.596  -1.310  -1.005  -6.446  -3.975  0.368 -0.385 -0.191  0.094 
    MR   188   185 6   190     6     1     1    37    56  -7.195  -5.924  -1.833  -5.902  -0.686  -4.116  0.760 -0.656 -0.372 -0.152 
     D   189   185 6   190     6     0     0    35    55  -9.049  -7.747  -3.544  -4.226  -4.244  -0.319 
    IL   190   190 5   190     6     1     1    38    57  -2.579  -2.842  -0.760  -4.497  -5.274  -4.934  0.000  0.000  0.000  0.000 
    IR   191   191 6   191     5     1     1    37    57  -2.408  -0.496  -5.920  -4.087  -5.193          0.000  0.000  0.000  0.000 
                                             [ MATP   49 ]     24     44 G C - -
    MP   192   191 6   196     4     2     2    36    55  -6.494  -6.701  -0.073  -5.115                 -3.947 -2.723 -4.004  0.702 -4.113 -4.354  0.339 -4.164 -3.760  3.367 -4.160 -0.408 -0.076 -3.934 -1.663 -2.894 
    ML   193   191 6   196     4     1     1    36    56  -3.758  -3.940  -0.507  -2.670                  0.368 -0.385 -0.191  0.094 
    MR   194   191 6   196     4     1     1    36    55  -5.046  -4.075  -1.942  -0.621                  0.108  0.192 -0.575  0.148 
     D   195   191 6   196     4     0     0    35    54  -4.568  -4.250  -2.265  -0.520                 
    IL   196   196 5   196     4     1     1    38    57  -1.686  -2.369  -1.117  -4.855                  0.000  0.000  0.000  0.000 
    IR   197   197 6   197     3     1     1    37    56  -1.442  -0.798  -4.142                          0.000  0.000  0.000  0.000 
                                             [ MATL   50 ]     25      - C - - -
    ML   198   197 6   200     5     1     1    33    52  -6.738  -0.050  -6.553  -6.765  -7.657         -0.808  1.231 -1.579 -0.420 
     D   199   197 6   200     5     0     0    32    51  -5.185  -1.029  -4.446  -1.805  -2.734         
    IL   200   200 3   200     5     1     1    34    53  -2.408  -0.496  -4.087  -5.920  -5.193          0.000  0.000  0.000  0.000 
                                             [ MATP   51 ]     26     43 u a - -
    MP   201   200 3   205     6     2     2    32    51  -8.951  -8.890  -0.024  -7.667  -7.946  -8.341 -3.469 -3.243 -3.378  0.399 -2.495 -4.001  1.811 -3.130 -3.394  0.812 -3.798 -1.156  2.806 -3.638 -0.189 -2.277 
    ML   202   200 3   205     6     1     1    31    50  -6.250  -6.596  -1.310  -1.005  -6.446  -3.975  0.368 -0.385 -0.191  0.094 
    MR   203   200 3   205     6     1     1    31    49  -7.195  -5.924  -1.833  -5.902  -0.686  -4.116  0.760 -0.656 -0.372 -0.152 
     D   204   200 3   205     6     0     0    28    47  -9.049  -7.747  -3.544  -4.226  -4.244  -0.319 
    IL   205   205 5   205     6     1     1    32    51  -2.579  -2.842  -0.760  -4.497  -5.274  -4.934  0.000  0.000  0.000  0.000 
    IR   206   206 6   206     5     1     1    32    51  -2.408  -0.496  -5.920  -4.087  -5.193          0.000  0.000  0.000  0.000 
                                             [ MATP   52 ]     27     42 u a - -
    MP   207   206 6   211     6     2     2    30    49  -8.951  -8.890  -0.024  -7.667  -7.946  -8.341 -3.469 -3.243 -3.378  0.399 -2.495 -4.001  1.811 -3.130 -3.394  0.812 -3.798 -1.156  2.806 -3.638 -0.189 -2.277 
    ML   208   206 6   211     6     1     1    29    48  -6.250  -6.596  -1.310  -1.005  -6.446  -3.975  0.368 -0.385 -0.191  0.094 
    MR   209   206 6   211     6     1     1    29    47  -7.195  -5.924  -1.833  -5.902  -0.686  -4.116  0.760 -0.656 -0.372 -0.152 
     D   210   206 6   211     6     0     0    26    45  -9.049  -7.747  -3.544  -4.226  -4.244  -0.319 
    IL   211   211 5   211     6     1     1    30    49  -2.579  -2.842  -0.760  -4.497  -5.274  -4.934  0.000  0.000  0.000  0.000 
    IR   212   212 6   212     5     1     1    30    49  -2.408  -0.496  -5.920  -4.087  -5.193          0.000  0.000  0.000  0.000 
                                             [ MATP   53 ]     28     41 G C - -
    MP   213   212 6   217     6     2     2    28    47  -8.951  -8.890  -0.024  -7.667  -7.946  -8.341 -3.947 -2.723 -4.004  0.702 -4.113 -4.354  0.339 -4.164 -3.760  3.367 -4.160 -0.408 -0.076 -3.934 -1.663 -2.894 
    ML   214   212 6   217     6     1     1    27    46  -6.250  -6.596  -1.310  -1.005  -6.446  -3.975  0.368 -0.385 -0.191  0.094 
    MR   215   212 6   217     6     1     1    27    45  -7.195  -5.924  -1.833  -5.902  -1.036  -2.385  0.108  0.192 -0.575  0.148 
     D   216   212 6   217     6     0     0    24    43  -9.049  -7.747  -3.544  -4.226  -4.244  -0.319 
    IL   217   217 5   217     6     1     1    28    47  -2.579  -2.842  -0.760  -4.497  -5.274  -4.934  0.000  0.000  0.000  0.000 
    IR   218   218 6   218     5     1     1    28    47  -2.408  -0.496  -5.920  -4.087  -5.193          0.000  0.000  0.000  0.000 
                                             [ MATP   54 ]     29     40 C G - -
    MP   219   218 6   223     6     2     2    26    45  -8.951  -8.890  -0.024  -7.667  -7.946  -8.341 -3.778 -3.593 -3.587  0.087 -2.505 -4.095  3.209 -3.231 -3.621  0.488 -3.954 -1.530  1.071 -3.890 -0.203 -2.491 
    ML   220   218 6   223     6     1     1    25    44  -6.250  -6.596  -1.310  -1.005  -6.446  -3.975  0.368 -0.385 -0.191  0.094 
    MR   221   218 6   223     6     1     1    25    44  -6.988  -5.717  -1.625  -5.695  -0.829  -3.908  0.368 -0.385 -0.191  0.094 
     D   222   218 6   223     6     0     0    23    42  -9.343  -8.042  -3.839  -4.521  -4.538  -0.255 
    IL   223   223 5   223     6     1     1    26    45  -2.579  -2.842  -0.760  -4.497  -5.274  -4.934  0.000  0.000  0.000  0.000 
    IR   224   224 6   224     5     1     1    26    45  -2.408  -0.496  -5.920  -4.087  -5.193          0.000  0.000  0.000  0.000 
                                             [ MATP   55 ]     30     39 G C - -
    MP   225   224 6   229     6     2     2    24    43  -8.951  -8.890  -0.024  -7.667  -7.946  -8.341 -3.947 -2.723 -4.004  0.702 -4.113 -4.354  0.339 -4.164 -3.760  3.367 -4.160 -0.408 -0.076 -3.934 -1.663 -2.894 
    ML   226   224 6   229     6     1     1    24    43  -6.250  -6.596  -1.310  -1.005  -6.446  -3.975  0.368 -0.385 -0.191  0.094 
    MR   227   224 6   229     6     1     1    23    42  -6.988  -5.717  -1.625  -5.695  -0.829  -3.908  0.368 -0.385 -0.191  0.094 
     D   228   224 6   229     6     0     0    22    41  -9.343  -8.042  -3.839  -4.521  -4.538  -0.255 
    IL   229   229 5   229     6     1     1    24    43  -2.579  -2.842  -0.760  -4.497  -5.274  -4.934  0.000  0.000  0.000  0.000 
    IR   230   230 6   230     5     1     1    24    43  -2.408  -0.496  -5.920  -4.087  -5.193          0.000  0.000  0.000  0.000 
                                             [ MATP   56 ]     31     38 a u - -
    MP   231   230 6   235     4     2     2    22    41  -6.494  -6.701  -0.073  -5.115                 -3.227 -2.418 -3.274  2.753 -3.329 -4.364  0.944 -3.340 -3.198  1.711 -3.715 -0.004  0.517 -3.646 -1.005 -2.150 
    ML   232   230 6   235     4     1     1    23    42  -3.758  -3.940  -0.507  -2.670                  0.368 -0.385 -0.191  0.094 
    MR   233   230 6   235     4     1     1    22    41  -4.809  -3.838  -1.706  -0.766                  0.368 -0.385 -0.191  0.094 
     D   234   230 6   235     4     0     0    21    40  -4.845  -4.527  -2.542  -0.415                 
    IL   235   235 5   235     4     1     1    24    43  -1.686  -2.369  -1.117  -4.855                  0.000  0.000  0.000  0.000 
    IR   236   236 6   236     3     1     1    23    42  -1.442  -0.798  -4.142                          0.000  0.000  0.000  0.000 
                                             [ MATL   57 ]     32      - U - - -
    ML   237   236 6   239     3     1     1    19    38  -7.548  -0.028  -6.203                         -0.766 -0.901 -1.449  1.328 
     D   238   236 6   239     3     0     0    18    37  -6.554  -2.067  -0.414                         
    IL   239   239 3   239     3     1     1    22    41  -1.442  -0.798  -4.142                          0.000  0.000  0.000  0.000 
                                             [ MATL   58 ]     33      - u - - -
    ML   240   239 3   242     3     1     1    18    36  -7.548  -0.028  -6.203                         -0.402  0.088 -1.128  0.785 
     D   241   239 3   242     3     0     0    17    36  -6.554  -2.067  -0.414                         
    IL   242   242 3   242     3     1     1    21    40  -1.442  -0.798  -4.142                          0.000  0.000  0.000  0.000 
                                             [ MATL   59 ]     34      - G - - -
    ML   243   242 3   245     3     1     1    17    35  -7.548  -0.028  -6.203                         -0.712 -1.771  1.405 -1.158 
     D   244   242 3   245     3     0     0    16    34  -6.554  -2.067  -0.414                         
    IL   245   245 3   245     3     1     1    20    38  -1.442  -0.798  -4.142                          0.000  0.000  0.000  0.000 
                                             [ MATL   60 ]     35      - C - - -
    ML   246   245 3   248     3     1     1    15    34  -7.548  -0.028  -6.203                         -0.808  1.231 -1.579 -0.420 
     D   247   245 3   248     3     0     0    14    33  -6.554  -2.067  -0.414                         
    IL   248   248 3   248     3     1     1    19    37  -1.442  -0.798  -4.142                          0.000  0.000  0.000  0.000 
                                             [ MATL   61 ]     36      - U - - -
    ML   249   248 3   251     3     1     1    13    32  -7.548  -0.028  -6.203                         -0.766 -0.901 -1.449  1.328 
     D   250   248 3   251     3     0     0    13    31  -6.554  -2.067  -0.414                         
    IL   251   251 3   251     3     1     1    18    36  -1.442  -0.798  -4.142                          0.000  0.000  0.000  0.000 
                                             [ MATL   62 ]     37      - U - - -
    ML   252   251 3   254     2     1     1     1     1       *   0.000                                 -0.766 -0.901 -1.449  1.328 
     D   253   251 3   254     2     0     0     0     0       *   0.000                                 
    IL   254   254 3   254     2     1     1    13    28  -1.823  -0.479                                  0.000  0.000  0.000  0.000 
                                             [ END    63 ]      -      - - - - -
     E   255   254 3    -1     0     0     0     0     0                                                 
//
HMMER3/f [3.1b3 | July 2016]
NAME  t_nt_txpa_rata_enterococcus_round5_0001
LENG  84
MAXL  179
ALPH  RNA
RF    no
MM    no
CONS  yes
CS    yes
MAP   yes
DATE  Mon Dec 16 22:46:51 2019
COM   [1] cmbuild /home/co78wid/projects/master/results/ta_systems/txpa_rata_enterococcus/2_structure_analysis/infernal_search/t_nt_txpa_rata_enterococcus_cmbuild.txt /home/co78wid/projects/master/results/ta_systems/txpa_rata_enterococcus/1_sequence_analysis/fold/t_nt_txpa_rata_enterococcus_round5.stk
NSEQ  9
EFFN  1.744629
CKSUM 3982229399
STATS LOCAL MSV       -8.3472  0.71877
STATS LOCAL VITERBI   -9.8195  0.71877
STATS LOCAL FORWARD   -3.4558  0.71877
HMM          A        C        G        U   
            m->m     m->i     m->d     i->m     i->i     d->m     d->d
  COMPO   1.13263  1.60651  1.52968  1.34468
          1.38629  1.38629  1.38629  1.38629
          0.10635  3.73755  2.56296  1.46634  0.26236  0.00000        *
      1   2.25628  3.06438  0.25221  2.63806      1 G - - :
          1.38629  1.38629  1.38629  1.38629
          0.05161  3.68282  3.68282  1.46634  0.26236  1.65572  0.21190
      2   2.22503  2.25692  2.72252  0.32635      2 U - - :
          1.38629  1.38629  1.38629  1.38629
          0.05161  3.68282  3.68282  1.46634  0.26236  1.65572  0.21190
      3   2.25628  3.06438  0.25221  2.63806      3 G - - :
          1.38629  1.38629  1.38629  1.38629
          0.05161  3.68282  3.68282  1.46634  0.26236  1.65572  0.21190
      4   0.55975  2.30217  1.49923  2.25090      4 A - - <
          1.38629  1.38629  1.38629  1.38629
          0.05161  3.68282  3.68282  1.46634  0.26236  1.65572  0.21190
      5   2.78051  0.36877  2.49991  1.80595      5 C - - <
          1.38629  1.38629  1.38629  1.38629
          0.05161  3.68282  3.68282  1.46634  0.26236  1.65572  0.21190
      6   2.54390  1.60186  2.24003  0.48864      6 U - - <
          1.38629  1.38629  1.38629  1.38629
          0.05161  3.68282  3.68282  1.46634  0.26236  1.65572  0.21190
      7   2.31831  2.79384  0.25365  2.74244      7 G - - <
          1.38629  1.38629  1.38629  1.38629
          0.05161  3.68282  3.68282  1.46634  0.26236  1.65572  0.21190
      8   2.22503  2.25692  2.72252  0.32635      8 U - - -
          1.38629  1.38629  1.38629  1.38629
          0.05161  3.68282  3.68282  1.46634  0.26236  1.65572  0.21190
      9   2.34183  0.33980  2.90245  1.98741      9 C - - -
          1.38629  1.38629  1.38629  1.38629
          0.05161  3.68282  3.68282  1.46634  0.26236  1.65572  0.21190
     10   2.54222  1.60189  2.23946  0.48894     10 U - - <
          1.38629  1.38629  1.38629  1.38629
          0.05161  3.68282  3.68282  1.46634  0.26236  1.65572  0.21190
     11   2.54361  1.60186  2.23993  0.48869     11 U - - <
          1.38629  1.38629  1.38629  1.38629
          0.05161  3.68282  3.68282  1.46634  0.26236  1.65572  0.21190
     12   2.54414  1.60186  2.24011  0.48859     12 U - - <
          1.38629  1.38629  1.38629  1.38629
          0.05161  3.68282  3.68282  1.46634  0.26236  1.65572  0.21190
     13   1.98621  2.53115  0.36535  2.41614     13 G - - <
          1.38629  1.38629  1.38629  1.38629
          0.05161  3.68282  3.68282  1.46634  0.26236  1.65572  0.21190
     14   0.55936  2.30300  1.49922  2.25228     14 A - - <
          1.38629  1.38629  1.38629  1.38629
          0.05161  3.68282  3.68282  1.46634  0.26236  1.65572  0.21190
     15   0.24670  2.81897  2.58509  2.48205     15 A - - -
          1.38629  1.38629  1.38629  1.38629
          0.05161  3.68282  3.68282  1.46634  0.26236  1.65572  0.21190
     16   1.61688  2.60432  0.48585  2.18606     16 G - - -
          1.38629  1.38629  1.38629  1.38629
          0.05161  3.68282  3.68282  1.46634  0.26236  1.65572  0.21190
     17   2.34183  0.33980  2.90245  1.98741     17 C - - -
          1.38629  1.38629  1.38629  1.38629
          0.05161  3.68282  3.68282  1.46634  0.26236  1.65572  0.21190
     18   0.55963  2.30242  1.49923  2.25132     18 A - - <
          1.38629  1.38629  1.38629  1.38629
          0.05161  3.68282  3.68282  1.46634  0.26236  1.65572  0.21190
     19   2.54369  1.60186  2.23996  0.48867     19 U - - <
          1.38629  1.38629  1.38629  1.38629
          0.05161  3.68282  3.68282  1.46634  0.26236  1.65572  0.21190
     20   2.54419  1.60185  2.24013  0.48858     20 U - - <
          1.38629  1.38629  1.38629  1.38629
          0.05161  3.68282  3.68282  1.46634  0.26236  1.65572  0.21190
     21   1.75087  2.46871  0.43394  2.36729     21 G - - <
          1.38629  1.38629  1.38629  1.38629
          0.05161  3.68282  3.68282  1.46634  0.26236  1.65572  0.21190
     22   0.55935  2.30300  1.49922  2.25230     22 A - - <
          1.38629  1.38629  1.38629  1.38629
          0.05161  3.68282  3.68282  1.46634  0.26236  1.65572  0.21190
     23   2.28295  1.35216  2.02349  0.67896     23 U - - <
          1.38629  1.38629  1.38629  1.38629
          0.05161  3.68282  3.68282  1.46634  0.26236  1.65572  0.21190
     24   2.31840  2.79392  0.25362  2.74256     24 G - - <
          1.38629  1.38629  1.38629  1.38629
          0.05161  3.68282  3.68282  1.46634  0.26236  1.65572  0.21190
     25   2.34183  0.33980  2.90245  1.98741     25 C - - -
          1.38629  1.38629  1.38629  1.38629
          0.05161  3.68282  3.68282  1.46634  0.26236  1.65572  0.21190
     26   2.54533  1.60184  2.24051  0.48837     26 U - - <
          1.38629  1.38629  1.38629  1.38629
          0.05161  3.68282  3.68282  1.46634  0.26236  1.65572  0.21190
     27   2.54607  1.60182  2.24077  0.48824     27 U - - <
          1.38629  1.38629  1.38629  1.38629
          0.05161  3.68282  3.68282  1.46634  0.26236  1.65572  0.21190
     28   2.31979  2.79522  0.25319  2.74448     28 G - - <
          1.38629  1.38629  1.38629  1.38629
          0.05161  3.68282  3.68282  1.46634  0.26236  1.65572  0.21190
     29   2.78429  0.36812  2.50141  1.80651     29 C - - <
          1.38629  1.38629  1.38629  1.38629
          0.05161  3.68282  3.68282  1.46634  0.26236  1.65572  0.21190
     30   2.31974  2.79518  0.25320  2.74442     30 G - - <
          1.38629  1.38629  1.38629  1.38629
          0.05161  3.68282  3.68282  1.46634  0.26236  1.65572  0.21190
     31   0.55912  2.30349  1.49920  2.25312     31 A - - <
          1.38629  1.38629  1.38629  1.38629
          0.05161  3.68282  3.68282  1.46634  0.26236  1.65572  0.21190
     32   2.22503  2.25692  2.72252  0.32635     32 U - - _
          1.38629  1.38629  1.38629  1.38629
          0.05161  3.68282  3.68282  1.46634  0.26236  1.65572  0.21190
     33   1.80267  1.28305  2.32273  0.77665     33 u - - _
          1.38629  1.38629  1.38629  1.38629
          0.05161  3.68282  3.68282  1.46634  0.26236  1.65572  0.21190
     34   2.25628  3.06438  0.25221  2.63806     34 G - - _
          1.38629  1.38629  1.38629  1.38629
          0.05161  3.68282  3.68282  1.46634  0.26236  1.65572  0.21190
     35   2.34183  0.33980  2.90245  1.98741     35 C - - _
          1.38629  1.38629  1.38629  1.38629
          0.05161  3.68282  3.68282  1.46634  0.26236  1.65572  0.21190
     36   2.22503  2.25692  2.72252  0.32635     36 U - - _
          1.38629  1.38629  1.38629  1.38629
          0.05161  3.68282  3.68282  1.46634  0.26236  1.65572  0.21190
     37   2.22503  2.25692  2.72252  0.32635     37 U - - _
          1.38629  1.38629  1.38629  1.38629
          0.05161  3.68282  3.68282  1.46634  0.26236  1.65572  0.21190
     38   2.48240  1.74717  2.11919  0.47472     38 U - - >
          1.38629  1.38629  1.38629  1.38629
          0.05161  3.68282  3.68282  1.46634  0.26236  1.65572  0.21190
     39   2.95641  0.29654  2.62180  2.02544     39 C - - >
          1.38629  1.38629  1.38629  1.38629
          0.05161  3.68282  3.68282  1.46634  0.26236  1.65572  0.21190
     40   2.07586  2.66324  0.32071  2.53580     40 G - - >
          1.38629  1.38629  1.38629  1.38629
          0.05161  3.68282  3.68282  1.46634  0.26236  0.48112  0.96257
     41   2.94914  0.29799  2.62559  2.01810     41 C - - >
          1.38629  1.38629  1.38629  1.38629
          0.04880  3.73755  3.73755  1.46634  0.26236  1.09861  0.40547
     42   0.55594  2.41488  1.44281  2.29436     42 A - - >
          1.38629  1.38629  1.38629  1.38629
          0.04880  3.73755  3.73755  1.46634  0.26236  1.09861  0.40547
     43   0.55685  2.41188  1.44390  2.28931     43 A - - >
          1.38629  1.38629  1.38629  1.38629
          0.04880  3.73755  3.73755  1.46634  0.26236  1.09861  0.40547
     44   2.95397  0.29727  2.62704  2.01943     44 C - - >
          1.38629  1.38629  1.38629  1.38629
          0.04880  3.73755  3.73755  1.46634  0.26236  1.09861  0.40547
     45   1.13407  2.18801  0.82438  2.05862     45 g - - >
          1.38629  1.38629  1.38629  1.38629
          0.04880  3.73755  3.73755  1.46634  0.26236  1.09861  0.40547
     46   2.47441  1.74668  2.12138  0.47551     46 U - - >
          1.38629  1.38629  1.38629  1.38629
          0.04880  3.73755  3.73755  1.46634  0.26236  1.09861  0.40547
     47   2.56725  1.56548  2.27456  0.49197     47 U - - >
          1.38629  1.38629  1.38629  1.38629
          0.04880  3.73755  3.73755  1.46634  0.26236  1.09861  0.40547
     48   0.55794  2.40829  1.44522  2.28328     48 A - - >
          1.38629  1.38629  1.38629  1.38629
          0.04880  3.73755  3.73755  1.46634  0.26236  1.09861  0.40547
     49   0.55989  2.40192  1.44758  2.27260     49 A - - >
          1.38629  1.38629  1.38629  1.38629
          0.04880  3.73755  3.73755  1.46634  0.26236  1.09861  0.40547
     50   2.40867  1.74400  2.10881  0.48798     50 U - - >
          1.38629  1.38629  1.38629  1.38629
          0.04880  3.73755  3.73755  1.46634  0.26236  1.09861  0.40547
     51   2.32464  2.33837  2.82821  0.29226     51 U - - -
          1.38629  1.38629  1.38629  1.38629
          0.04880  3.73755  3.73755  1.46634  0.26236  1.09861  0.40547
     52   2.37507  3.20360  0.21790  2.77793     52 G - - -
          1.38629  1.38629  1.38629  1.38629
          0.04880  3.73755  3.73755  1.46634  0.26236  1.09861  0.40547
     53   2.47440  1.74668  2.12138  0.47551     53 U - - >
          1.38629  1.38629  1.38629  1.38629
          0.04880  3.73755  3.73755  1.46634  0.26236  1.09861  0.40547
     54   2.62056  0.51560  2.34788  1.45021     54 C - - >
          1.38629  1.38629  1.38629  1.38629
          0.04880  3.73755  3.73755  1.46634  0.26236  1.09861  0.40547
     55   0.55794  2.40828  1.44523  2.28327     55 A - - >
          1.38629  1.38629  1.38629  1.38629
          0.04880  3.73755  3.73755  1.46634  0.26236  1.09861  0.40547
     56   0.55989  2.40191  1.44758  2.27260     56 A - - >
          1.38629  1.38629  1.38629  1.38629
          0.04880  3.73755  3.73755  1.46634  0.26236  1.09861  0.40547
     57   0.56296  2.39197  1.45131  2.25602     57 A - - >
          1.38629  1.38629  1.38629  1.38629
          0.04880  3.73755  3.73755  1.46634  0.26236  1.09861  0.40547
     58   0.21780  2.92968  2.68467  2.60289     58 A - - -
          1.38629  1.38629  1.38629  1.38629
          0.04880  3.73755  3.73755  1.46634  0.26236  1.09861  0.40547
     59   2.32464  2.33837  2.82821  0.29226     59 U - - -
          1.38629  1.38629  1.38629  1.38629
          0.04880  3.73755  3.73755  1.46634  0.26236  1.09861  0.40547
     60   2.92426  0.30176  2.61802  2.01117     60 C - - >
          1.38629  1.38629  1.38629  1.38629
          0.04880  3.73755  3.73755  1.46634  0.26236  1.09861  0.40547
     61   0.55795  2.40826  1.44523  2.28324     61 A - - >
          1.38629  1.38629  1.38629  1.38629
          0.04880  3.73755  3.73755  1.46634  0.26236  1.09861  0.40547
     62   2.04945  2.64086  0.33172  2.49852     62 G - - >
          1.38629  1.38629  1.38629  1.38629
          0.04880  3.73755  3.73755  1.46634  0.26236  1.09861  0.40547
     63   2.40863  1.74400  2.10880  0.48799     63 U - - >
          1.38629  1.38629  1.38629  1.38629
          0.04880  3.73755  3.73755  1.46634  0.26236  1.09861  0.40547
     64   0.21780  2.92968  2.68467  2.60289     64 A - - :
          1.38629  1.38629  1.38629  1.38629
          0.04880  3.73755  3.73755  1.46634  0.26236  1.09861  0.40547
     65   0.21780  2.92968  2.68467  2.60289     65 A - - :
          1.38629  1.38629  1.38629  1.38629
          0.04880  3.73755  3.73755  1.46634  0.26236  1.09861  0.40547
     66   2.32464  2.33837  2.82821  0.29226     66 U - - :
          1.38629  1.38629  1.38629  1.38629
          0.04880  3.73755  3.73755  1.46634  0.26236  1.09861  0.40547
     67   0.21780  2.92968  2.68467  2.60289     67 A - - :
          1.38629  1.38629  1.38629  1.38629
          0.04880  3.73755  3.73755  1.46634  0.26236  1.09861  0.40547
     68   0.21780  2.92968  2.68467  2.60289     68 A - - :
          1.38629  1.38629  1.38629  1.38629
          0.04880  3.73755  3.73755  1.46634  0.26236  1.09861  0.40547
     69   0.21780  2.92968  2.68467  2.60289     69 A - - :
          1.38629  1.38629  1.38629  1.38629
          0.04880  3.73755  3.73755  1.46634  0.26236  1.09861  0.40547
     70   0.21780  2.92968  2.68467  2.60289     70 A - - :
          1.38629  1.38629  1.38629  1.38629
          0.04880  3.73755  3.73755  1.46634  0.26236  1.09861  0.40547
     71   0.21780  2.92968  2.68467  2.60289     71 A - - :
          1.38629  1.38629  1.38629  1.38629
          0.04880  3.73755  3.73755  1.46634  0.26236  1.09861  0.40547
     72   2.47285  0.29537  3.03953  2.09117     72 C - - :
          1.38629  1.38629  1.38629  1.38629
          0.04880  3.73755  3.73755  1.46634  0.26236  1.09861  0.40547
     73   1.15520  2.38959  0.78825  1.97547     73 g - - :
          1.38629  1.38629  1.38629  1.38629
          0.04880  3.73755  3.73755  1.46634  0.26236  1.09861  0.40547
     74   0.21780  2.92968  2.68467  2.60289     74 A - - :
          1.38629  1.38629  1.38629  1.38629
          0.04880  3.73755  3.73755  1.46634  0.26236  1.09861  0.40547
     75   2.11403  0.50993  2.67720  1.56087     75 C - - :
          1.38629  1.38629  1.38629  1.38629
          0.04880  3.73755  3.73755  1.46634  0.26236  1.09861  0.40547
     76   0.21780  2.92968  2.68467  2.60289     76 A - - :
          1.38629  1.38629  1.38629  1.38629
          0.04880  3.73755  3.73755  1.46634  0.26236  1.09861  0.40547
     77   0.21780  2.92968  2.68467  2.60289     77 A - - :
          1.38629  1.38629  1.38629  1.38629
          0.04880  3.73755  3.73755  1.46634  0.26236  1.09861  0.40547
     78   0.21780  2.92968  2.68467  2.60289     78 A - - :
          1.38629  1.38629  1.38629  1.38629
          0.04880  3.73755  3.73755  1.46634  0.26236  1.09861  0.40547
     79   0.21780  2.92968  2.68467  2.60289     79 A - - :
          1.38629  1.38629  1.38629  1.38629
          0.04880  3.73755  3.73755  1.46634  0.26236  1.09861  0.40547
     80   0.21780  2.92968  2.68467  2.60289     80 A - - :
          1.38629  1.38629  1.38629  1.38629
          0.04880  3.73755  3.73755  1.46634  0.26236  1.09861  0.40547
     81   0.21780  2.92968  2.68467  2.60289     81 A - - :
          1.38629  1.38629  1.38629  1.38629
          0.04880  3.73755  3.73755  1.46634  0.26236  1.09861  0.40547
     82   2.32464  2.33837  2.82821  0.29226     82 U - - :
          1.38629  1.38629  1.38629  1.38629
          0.04880  3.73755  3.73755  1.46634  0.26236  1.09861  0.40547
     83   0.21780  2.92968  2.68467  2.60289     83 A - - :
          1.38629  1.38629  1.38629  1.38629
          0.04880  3.73755  3.73755  1.46634  0.26236  1.09861  0.40547
     84   0.21780  2.92968  2.68467  2.60289     84 A - - :
          1.38629  1.38629  1.38629  1.38629
          0.02470  3.71345        *  1.46634  0.26236  0.00000        *
//
