INFERNAL1/a [1.1.2 | July 2016]
NAME     t_pro_txpa_rata_enterococcus_round5_0001
STATES   247
NODES    61
CLEN     81
W        97
ALPH     RNA
RF       no
CONS     yes
MAP      yes
DATE     Mon Dec 16 23:09:23 2019
COM      [1] cmbuild /home/co78wid/projects/master/results/ta_systems/txpa_rata_enterococcus/2_structure_analysis/infernal_search/t_pro_txpa_rata_enterococcus_cmbuild.txt /home/co78wid/projects/master/results/ta_systems/txpa_rata_enterococcus/1_sequence_analysis/fold/t_pro_txpa_rata_enterococcus_round5.stk
COM      [2] cmcalibrate --cpu 30 /home/co78wid/projects/master/results/ta_systems/txpa_rata_enterococcus/2_structure_analysis/infernal_search/t_pro_txpa_rata_enterococcus_cmbuild.txt
PBEGIN   0.05
PEND     0.05
WBETA    1e-07
QDBBETA1 1e-07
QDBBETA2 1e-15
N2OMEGA  1.52588e-05
N3OMEGA  1.52588e-05
ELSELF   -0.08926734
NSEQ     2
EFFN     1.058594
CKSUM    1436114411
NULL     0.000  0.000  0.000  0.000 
EFP7GF   -8.3135 0.71879
ECMLC    0.53469    -6.96390     3.81134     1600000      381370  0.003147
ECMGC    0.42565   -13.73652    -0.96298     1600000       91903  0.004352
ECMLI    0.52879    -4.58755     5.54995     1600000      255432  0.004698
ECMGI    0.43858    -8.93638     2.61696     1600000       63485  0.006301
CM
                                             [ ROOT    0 ]      -      - - - - -
     S     0    -1 0     1     4     1     1    97   117  -6.538  -6.745  -0.071  -5.159                 
    IL     1     1 2     1     4     1    28   101   122  -1.686  -2.369  -1.117  -4.855                  0.000  0.000  0.000  0.000 
    IR     2     2 3     2     3     1    27   100   121  -1.442  -0.798  -4.142                          0.000  0.000  0.000  0.000 
                                             [ MATL    1 ]      1      - G - - -
    ML     3     2 3     5     3     1    27    97   117  -7.588  -0.027  -6.242                         -0.791 -1.866  1.448 -1.252 
     D     4     2 3     5     3     0    23    96   116  -6.174  -1.687  -0.566                         
    IL     5     5 3     5     3     1    27    99   119  -1.442  -0.798  -4.142                          0.000  0.000  0.000  0.000 
                                             [ MATL    2 ]      2      - U - - -
    ML     6     5 3     8     3     1    26    96   116  -7.588  -0.027  -6.242                         -0.830 -0.951 -1.518  1.362 
     D     7     5 3     8     3     0    22    95   115  -6.174  -1.687  -0.566                         
    IL     8     8 3     8     3     1    26    98   118  -1.442  -0.798  -4.142                          0.000  0.000  0.000  0.000 
                                             [ MATL    3 ]      3      - G - - -
    ML     9     8 3    11     3     1    25    95   115  -8.006  -0.024  -6.324                         -0.791 -1.866  1.448 -1.252 
     D    10     8 3    11     3     0    21    94   114  -5.620  -0.734  -1.403                         
    IL    11    11 3    11     3     1    24    96   116  -1.925  -0.554  -4.164                          0.000  0.000  0.000  0.000 
                                             [ MATR    4 ]      -     81 - A - -
    MR    12    11 3    14     3     1    24    94   114  -8.006  -0.024  -6.324                          1.497 -1.636 -1.341 -1.115 
     D    13    11 3    14     3     0    19    93   112  -6.390  -1.568  -0.620                         
    IR    14    14 3    14     3     1    24    95   115  -1.925  -0.554  -4.164                          0.000  0.000  0.000  0.000 
                                             [ MATR    5 ]      -     80 - A - -
    MR    15    14 3    17     3     1    23    93   113  -8.006  -0.024  -6.324                          1.497 -1.636 -1.341 -1.115 
     D    16    14 3    17     3     0    19    92   111  -6.390  -1.568  -0.620                         
    IR    17    17 3    17     3     1    23    94   114  -1.925  -0.554  -4.164                          0.000  0.000  0.000  0.000 
                                             [ MATR    6 ]      -     79 - A - -
    MR    18    17 3    20     3     1    22    92   112  -8.006  -0.024  -6.324                          1.497 -1.636 -1.341 -1.115 
     D    19    17 3    20     3     0    18    91   110  -6.390  -1.568  -0.620                         
    IR    20    20 3    20     3     1    22    93   113  -1.925  -0.554  -4.164                          0.000  0.000  0.000  0.000 
                                             [ MATR    7 ]      -     78 - A - -
    MR    21    20 3    23     3     1    21    91   111  -8.006  -0.024  -6.324                          1.497 -1.636 -1.341 -1.115 
     D    22    20 3    23     3     0    17    90   109  -6.390  -1.568  -0.620                         
    IR    23    23 3    23     3     1    21    92   112  -1.925  -0.554  -4.164                          0.000  0.000  0.000  0.000 
                                             [ MATR    8 ]      -     77 - A - -
    MR    24    23 3    26     3     1    20    90   110  -8.006  -0.024  -6.324                          1.497 -1.636 -1.341 -1.115 
     D    25    23 3    26     3     0    16    89   108  -6.390  -1.568  -0.620                         
    IR    26    26 3    26     3     1    20    91   111  -1.925  -0.554  -4.164                          0.000  0.000  0.000  0.000 
                                             [ MATR    9 ]      -     76 - A - -
    MR    27    26 3    29     3     1    19    89   109  -8.006  -0.024  -6.324                          1.497 -1.636 -1.341 -1.115 
     D    28    26 3    29     3     0    15    88   107  -6.390  -1.568  -0.620                         
    IR    29    29 3    29     3     1    19    90   110  -1.925  -0.554  -4.164                          0.000  0.000  0.000  0.000 
                                             [ MATR   10 ]      -     75 - C - -
    MR    30    29 3    32     3     1    19    88   108  -8.006  -0.024  -6.324                         -0.888  1.280 -1.665 -0.482 
     D    31    29 3    32     3     0    14    87   106  -6.390  -1.568  -0.620                         
    IR    32    32 3    32     3     1    18    89   109  -1.925  -0.554  -4.164                          0.000  0.000  0.000  0.000 
                                             [ MATR   11 ]      -     74 - A - -
    MR    33    32 3    35     3     1    18    87   107  -8.006  -0.024  -6.324                          1.497 -1.636 -1.341 -1.115 
     D    34    32 3    35     3     0    13    86   105  -6.390  -1.568  -0.620                         
    IR    35    35 3    35     3     1    17    88   108  -1.925  -0.554  -4.164                          0.000  0.000  0.000  0.000 
                                             [ MATR   12 ]      -     73 - G - -
    MR    36    35 3    38     3     1    17    86   106  -8.006  -0.024  -6.324                         -0.791 -1.866  1.448 -1.252 
     D    37    35 3    38     3     0    12    85   104  -6.390  -1.568  -0.620                         
    IR    38    38 3    38     3     1    16    87   107  -1.925  -0.554  -4.164                          0.000  0.000  0.000  0.000 
                                             [ MATR   13 ]      -     72 - C - -
    MR    39    38 3    41     3     1    16    85   105  -8.006  -0.024  -6.324                         -0.888  1.280 -1.665 -0.482 
     D    40    38 3    41     3     0    11    84   103  -6.390  -1.568  -0.620                         
    IR    41    41 3    41     3     1    16    86   106  -1.925  -0.554  -4.164                          0.000  0.000  0.000  0.000 
                                             [ MATR   14 ]      -     71 - A - -
    MR    42    41 3    44     3     1    15    84   104  -8.006  -0.024  -6.324                          1.497 -1.636 -1.341 -1.115 
     D    43    41 3    44     3     0    10    83   102  -6.390  -1.568  -0.620                         
    IR    44    44 3    44     3     1    15    85   105  -1.925  -0.554  -4.164                          0.000  0.000  0.000  0.000 
                                             [ MATR   15 ]      -     70 - A - -
    MR    45    44 3    47     3     1    14    83   103  -8.006  -0.024  -6.324                          1.497 -1.636 -1.341 -1.115 
     D    46    44 3    47     3     0     9    82   101  -6.390  -1.568  -0.620                         
    IR    47    47 3    47     3     1    14    84   104  -1.925  -0.554  -4.164                          0.000  0.000  0.000  0.000 
                                             [ MATR   16 ]      -     69 - A - -
    MR    48    47 3    50     3     1    14    82   102  -8.006  -0.024  -6.324                          1.497 -1.636 -1.341 -1.115 
     D    49    47 3    50     3     0     7    81   100  -6.390  -1.568  -0.620                         
    IR    50    50 3    50     3     1    13    83   103  -1.925  -0.554  -4.164                          0.000  0.000  0.000  0.000 
                                             [ MATR   17 ]      -     68 - A - -
    MR    51    50 3    53     3     1    13    81   101  -8.006  -0.024  -6.324                          1.497 -1.636 -1.341 -1.115 
     D    52    50 3    53     3     0     6    80    99  -6.390  -1.568  -0.620                         
    IR    53    53 3    53     3     1    12    82   102  -1.925  -0.554  -4.164                          0.000  0.000  0.000  0.000 
                                             [ MATR   18 ]      -     67 - A - -
    MR    54    53 3    56     3     1    12    80   100  -8.006  -0.024  -6.324                          1.497 -1.636 -1.341 -1.115 
     D    55    53 3    56     3     0     6    79    98  -6.390  -1.568  -0.620                         
    IR    56    56 3    56     3     1    11    81   101  -1.925  -0.554  -4.164                          0.000  0.000  0.000  0.000 
                                             [ MATR   19 ]      -     66 - U - -
    MR    57    56 3    59     3     1    11    79    99  -8.006  -0.024  -6.324                         -0.830 -0.951 -1.518  1.362 
     D    58    56 3    59     3     0     5    78    97  -6.390  -1.568  -0.620                         
    IR    59    59 3    59     3     1    10    80   100  -1.925  -0.554  -4.164                          0.000  0.000  0.000  0.000 
                                             [ MATR   20 ]      -     65 - A - -
    MR    60    59 3    62     3     1    11    78    98  -8.006  -0.024  -6.324                          1.497 -1.636 -1.341 -1.115 
     D    61    59 3    62     3     0     4    77    96  -6.390  -1.568  -0.620                         
    IR    62    62 3    62     3     1     9    79    99  -1.925  -0.554  -4.164                          0.000  0.000  0.000  0.000 
                                             [ MATR   21 ]      -     64 - A - -
    MR    63    62 3    65     5     1    10    77    97  -6.771  -0.049  -6.586  -6.798  -7.690          1.497 -1.636 -1.341 -1.115 
     D    64    62 3    65     5     0     3    76    96  -5.352  -0.707  -2.978  -4.409  -2.404         
    IR    65    65 3    65     5     1     7    78    97  -2.408  -0.496  -5.920  -4.087  -5.193          0.000  0.000  0.000  0.000 
                                             [ MATP   22 ]      4     63 a u - -
    MP    66    65 3    70     6     2    11    76    96  -8.964  -8.904  -0.023  -7.680  -7.960  -8.355 -3.266 -2.445 -3.313  2.818 -3.390 -4.424  0.883 -3.378 -3.234  1.662 -3.753 -0.023  0.458 -3.699 -1.064 -2.185 
    ML    67    65 3    70     6     1     5    75    95  -6.250  -6.596  -1.310  -1.005  -6.446  -3.975  0.368 -0.385 -0.191  0.094 
    MR    68    65 3    70     6     1     4    75    94  -6.988  -5.717  -1.625  -5.695  -0.829  -3.908  0.368 -0.385 -0.191  0.094 
     D    69    65 3    70     6     0     1    72    92  -9.049  -7.747  -3.544  -4.226  -4.244  -0.319 
    IL    70    70 5    70     6     1     6    76    96  -2.579  -2.842  -0.760  -4.497  -5.274  -4.934  0.000  0.000  0.000  0.000 
    IR    71    71 6    71     5     1     7    76    95  -2.408  -0.496  -5.920  -4.087  -5.193          0.000  0.000  0.000  0.000 
                                             [ MATP   23 ]      5     62 C G - -
    MP    72    71 6    76     6     2     9    74    94  -8.964  -8.904  -0.023  -7.680  -7.960  -8.355 -3.842 -3.667 -3.642  0.021 -2.541 -4.143  3.249 -3.274 -3.677  0.403 -4.004 -1.606  1.032 -3.951 -0.239 -2.544 
    ML    73    71 6    76     6     1     4    73    93  -6.250  -6.596  -1.310  -1.005  -6.446  -3.975  0.368 -0.385 -0.191  0.094 
    MR    74    71 6    76     6     1     4    73    93  -6.988  -5.717  -1.625  -5.695  -0.829  -3.908  0.368 -0.385 -0.191  0.094 
     D    75    71 6    76     6     0     1    70    90  -9.049  -7.747  -3.544  -4.226  -4.244  -0.319 
    IL    76    76 5    76     6     1     6    74    94  -2.579  -2.842  -0.760  -4.497  -5.274  -4.934  0.000  0.000  0.000  0.000 
    IR    77    77 6    77     5     1     6    74    93  -2.408  -0.496  -5.920  -4.087  -5.193          0.000  0.000  0.000  0.000 
                                             [ MATP   24 ]      6     61 u a - -
    MP    78    77 6    82     6     2     7    72    92  -8.964  -8.904  -0.023  -7.680  -7.960  -8.355 -3.522 -3.303 -3.426  0.344 -2.528 -4.046  1.779 -3.169 -3.441  0.740 -3.843 -1.216  2.863 -3.690 -0.221 -2.320 
    ML    79    77 6    82     6     1     4    71    91  -6.250  -6.596  -1.310  -1.005  -6.446  -3.975  0.368 -0.385 -0.191  0.094 
    MR    80    77 6    82     6     1     3    71    91  -6.988  -5.717  -1.625  -5.695  -0.829  -3.908  0.368 -0.385 -0.191  0.094 
     D    81    77 6    82     6     0     0    69    89  -9.049  -7.747  -3.544  -4.226  -4.244  -0.319 
    IL    82    82 5    82     6     1     5    72    92  -2.579  -2.842  -0.760  -4.497  -5.274  -4.934  0.000  0.000  0.000  0.000 
    IR    83    83 6    83     5     1     5    72    91  -2.408  -0.496  -5.920  -4.087  -5.193          0.000  0.000  0.000  0.000 
                                             [ MATP   25 ]      7     60 G C - -
    MP    84    83 6    88     4     2     6    70    90  -6.538  -6.745  -0.071  -5.159                 -4.019 -2.757 -4.079  0.658 -4.216 -4.388  0.251 -4.249 -3.816  3.401 -4.210 -0.441 -0.160 -3.984 -1.753 -2.967 
    ML    85    83 6    88     4     1     3    70    90  -3.758  -3.940  -0.507  -2.670                  0.368 -0.385 -0.191  0.094 
    MR    86    83 6    88     4     1     1    70    90  -4.809  -3.838  -1.706  -0.766                  0.368 -0.385 -0.191  0.094 
     D    87    83 6    88     4     0     0    69    89  -4.568  -4.250  -2.265  -0.520                 
    IL    88    88 5    88     4     1     4    72    92  -1.686  -2.369  -1.117  -4.855                  0.000  0.000  0.000  0.000 
    IR    89    89 6    89     3     1     4    71    91  -1.442  -0.798  -4.142                          0.000  0.000  0.000  0.000 
                                             [ MATL   26 ]      8      - U - - -
    ML    90    89 6    92     3     1     4    68    87  -7.588  -0.027  -6.242                         -0.830 -0.951 -1.518  1.362 
     D    91    89 6    92     3     0     0    66    86  -6.174  -1.687  -0.566                         
    IL    92    92 3    92     3     1     3    70    90  -1.442  -0.798  -4.142                          0.000  0.000  0.000  0.000 
                                             [ MATL   27 ]      9      - C - - -
    ML    93    92 3    95     3     1     3    67    86  -8.006  -0.024  -6.324                         -0.888  1.280 -1.665 -0.482 
     D    94    92 3    95     3     0     0    65    85  -5.620  -0.734  -1.403                         
    IL    95    95 3    95     3     1     2    67    87  -1.925  -0.554  -4.164                          0.000  0.000  0.000  0.000 
                                             [ MATR   28 ]      -     59 - U - -
    MR    96    95 3    98     3     1     3    66    85  -8.006  -0.024  -6.324                         -0.830 -0.951 -1.518  1.362 
     D    97    95 3    98     3     0     0    64    84  -6.390  -1.568  -0.620                         
    IR    98    98 3    98     3     1     2    66    86  -1.925  -0.554  -4.164                          0.000  0.000  0.000  0.000 
                                             [ MATR   29 ]      -     58 - A - -
    MR    99    98 3   101     5     1     3    65    84  -6.771  -0.049  -6.586  -6.798  -7.690          1.497 -1.636 -1.341 -1.115 
     D   100    98 3   101     5     0     0    63    83  -5.352  -0.707  -2.978  -4.409  -2.404         
    IR   101   101 3   101     5     1     1    65    85  -2.408  -0.496  -5.920  -4.087  -5.193          0.000  0.000  0.000  0.000 
                                             [ MATP   30 ]     10     57 u a - -
    MP   102   101 3   106     6     2     4    64    83  -8.964  -8.904  -0.023  -7.680  -7.960  -8.355 -3.522 -3.303 -3.426  0.344 -2.528 -4.046  1.779 -3.169 -3.441  0.740 -3.843 -1.216  2.863 -3.690 -0.221 -2.320 
    ML   103   101 3   106     6     1     1    62    82  -6.250  -6.596  -1.310  -1.005  -6.446  -3.975  0.368 -0.385 -0.191  0.094 
    MR   104   101 3   106     6     1     1    62    82  -6.988  -5.717  -1.625  -5.695  -0.829  -3.908  0.368 -0.385 -0.191  0.094 
     D   105   101 3   106     6     0     0    60    79  -9.049  -7.747  -3.544  -4.226  -4.244  -0.319 
    IL   106   106 5   106     6     1     1    63    83  -2.579  -2.842  -0.760  -4.497  -5.274  -4.934  0.000  0.000  0.000  0.000 
    IR   107   107 6   107     5     1     1    63    83  -2.408  -0.496  -5.920  -4.087  -5.193          0.000  0.000  0.000  0.000 
                                             [ MATP   31 ]     11     56 u a - -
    MP   108   107 6   112     6     2     4    62    81  -8.964  -8.904  -0.023  -7.680  -7.960  -8.355 -3.522 -3.303 -3.426  0.344 -2.528 -4.046  1.779 -3.169 -3.441  0.740 -3.843 -1.216  2.863 -3.690 -0.221 -2.320 
    ML   109   107 6   112     6     1     1    60    80  -6.250  -6.596  -1.310  -1.005  -6.446  -3.975  0.368 -0.385 -0.191  0.094 
    MR   110   107 6   112     6     1     1    60    80  -6.988  -5.717  -1.625  -5.695  -0.829  -3.908  0.368 -0.385 -0.191  0.094 
     D   111   107 6   112     6     0     0    58    77  -9.049  -7.747  -3.544  -4.226  -4.244  -0.319 
    IL   112   112 5   112     6     1     1    61    81  -2.579  -2.842  -0.760  -4.497  -5.274  -4.934  0.000  0.000  0.000  0.000 
    IR   113   113 6   113     5     1     1    61    81  -2.408  -0.496  -5.920  -4.087  -5.193          0.000  0.000  0.000  0.000 
                                             [ MATP   32 ]     12     55 u a - -
    MP   114   113 6   118     6     2     4    60    79  -8.964  -8.904  -0.023  -7.680  -7.960  -8.355 -3.522 -3.303 -3.426  0.344 -2.528 -4.046  1.779 -3.169 -3.441  0.740 -3.843 -1.216  2.863 -3.690 -0.221 -2.320 
    ML   115   113 6   118     6     1     1    58    78  -6.250  -6.596  -1.310  -1.005  -6.446  -3.975  0.368 -0.385 -0.191  0.094 
    MR   116   113 6   118     6     1     1    58    78  -6.988  -5.717  -1.625  -5.695  -0.829  -3.908  0.368 -0.385 -0.191  0.094 
     D   117   113 6   118     6     0     0    56    76  -9.049  -7.747  -3.544  -4.226  -4.244  -0.319 
    IL   118   118 5   118     6     1     1    59    79  -2.579  -2.842  -0.760  -4.497  -5.274  -4.934  0.000  0.000  0.000  0.000 
    IR   119   119 6   119     5     1     1    59    79  -2.408  -0.496  -5.920  -4.087  -5.193          0.000  0.000  0.000  0.000 
                                             [ MATP   33 ]     13     54 g c - -
    MP   120   119 6   124     6     2     3    58    77  -8.964  -8.904  -0.023  -7.680  -7.960  -8.355 -3.324 -2.335 -3.398  1.172 -3.741 -4.193  0.600 -3.636 -3.323  2.844 -3.785  1.244  0.292 -3.523 -1.344 -2.301 
    ML   121   119 6   124     6     1     1    57    76  -6.250  -6.596  -1.310  -1.005  -6.446  -3.975  0.368 -0.385 -0.191  0.094 
    MR   122   119 6   124     6     1     1    57    76  -6.988  -5.717  -1.625  -5.695  -0.829  -3.908  0.368 -0.385 -0.191  0.094 
     D   123   119 6   124     6     0     0    55    75  -9.049  -7.747  -3.544  -4.226  -4.244  -0.319 
    IL   124   124 5   124     6     1     1    57    77  -2.579  -2.842  -0.760  -4.497  -5.274  -4.934  0.000  0.000  0.000  0.000 
    IR   125   125 6   125     5     1     1    57    77  -2.408  -0.496  -5.920  -4.087  -5.193          0.000  0.000  0.000  0.000 
                                             [ MATP   34 ]     14     53 a u - -
    MP   126   125 6   130     4     2     2    56    75  -6.538  -6.745  -0.071  -5.159                 -3.266 -2.445 -3.313  2.818 -3.390 -4.424  0.883 -3.378 -3.234  1.662 -3.753 -0.023  0.458 -3.699 -1.064 -2.185 
    ML   127   125 6   130     4     1     1    56    76  -3.758  -3.940  -0.507  -2.670                  0.368 -0.385 -0.191  0.094 
    MR   128   125 6   130     4     1     1    55    75  -4.809  -3.838  -1.706  -0.766                  0.368 -0.385 -0.191  0.094 
     D   129   125 6   130     4     0     0    54    74  -4.568  -4.250  -2.265  -0.520                 
    IL   130   130 5   130     4     1     1    57    77  -1.686  -2.369  -1.117  -4.855                  0.000  0.000  0.000  0.000 
    IR   131   131 6   131     3     1     1    56    76  -1.442  -0.798  -4.142                          0.000  0.000  0.000  0.000 
                                             [ MATL   35 ]     15      - A - - -
    ML   132   131 6   134     3     1     1    53    72  -7.588  -0.027  -6.242                          1.497 -1.636 -1.341 -1.115 
     D   133   131 6   134     3     0     0    52    71  -6.174  -1.687  -0.566                         
    IL   134   134 3   134     3     1     1    55    75  -1.442  -0.798  -4.142                          0.000  0.000  0.000  0.000 
                                             [ MATL   36 ]     16      - G - - -
    ML   135   134 3   137     3     1     1    52    71  -7.588  -0.027  -6.242                         -0.791 -1.866  1.448 -1.252 
     D   136   134 3   137     3     0     0    51    70  -6.174  -1.687  -0.566                         
    IL   137   137 3   137     3     1     1    54    74  -1.442  -0.798  -4.142                          0.000  0.000  0.000  0.000 
                                             [ MATL   37 ]     17      - C - - -
    ML   138   137 3   140     3     1     1    51    70  -8.006  -0.024  -6.324                         -0.888  1.280 -1.665 -0.482 
     D   139   137 3   140     3     0     0    50    69  -5.620  -0.734  -1.403                         
    IL   140   140 3   140     3     1     1    52    71  -1.925  -0.554  -4.164                          0.000  0.000  0.000  0.000 
                                             [ MATR   38 ]      -     52 - G - -
    MR   141   140 3   143     3     1     1    50    69  -8.006  -0.024  -6.324                         -0.791 -1.866  1.448 -1.252 
     D   142   140 3   143     3     0     0    48    68  -6.390  -1.568  -0.620                         
    IR   143   143 3   143     3     1     1    51    70  -1.925  -0.554  -4.164                          0.000  0.000  0.000  0.000 
                                             [ MATR   39 ]      -     51 - U - -
    MR   144   143 3   146     5     1     1    49    68  -6.771  -0.049  -6.586  -6.798  -7.690         -0.830 -0.951 -1.518  1.362 
     D   145   143 3   146     5     0     0    48    67  -5.352  -0.707  -2.978  -4.409  -2.404         
    IR   146   146 3   146     5     1     1    49    69  -2.408  -0.496  -5.920  -4.087  -5.193          0.000  0.000  0.000  0.000 
                                             [ MATP   40 ]     18     50 a u - -
    MP   147   146 3   151     6     2     2    48    67  -8.964  -8.904  -0.023  -7.680  -7.960  -8.355 -3.266 -2.445 -3.313  2.818 -3.390 -4.424  0.883 -3.378 -3.234  1.662 -3.753 -0.023  0.458 -3.699 -1.064 -2.185 
    ML   148   146 3   151     6     1     1    46    66  -6.250  -6.596  -1.310  -1.005  -6.446  -3.975  0.368 -0.385 -0.191  0.094 
    MR   149   146 3   151     6     1     1    46    66  -6.988  -5.717  -1.625  -5.695  -0.829  -3.908  0.368 -0.385 -0.191  0.094 
     D   150   146 3   151     6     0     0    44    63  -9.049  -7.747  -3.544  -4.226  -4.244  -0.319 
    IL   151   151 5   151     6     1     1    48    67  -2.579  -2.842  -0.760  -4.497  -5.274  -4.934  0.000  0.000  0.000  0.000 
    IR   152   152 6   152     5     1     1    47    67  -2.408  -0.496  -5.920  -4.087  -5.193          0.000  0.000  0.000  0.000 
                                             [ MATP   41 ]     19     49 u a - -
    MP   153   152 6   157     6     2     2    46    65  -8.964  -8.904  -0.023  -7.680  -7.960  -8.355 -3.522 -3.303 -3.426  0.344 -2.528 -4.046  1.779 -3.169 -3.441  0.740 -3.843 -1.216  2.863 -3.690 -0.221 -2.320 
    ML   154   152 6   157     6     1     1    44    64  -6.250  -6.596  -1.310  -1.005  -6.446  -3.975  0.368 -0.385 -0.191  0.094 
    MR   155   152 6   157     6     1     1    44    64  -6.988  -5.717  -1.625  -5.695  -0.829  -3.908  0.368 -0.385 -0.191  0.094 
     D   156   152 6   157     6     0     0    42    61  -9.049  -7.747  -3.544  -4.226  -4.244  -0.319 
    IL   157   157 5   157     6     1     1    46    65  -2.579  -2.842  -0.760  -4.497  -5.274  -4.934  0.000  0.000  0.000  0.000 
    IR   158   158 6   158     5     1     1    45    65  -2.408  -0.496  -5.920  -4.087  -5.193          0.000  0.000  0.000  0.000 
                                             [ MATP   42 ]     20     48 u a - -
    MP   159   158 6   163     6     2     2    44    63  -8.964  -8.904  -0.023  -7.680  -7.960  -8.355 -3.522 -3.303 -3.426  0.344 -2.528 -4.046  1.779 -3.169 -3.441  0.740 -3.843 -1.216  2.863 -3.690 -0.221 -2.320 
    ML   160   158 6   163     6     1     1    42    62  -6.250  -6.596  -1.310  -1.005  -6.446  -3.975  0.368 -0.385 -0.191  0.094 
    MR   161   158 6   163     6     1     1    42    62  -6.988  -5.717  -1.625  -5.695  -0.829  -3.908  0.368 -0.385 -0.191  0.094 
     D   162   158 6   163     6     0     0    40    59  -9.049  -7.747  -3.544  -4.226  -4.244  -0.319 
    IL   163   163 5   163     6     1     1    44    63  -2.579  -2.842  -0.760  -4.497  -5.274  -4.934  0.000  0.000  0.000  0.000 
    IR   164   164 6   164     5     1     1    43    63  -2.408  -0.496  -5.920  -4.087  -5.193          0.000  0.000  0.000  0.000 
                                             [ MATP   43 ]     21     47 g u - -
    MP   165   164 6   169     6     2     2    42    61  -8.964  -8.904  -0.023  -7.680  -7.960  -8.355 -3.184 -2.161 -3.308  1.356 -3.666 -4.432  0.636 -3.399 -3.109  1.931 -3.613  2.406  0.273 -3.707 -1.300 -2.118 
    ML   166   164 6   169     6     1     1    40    60  -6.250  -6.596  -1.310  -1.005  -6.446  -3.975  0.368 -0.385 -0.191  0.094 
    MR   167   164 6   169     6     1     1    40    60  -6.988  -5.717  -1.625  -5.695  -0.829  -3.908  0.368 -0.385 -0.191  0.094 
     D   168   164 6   169     6     0     0    38    57  -9.049  -7.747  -3.544  -4.226  -4.244  -0.319 
    IL   169   169 5   169     6     1     1    42    61  -2.579  -2.842  -0.760  -4.497  -5.274  -4.934  0.000  0.000  0.000  0.000 
    IR   170   170 6   170     5     1     1    41    61  -2.408  -0.496  -5.920  -4.087  -5.193          0.000  0.000  0.000  0.000 
                                             [ MATP   44 ]     22     46 a u - -
    MP   171   170 6   175     6     2     2    40    59  -8.964  -8.904  -0.023  -7.680  -7.960  -8.355 -3.266 -2.445 -3.313  2.818 -3.390 -4.424  0.883 -3.378 -3.234  1.662 -3.753 -0.023  0.458 -3.699 -1.064 -2.185 
    ML   172   170 6   175     6     1     1    39    58  -6.250  -6.596  -1.310  -1.005  -6.446  -3.975  0.368 -0.385 -0.191  0.094 
    MR   173   170 6   175     6     1     1    38    58  -6.988  -5.717  -1.625  -5.695  -0.829  -3.908  0.368 -0.385 -0.191  0.094 
     D   174   170 6   175     6     0     0    36    56  -9.049  -7.747  -3.544  -4.226  -4.244  -0.319 
    IL   175   175 5   175     6     1     1    40    59  -2.579  -2.842  -0.760  -4.497  -5.274  -4.934  0.000  0.000  0.000  0.000 
    IR   176   176 6   176     5     1     1    39    59  -2.408  -0.496  -5.920  -4.087  -5.193          0.000  0.000  0.000  0.000 
                                             [ MATP   45 ]     23     45 u a - -
    MP   177   176 6   181     6     2     2    38    57  -8.964  -8.904  -0.023  -7.680  -7.960  -8.355 -3.115 -3.043 -3.076  0.533 -2.251 -3.715  2.004 -2.891 -3.108  0.855 -3.536 -1.114  2.123 -3.294  1.372 -2.036 
    ML   178   176 6   181     6     1     1    37    56  -6.250  -6.596  -1.310  -1.005  -6.446  -3.975  0.368 -0.385 -0.191  0.094 
    MR   179   176 6   181     6     1     1    37    56  -6.988  -5.717  -1.625  -5.695  -0.829  -3.908  0.368 -0.385 -0.191  0.094 
     D   180   176 6   181     6     0     0    35    55  -9.049  -7.747  -3.544  -4.226  -4.244  -0.319 
    IL   181   181 5   181     6     1     1    38    57  -2.579  -2.842  -0.760  -4.497  -5.274  -4.934  0.000  0.000  0.000  0.000 
    IR   182   182 6   182     5     1     1    37    57  -2.408  -0.496  -5.920  -4.087  -5.193          0.000  0.000  0.000  0.000 
                                             [ MATP   46 ]     24     44 G C - -
    MP   183   182 6   187     4     2     2    36    55  -6.538  -6.745  -0.071  -5.159                 -4.019 -2.757 -4.079  0.658 -4.216 -4.388  0.251 -4.249 -3.816  3.401 -4.210 -0.441 -0.160 -3.984 -1.753 -2.967 
    ML   184   182 6   187     4     1     1    36    56  -3.758  -3.940  -0.507  -2.670                  0.368 -0.385 -0.191  0.094 
    MR   185   182 6   187     4     1     1    36    55  -4.809  -3.838  -1.706  -0.766                  0.368 -0.385 -0.191  0.094 
     D   186   182 6   187     4     0     0    35    54  -4.568  -4.250  -2.265  -0.520                 
    IL   187   187 5   187     4     1     1    38    57  -1.686  -2.369  -1.117  -4.855                  0.000  0.000  0.000  0.000 
    IR   188   188 6   188     3     1     1    37    56  -1.442  -0.798  -4.142                          0.000  0.000  0.000  0.000 
                                             [ MATL   47 ]     25      - C - - -
    ML   189   188 6   191     5     1     1    33    52  -6.771  -0.049  -6.586  -6.798  -7.690         -0.888  1.280 -1.665 -0.482 
     D   190   188 6   191     5     0     0    32    51  -4.959  -0.803  -4.221  -2.596  -2.508         
    IL   191   191 3   191     5     1     1    34    53  -2.408  -0.496  -4.087  -5.920  -5.193          0.000  0.000  0.000  0.000 
                                             [ MATP   48 ]     26     43 u a - -
    MP   192   191 3   196     6     2     2    32    51  -8.964  -8.904  -0.023  -7.680  -7.960  -8.355 -3.522 -3.303 -3.426  0.344 -2.528 -4.046  1.779 -3.169 -3.441  0.740 -3.843 -1.216  2.863 -3.690 -0.221 -2.320 
    ML   193   191 3   196     6     1     1    31    50  -6.250  -6.596  -1.310  -1.005  -6.446  -3.975  0.368 -0.385 -0.191  0.094 
    MR   194   191 3   196     6     1     1    31    50  -6.988  -5.717  -1.625  -5.695  -0.829  -3.908  0.368 -0.385 -0.191  0.094 
     D   195   191 3   196     6     0     0    28    47  -9.049  -7.747  -3.544  -4.226  -4.244  -0.319 
    IL   196   196 5   196     6     1     1    32    51  -2.579  -2.842  -0.760  -4.497  -5.274  -4.934  0.000  0.000  0.000  0.000 
    IR   197   197 6   197     5     1     1    32    51  -2.408  -0.496  -5.920  -4.087  -5.193          0.000  0.000  0.000  0.000 
                                             [ MATP   49 ]     27     42 u a - -
    MP   198   197 6   202     6     2     2    30    49  -8.964  -8.904  -0.023  -7.680  -7.960  -8.355 -3.522 -3.303 -3.426  0.344 -2.528 -4.046  1.779 -3.169 -3.441  0.740 -3.843 -1.216  2.863 -3.690 -0.221 -2.320 
    ML   199   197 6   202     6     1     1    29    48  -6.250  -6.596  -1.310  -1.005  -6.446  -3.975  0.368 -0.385 -0.191  0.094 
    MR   200   197 6   202     6     1     1    29    48  -6.988  -5.717  -1.625  -5.695  -0.829  -3.908  0.368 -0.385 -0.191  0.094 
     D   201   197 6   202     6     0     0    26    45  -9.049  -7.747  -3.544  -4.226  -4.244  -0.319 
    IL   202   202 5   202     6     1     1    30    49  -2.579  -2.842  -0.760  -4.497  -5.274  -4.934  0.000  0.000  0.000  0.000 
    IR   203   203 6   203     5     1     1    30    49  -2.408  -0.496  -5.920  -4.087  -5.193          0.000  0.000  0.000  0.000 
                                             [ MATP   50 ]     28     41 G C - -
    MP   204   203 6   208     6     2     2    28    47  -8.964  -8.904  -0.023  -7.680  -7.960  -8.355 -4.019 -2.757 -4.079  0.658 -4.216 -4.388  0.251 -4.249 -3.816  3.401 -4.210 -0.441 -0.160 -3.984 -1.753 -2.967 
    ML   205   203 6   208     6     1     1    27    46  -6.250  -6.596  -1.310  -1.005  -6.446  -3.975  0.368 -0.385 -0.191  0.094 
    MR   206   203 6   208     6     1     1    27    46  -6.988  -5.717  -1.625  -5.695  -0.829  -3.908  0.368 -0.385 -0.191  0.094 
     D   207   203 6   208     6     0     0    24    43  -9.049  -7.747  -3.544  -4.226  -4.244  -0.319 
    IL   208   208 5   208     6     1     1    28    47  -2.579  -2.842  -0.760  -4.497  -5.274  -4.934  0.000  0.000  0.000  0.000 
    IR   209   209 6   209     5     1     1    28    47  -2.408  -0.496  -5.920  -4.087  -5.193          0.000  0.000  0.000  0.000 
                                             [ MATP   51 ]     29     40 C G - -
    MP   210   209 6   214     6     2     2    26    45  -8.964  -8.904  -0.023  -7.680  -7.960  -8.355 -3.842 -3.667 -3.642  0.021 -2.541 -4.143  3.249 -3.274 -3.677  0.403 -4.004 -1.606  1.032 -3.951 -0.239 -2.544 
    ML   211   209 6   214     6     1     1    25    44  -6.250  -6.596  -1.310  -1.005  -6.446  -3.975  0.368 -0.385 -0.191  0.094 
    MR   212   209 6   214     6     1     1    25    44  -6.988  -5.717  -1.625  -5.695  -0.829  -3.908  0.368 -0.385 -0.191  0.094 
     D   213   209 6   214     6     0     0    23    42  -9.049  -7.747  -3.544  -4.226  -4.244  -0.319 
    IL   214   214 5   214     6     1     1    26    45  -2.579  -2.842  -0.760  -4.497  -5.274  -4.934  0.000  0.000  0.000  0.000 
    IR   215   215 6   215     5     1     1    26    45  -2.408  -0.496  -5.920  -4.087  -5.193          0.000  0.000  0.000  0.000 
                                             [ MATP   52 ]     30     39 G C - -
    MP   216   215 6   220     6     2     2    24    43  -8.964  -8.904  -0.023  -7.680  -7.960  -8.355 -4.019 -2.757 -4.079  0.658 -4.216 -4.388  0.251 -4.249 -3.816  3.401 -4.210 -0.441 -0.160 -3.984 -1.753 -2.967 
    ML   217   215 6   220     6     1     1    24    43  -6.250  -6.596  -1.310  -1.005  -6.446  -3.975  0.368 -0.385 -0.191  0.094 
    MR   218   215 6   220     6     1     1    23    42  -6.988  -5.717  -1.625  -5.695  -0.829  -3.908  0.368 -0.385 -0.191  0.094 
     D   219   215 6   220     6     0     0    22    41  -9.049  -7.747  -3.544  -4.226  -4.244  -0.319 
    IL   220   220 5   220     6     1     1    24    43  -2.579  -2.842  -0.760  -4.497  -5.274  -4.934  0.000  0.000  0.000  0.000 
    IR   221   221 6   221     5     1     1    24    43  -2.408  -0.496  -5.920  -4.087  -5.193          0.000  0.000  0.000  0.000 
                                             [ MATP   53 ]     31     38 a u - -
    MP   222   221 6   226     4     2     2    22    41  -6.538  -6.745  -0.071  -5.159                 -3.266 -2.445 -3.313  2.818 -3.390 -4.424  0.883 -3.378 -3.234  1.662 -3.753 -0.023  0.458 -3.699 -1.064 -2.185 
    ML   223   221 6   226     4     1     1    23    42  -3.758  -3.940  -0.507  -2.670                  0.368 -0.385 -0.191  0.094 
    MR   224   221 6   226     4     1     1    22    41  -4.809  -3.838  -1.706  -0.766                  0.368 -0.385 -0.191  0.094 
     D   225   221 6   226     4     0     0    21    40  -4.568  -4.250  -2.265  -0.520                 
    IL   226   226 5   226     4     1     1    24    43  -1.686  -2.369  -1.117  -4.855                  0.000  0.000  0.000  0.000 
    IR   227   227 6   227     3     1     1    23    42  -1.442  -0.798  -4.142                          0.000  0.000  0.000  0.000 
                                             [ MATL   54 ]     32      - U - - -
    ML   228   227 6   230     3     1     1    19    38  -7.588  -0.027  -6.242                         -0.830 -0.951 -1.518  1.362 
     D   229   227 6   230     3     0     0    18    37  -6.174  -1.687  -0.566                         
    IL   230   230 3   230     3     1     1    22    41  -1.442  -0.798  -4.142                          0.000  0.000  0.000  0.000 
                                             [ MATL   55 ]     33      - u - - -
    ML   231   230 3   233     3     1     1    18    36  -7.588  -0.027  -6.242                         -0.420  0.309 -1.160  0.647 
     D   232   230 3   233     3     0     0    17    36  -6.174  -1.687  -0.566                         
    IL   233   233 3   233     3     1     1    21    40  -1.442  -0.798  -4.142                          0.000  0.000  0.000  0.000 
                                             [ MATL   56 ]     34      - G - - -
    ML   234   233 3   236     3     1     1    16    35  -7.588  -0.027  -6.242                         -0.791 -1.866  1.448 -1.252 
     D   235   233 3   236     3     0     0    16    35  -6.174  -1.687  -0.566                         
    IL   236   236 3   236     3     1     1    20    38  -1.442  -0.798  -4.142                          0.000  0.000  0.000  0.000 
                                             [ MATL   57 ]     35      - C - - -
    ML   237   236 3   239     3     1     1    15    34  -7.588  -0.027  -6.242                         -0.888  1.280 -1.665 -0.482 
     D   238   236 3   239     3     0     0    15    33  -6.174  -1.687  -0.566                         
    IL   239   239 3   239     3     1     1    19    37  -1.442  -0.798  -4.142                          0.000  0.000  0.000  0.000 
                                             [ MATL   58 ]     36      - U - - -
    ML   240   239 3   242     3     1     1    13    32  -7.588  -0.027  -6.242                         -0.830 -0.951 -1.518  1.362 
     D   241   239 3   242     3     0     0    13    32  -6.174  -1.687  -0.566                         
    IL   242   242 3   242     3     1     1    18    36  -1.442  -0.798  -4.142                          0.000  0.000  0.000  0.000 
                                             [ MATL   59 ]     37      - U - - -
    ML   243   242 3   245     2     1     1     1     1       *   0.000                                 -0.830 -0.951 -1.518  1.362 
     D   244   242 3   245     2     0     0     0     0       *   0.000                                 
    IL   245   245 3   245     2     1     1    13    28  -1.823  -0.479                                  0.000  0.000  0.000  0.000 
                                             [ END    60 ]      -      - - - - -
     E   246   245 3    -1     0     0     0     0     0                                                 
//
HMMER3/f [3.1b3 | July 2016]
NAME  t_pro_txpa_rata_enterococcus_round5_0001
LENG  81
MAXL  175
ALPH  RNA
RF    no
MM    no
CONS  yes
CS    yes
MAP   yes
DATE  Mon Dec 16 23:09:23 2019
COM   [1] cmbuild /home/co78wid/projects/master/results/ta_systems/txpa_rata_enterococcus/2_structure_analysis/infernal_search/t_pro_txpa_rata_enterococcus_cmbuild.txt /home/co78wid/projects/master/results/ta_systems/txpa_rata_enterococcus/1_sequence_analysis/fold/t_pro_txpa_rata_enterococcus_round5.stk
NSEQ  2
EFFN  1.644531
CKSUM 1436114411
STATS LOCAL MSV       -8.4374  0.71879
STATS LOCAL VITERBI   -9.6527  0.71879
STATS LOCAL FORWARD   -3.4415  0.71879
HMM          A        C        G        U   
            m->m     m->i     m->d     i->m     i->i     d->m     d->d
  COMPO   1.18353  1.58461  1.47927  1.34334
          1.38629  1.38629  1.38629  1.38629
          0.04979  3.71795  3.71795  1.46634  0.26236  0.00000        *
      1   2.31488  3.13322  0.23456  2.70720      1 G - - :
          1.38629  1.38629  1.38629  1.38629
          0.04979  3.71795  3.71795  1.46634  0.26236  1.09861  0.40547
      2   2.27392  2.29683  2.77449  0.30907      2 U - - :
          1.38629  1.38629  1.38629  1.38629
          0.04979  3.71795  3.71795  1.46634  0.26236  1.09861  0.40547
      3   2.31488  3.13322  0.23456  2.70720      3 G - - :
          1.38629  1.38629  1.38629  1.38629
          0.04979  3.71795  3.71795  1.46634  0.26236  1.09861  0.40547
      4   0.52646  2.35740  1.53813  2.30400      4 A - - <
          1.38629  1.38629  1.38629  1.38629
          0.04979  3.71795  3.71795  1.46634  0.26236  1.09861  0.40547
      5   2.83428  0.34879  2.56058  1.84238      5 C - - <
          1.38629  1.38629  1.38629  1.38629
          0.04979  3.71795  3.71795  1.46634  0.26236  1.09861  0.40547
      6   2.59566  1.63539  2.29807  0.46192      6 U - - <
          1.38629  1.38629  1.38629  1.38629
          0.04979  3.71795  3.71795  1.46634  0.26236  1.09861  0.40547
      7   2.35401  2.85497  0.23978  2.80262      7 G - - <
          1.38629  1.38629  1.38629  1.38629
          0.04979  3.71795  3.71795  1.46634  0.26236  1.09861  0.40547
      8   2.27392  2.29683  2.77449  0.30907      8 U - - -
          1.38629  1.38629  1.38629  1.38629
          0.04979  3.71795  3.71795  1.46634  0.26236  1.09861  0.40547
      9   2.40609  0.31709  2.96985  2.03826      9 C - - -
          1.38629  1.38629  1.38629  1.38629
          0.04979  3.71795  3.71795  1.46634  0.26236  1.09861  0.40547
     10   2.59216  1.63541  2.29682  0.46253     10 U - - <
          1.38629  1.38629  1.38629  1.38629
          0.04979  3.71795  3.71795  1.46634  0.26236  1.09861  0.40547
     11   2.59510  1.63539  2.29787  0.46201     11 U - - <
          1.38629  1.38629  1.38629  1.38629
          0.04979  3.71795  3.71795  1.46634  0.26236  1.09861  0.40547
     12   2.59610  1.63539  2.29822  0.46184     12 U - - <
          1.38629  1.38629  1.38629  1.38629
          0.04979  3.71795  3.71795  1.46634  0.26236  1.09861  0.40547
     13   1.87797  2.45101  0.41056  2.32673     13 G - - <
          1.38629  1.38629  1.38629  1.38629
          0.04979  3.71795  3.71795  1.46634  0.26236  1.09861  0.40547
     14   0.52577  2.35896  1.53816  2.30654     14 A - - <
          1.38629  1.38629  1.38629  1.38629
          0.04979  3.71795  3.71795  1.46634  0.26236  1.09861  0.40547
     15   0.23197  2.87348  2.63412  2.54148     15 A - - -
          1.38629  1.38629  1.38629  1.38629
          0.04979  3.71795  3.71795  1.46634  0.26236  1.09861  0.40547
     16   2.31488  3.13322  0.23456  2.70720     16 G - - -
          1.38629  1.38629  1.38629  1.38629
          0.04979  3.71795  3.71795  1.46634  0.26236  1.09861  0.40547
     17   2.40609  0.31709  2.96985  2.03826     17 C - - -
          1.38629  1.38629  1.38629  1.38629
          0.04979  3.71795  3.71795  1.46634  0.26236  1.09861  0.40547
     18   0.52627  2.35783  1.53814  2.30469     18 A - - <
          1.38629  1.38629  1.38629  1.38629
          0.04979  3.71795  3.71795  1.46634  0.26236  1.09861  0.40547
     19   2.59520  1.63539  2.29790  0.46200     19 U - - <
          1.38629  1.38629  1.38629  1.38629
          0.04979  3.71795  3.71795  1.46634  0.26236  1.09861  0.40547
     20   2.59616  1.63539  2.29824  0.46183     20 U - - <
          1.38629  1.38629  1.38629  1.38629
          0.04979  3.71795  3.71795  1.46634  0.26236  1.09861  0.40547
     21   1.77049  2.52422  0.41441  2.42021     21 G - - <
          1.38629  1.38629  1.38629  1.38629
          0.04979  3.71795  3.71795  1.46634  0.26236  1.09861  0.40547
     22   0.52576  2.35897  1.53816  2.30655     22 A - - <
          1.38629  1.38629  1.38629  1.38629
          0.04979  3.71795  3.71795  1.46634  0.26236  1.09861  0.40547
     23   2.31007  1.36568  2.05504  0.65884     23 U - - <
          1.38629  1.38629  1.38629  1.38629
          0.04979  3.71795  3.71795  1.46634  0.26236  1.09861  0.40547
     24   2.35352  2.85450  0.23992  2.80193     24 G - - <
          1.38629  1.38629  1.38629  1.38629
          0.04979  3.71795  3.71795  1.46634  0.26236  1.09861  0.40547
     25   2.40609  0.31709  2.96985  2.03826     25 C - - -
          1.38629  1.38629  1.38629  1.38629
          0.04979  3.71795  3.71795  1.46634  0.26236  1.09861  0.40547
     26   2.59427  1.63540  2.29757  0.46216     26 U - - <
          1.38629  1.38629  1.38629  1.38629
          0.04979  3.71795  3.71795  1.46634  0.26236  1.09861  0.40547
     27   2.59534  1.63539  2.29795  0.46197     27 U - - <
          1.38629  1.38629  1.38629  1.38629
          0.04979  3.71795  3.71795  1.46634  0.26236  1.09861  0.40547
     28   2.35376  2.85473  0.23985  2.80226     28 G - - <
          1.38629  1.38629  1.38629  1.38629
          0.04979  3.71795  3.71795  1.46634  0.26236  1.09861  0.40547
     29   2.83571  0.34856  2.56116  1.84260     29 C - - <
          1.38629  1.38629  1.38629  1.38629
          0.04979  3.71795  3.71795  1.46634  0.26236  1.09861  0.40547
     30   2.35347  2.85445  0.23994  2.80186     30 G - - <
          1.38629  1.38629  1.38629  1.38629
          0.04979  3.71795  3.71795  1.46634  0.26236  1.09861  0.40547
     31   0.52592  2.35862  1.53816  2.30599     31 A - - <
          1.38629  1.38629  1.38629  1.38629
          0.04979  3.71795  3.71795  1.46634  0.26236  1.09861  0.40547
     32   2.27392  2.29683  2.77449  0.30907     32 U - - _
          1.38629  1.38629  1.38629  1.38629
          0.04979  3.71795  3.71795  1.46634  0.26236  1.09861  0.40547
     33   1.81396  1.09639  2.34533  0.89869     33 u - - _
          1.38629  1.38629  1.38629  1.38629
          0.04979  3.71795  3.71795  1.46634  0.26236  1.09861  0.40547
     34   2.31488  3.13322  0.23456  2.70720     34 G - - _
          1.38629  1.38629  1.38629  1.38629
          0.04979  3.71795  3.71795  1.46634  0.26236  1.09861  0.40547
     35   2.40609  0.31709  2.96985  2.03826     35 C - - _
          1.38629  1.38629  1.38629  1.38629
          0.04979  3.71795  3.71795  1.46634  0.26236  1.09861  0.40547
     36   2.27392  2.29683  2.77449  0.30907     36 U - - _
          1.38629  1.38629  1.38629  1.38629
          0.04979  3.71795  3.71795  1.46634  0.26236  1.09861  0.40547
     37   2.27392  2.29683  2.77449  0.30907     37 U - - _
          1.38629  1.38629  1.38629  1.38629
          0.04979  3.71795  3.71795  1.46634  0.26236  1.09861  0.40547
     38   2.53587  1.79170  2.17412  0.44563     38 U - - >
          1.38629  1.38629  1.38629  1.38629
          0.04979  3.71795  3.71795  1.46634  0.26236  1.09861  0.40547
     39   3.01628  0.28091  2.68321  2.05903     39 C - - >
          1.38629  1.38629  1.38629  1.38629
          0.04979  3.71795  3.71795  1.46634  0.26236  1.09861  0.40547
     40   2.11491  2.72597  0.30257  2.59082     40 G - - >
          1.38629  1.38629  1.38629  1.38629
          0.04979  3.71795  3.71795  1.46634  0.26236  1.09861  0.40547
     41   3.01270  0.28139  2.68180  2.05833     41 C - - >
          1.38629  1.38629  1.38629  1.38629
          0.04979  3.71795  3.71795  1.46634  0.26236  1.09861  0.40547
     42   0.52710  2.47206  1.47208  2.34519     42 A - - >
          1.38629  1.38629  1.38629  1.38629
          0.04979  3.71795  3.71795  1.46634  0.26236  1.09861  0.40547
     43   0.52798  2.46961  1.47217  2.34175     43 A - - >
          1.38629  1.38629  1.38629  1.38629
          0.04979  3.71795  3.71795  1.46634  0.26236  1.09861  0.40547
     44   3.01867  0.28059  2.68415  2.05949     44 C - - >
          1.38629  1.38629  1.38629  1.38629
          0.04979  3.71795  3.71795  1.46634  0.26236  1.09861  0.40547
     45   1.13001  2.21788  0.81233  2.08500     45 g - - >
          1.38629  1.38629  1.38629  1.38629
          0.04979  3.71795  3.71795  1.46634  0.26236  1.09861  0.40547
     46   2.53825  1.79182  2.17484  0.44517     46 U - - >
          1.38629  1.38629  1.38629  1.38629
          0.04979  3.71795  3.71795  1.46634  0.26236  1.09861  0.40547
     47   2.64080  1.60655  2.33097  0.46058     47 U - - >
          1.38629  1.38629  1.38629  1.38629
          0.04979  3.71795  3.71795  1.46634  0.26236  1.09861  0.40547
     48   0.52573  2.47591  1.47194  2.35061     48 A - - >
          1.38629  1.38629  1.38629  1.38629
          0.04979  3.71795  3.71795  1.46634  0.26236  1.09861  0.40547
     49   0.52555  2.47641  1.47193  2.35132     49 A - - >
          1.38629  1.38629  1.38629  1.38629
          0.04979  3.71795  3.71795  1.46634  0.26236  1.09861  0.40547
     50   2.54275  1.79204  2.17619  0.44432     50 U - - >
          1.38629  1.38629  1.38629  1.38629
          0.04979  3.71795  3.71795  1.46634  0.26236  1.09861  0.40547
     51   2.27392  2.29683  2.77449  0.30907     51 U - - -
          1.38629  1.38629  1.38629  1.38629
          0.04979  3.71795  3.71795  1.46634  0.26236  1.09861  0.40547
     52   2.31488  3.13322  0.23456  2.70720     52 G - - -
          1.38629  1.38629  1.38629  1.38629
          0.04979  3.71795  3.71795  1.46634  0.26236  1.09861  0.40547
     53   2.53823  1.79182  2.17483  0.44518     53 U - - >
          1.38629  1.38629  1.38629  1.38629
          0.04979  3.71795  3.71795  1.46634  0.26236  1.09861  0.40547
     54   2.55663  0.70705  2.26452  1.12251     54 c - - >
          1.38629  1.38629  1.38629  1.38629
          0.04979  3.71795  3.71795  1.46634  0.26236  1.09861  0.40547
     55   0.52574  2.47589  1.47194  2.35059     55 A - - >
          1.38629  1.38629  1.38629  1.38629
          0.04979  3.71795  3.71795  1.46634  0.26236  1.09861  0.40547
     56   0.52556  2.47639  1.47193  2.35129     56 A - - >
          1.38629  1.38629  1.38629  1.38629
          0.04979  3.71795  3.71795  1.46634  0.26236  1.09861  0.40547
     57   0.52535  2.47699  1.47190  2.35214     57 A - - >
          1.38629  1.38629  1.38629  1.38629
          0.04979  3.71795  3.71795  1.46634  0.26236  1.09861  0.40547
     58   0.23197  2.87348  2.63412  2.54148     58 A - - -
          1.38629  1.38629  1.38629  1.38629
          0.04979  3.71795  3.71795  1.46634  0.26236  1.09861  0.40547
     59   2.27392  2.29683  2.77449  0.30907     59 U - - -
          1.38629  1.38629  1.38629  1.38629
          0.04979  3.71795  3.71795  1.46634  0.26236  1.09861  0.40547
     60   3.02196  0.28015  2.68545  2.06013     60 C - - >
          1.38629  1.38629  1.38629  1.38629
          0.04979  3.71795  3.71795  1.46634  0.26236  1.09861  0.40547
     61   0.52577  2.47578  1.47195  2.35044     61 A - - >
          1.38629  1.38629  1.38629  1.38629
          0.04979  3.71795  3.71795  1.46634  0.26236  1.09861  0.40547
     62   2.11806  2.72959  0.30125  2.59564     62 G - - >
          1.38629  1.38629  1.38629  1.38629
          0.04979  3.71795  3.71795  1.46634  0.26236  1.09861  0.40547
     63   2.54229  1.79201  2.17605  0.44441     63 U - - >
          1.38629  1.38629  1.38629  1.38629
          0.04979  3.71795  3.71795  1.46634  0.26236  1.09861  0.40547
     64   0.23197  2.87348  2.63412  2.54148     64 A - - :
          1.38629  1.38629  1.38629  1.38629
          0.04979  3.71795  3.71795  1.46634  0.26236  1.09861  0.40547
     65   0.23197  2.87348  2.63412  2.54148     65 A - - :
          1.38629  1.38629  1.38629  1.38629
          0.04979  3.71795  3.71795  1.46634  0.26236  1.09861  0.40547
     66   2.27392  2.29683  2.77449  0.30907     66 U - - :
          1.38629  1.38629  1.38629  1.38629
          0.04979  3.71795  3.71795  1.46634  0.26236  1.09861  0.40547
     67   0.23197  2.87348  2.63412  2.54148     67 A - - :
          1.38629  1.38629  1.38629  1.38629
          0.04979  3.71795  3.71795  1.46634  0.26236  1.09861  0.40547
     68   0.23197  2.87348  2.63412  2.54148     68 A - - :
          1.38629  1.38629  1.38629  1.38629
          0.04979  3.71795  3.71795  1.46634  0.26236  1.09861  0.40547
     69   0.23197  2.87348  2.63412  2.54148     69 A - - :
          1.38629  1.38629  1.38629  1.38629
          0.04979  3.71795  3.71795  1.46634  0.26236  1.09861  0.40547
     70   0.23197  2.87348  2.63412  2.54148     70 A - - :
          1.38629  1.38629  1.38629  1.38629
          0.04979  3.71795  3.71795  1.46634  0.26236  1.09861  0.40547
     71   0.23197  2.87348  2.63412  2.54148     71 A - - :
          1.38629  1.38629  1.38629  1.38629
          0.04979  3.71795  3.71795  1.46634  0.26236  1.09861  0.40547
     72   2.40609  0.31709  2.96985  2.03826     72 C - - :
          1.38629  1.38629  1.38629  1.38629
          0.04979  3.71795  3.71795  1.46634  0.26236  1.09861  0.40547
     73   2.31488  3.13322  0.23456  2.70720     73 G - - :
          1.38629  1.38629  1.38629  1.38629
          0.04979  3.71795  3.71795  1.46634  0.26236  1.09861  0.40547
     74   0.23197  2.87348  2.63412  2.54148     74 A - - :
          1.38629  1.38629  1.38629  1.38629
          0.04979  3.71795  3.71795  1.46634  0.26236  1.09861  0.40547
     75   2.40609  0.31709  2.96985  2.03826     75 C - - :
          1.38629  1.38629  1.38629  1.38629
          0.04979  3.71795  3.71795  1.46634  0.26236  1.09861  0.40547
     76   0.23197  2.87348  2.63412  2.54148     76 A - - :
          1.38629  1.38629  1.38629  1.38629
          0.04979  3.71795  3.71795  1.46634  0.26236  1.09861  0.40547
     77   0.23197  2.87348  2.63412  2.54148     77 A - - :
          1.38629  1.38629  1.38629  1.38629
          0.04979  3.71795  3.71795  1.46634  0.26236  1.09861  0.40547
     78   0.23197  2.87348  2.63412  2.54148     78 A - - :
          1.38629  1.38629  1.38629  1.38629
          0.04979  3.71795  3.71795  1.46634  0.26236  1.09861  0.40547
     79   0.23197  2.87348  2.63412  2.54148     79 A - - :
          1.38629  1.38629  1.38629  1.38629
          0.04979  3.71795  3.71795  1.46634  0.26236  1.09861  0.40547
     80   0.23197  2.87348  2.63412  2.54148     80 A - - :
          1.38629  1.38629  1.38629  1.38629
          0.04979  3.71795  3.71795  1.46634  0.26236  1.09861  0.40547
     81   0.23197  2.87348  2.63412  2.54148     81 A - - :
          1.38629  1.38629  1.38629  1.38629
          0.02520  3.69336        *  1.46634  0.26236  0.00000        *
//
