INFERNAL1/a [1.1.2 | July 2016]
NAME     at_nt_tisb_istr_round5_0001
STATES   439
NODES    111
CLEN     140
W        159
ALPH     RNA
RF       no
CONS     yes
MAP      yes
DATE     Tue Dec 17 08:36:24 2019
COM      [1] cmbuild /home/co78wid/projects/master/results/ta_systems/tisb_istr/2_structure_analysis/infernal_search/at_nt_tisb_istr_cmbuild.txt /home/co78wid/projects/master/results/ta_systems/tisb_istr/1_sequence_analysis/fold/at_nt_tisb_istr_round5.stk
COM      [2] cmcalibrate --cpu 20 /home/co78wid/projects/master/results/ta_systems/tisb_istr/2_structure_analysis/infernal_search/at_nt_tisb_istr_cmbuild.txt
PBEGIN   0.05
PEND     0.05
WBETA    1e-07
QDBBETA1 1e-07
QDBBETA2 1e-15
N2OMEGA  1.52588e-05
N3OMEGA  1.52588e-05
ELSELF   -0.08926734
NSEQ     31
EFFN     0.737915
CKSUM    1460652411
NULL     0.000  0.000  0.000  0.000 
EFP7GF   -5.2107 0.71823
ECMLC    0.69528    -8.24758     0.13655     1600000      408155  0.002940
ECMGC    0.39294   -20.97322   -11.58141     1600000       16024  0.024963
ECMLI    0.61621    -8.03073     1.05498     1600000      324079  0.003703
ECMGI    0.43751   -12.87422    -4.42616     1600000       16116  0.024820
CM
                                             [ ROOT    0 ]      -      - - - - -
     S     0    -1 0     1     4     0     1   159   181  -6.352  -6.559  -0.146  -3.773                 
    IL     1     1 2     1     4    37    80   162   184  -1.686  -2.369  -1.117  -4.855                  0.000  0.000  0.000  0.000 
    IR     2     2 3     2     3    36    79   162   183  -1.442  -0.798  -4.142                          0.000  0.000  0.000  0.000 
                                             [ MATL    1 ]      1      - G - - -
    ML     3     2 3     5     3    36    78   159   181  -7.366  -0.031  -6.020                         -0.370 -1.349  1.163 -0.749 
     D     4     2 3     5     3    32    75   157   179  -6.478  -1.991  -0.440                         
    IL     5     5 3     5     3    36    78   160   182  -1.442  -0.798  -4.142                          0.000  0.000  0.000  0.000 
                                             [ MATL    2 ]      2      - c - - -
    ML     6     5 3     8     3    35    77   158   180  -7.366  -0.031  -6.020                         -0.468  0.964 -1.209 -0.162 
     D     7     5 3     8     3    31    74   156   178  -6.478  -1.179  -0.870                         
    IL     8     8 3     8     3    35    77   159   181  -1.442  -0.798  -4.142                          0.000  0.000  0.000  0.000 
                                             [ MATL    3 ]      3      - a - - -
    ML     9     8 3    11     3    35    77   157   178  -7.420  -0.030  -6.074                          0.785 -0.324 -0.774 -0.162 
     D    10     8 3    11     3    30    73   155   177  -6.174  -1.687  -0.566                         
    IL    11    11 3    11     3    34    77   158   180  -1.442  -0.798  -4.142                          0.000  0.000  0.000  0.000 
                                             [ MATL    4 ]      4      - C - - -
    ML    12    11 3    14     3    34    76   156   177  -7.420  -0.030  -6.074                         -0.565  1.051 -1.315 -0.234 
     D    13    11 3    14     3    30    72   154   176  -6.174  -1.687  -0.566                         
    IL    14    14 3    14     3    33    76   157   179  -1.442  -0.798  -4.142                          0.000  0.000  0.000  0.000 
                                             [ MATL    5 ]      5      - U - - -
    ML    15    14 3    17     3    33    75   155   176  -7.420  -0.030  -6.074                         -0.564 -0.748 -1.226  1.202 
     D    16    14 3    17     3    29    71   153   175  -6.174  -1.687  -0.566                         
    IL    17    17 3    17     3    33    75   156   178  -1.442  -0.798  -4.142                          0.000  0.000  0.000  0.000 
                                             [ MATL    6 ]      6      - A - - -
    ML    18    17 3    20     3    32    74   154   175  -7.420  -0.030  -6.074                          1.348 -1.331 -1.062 -0.792 
     D    19    17 3    20     3    28    71   152   174  -6.174  -1.687  -0.566                         
    IL    20    20 3    20     3    32    74   155   177  -1.442  -0.798  -4.142                          0.000  0.000  0.000  0.000 
                                             [ MATL    7 ]      7      - A - - -
    ML    21    20 3    23     3    31    73   153   174  -7.420  -0.030  -6.074                          1.348 -1.331 -1.062 -0.792 
     D    22    20 3    23     3    28    70   151   173  -6.174  -1.687  -0.566                         
    IL    23    23 3    23     3    31    73   154   176  -1.442  -0.798  -4.142                          0.000  0.000  0.000  0.000 
                                             [ MATL    8 ]      8      - A - - -
    ML    24    23 3    26     3    30    72   152   173  -7.420  -0.030  -6.074                          1.189 -1.090 -0.934 -0.459 
     D    25    23 3    26     3    27    69   150   172  -6.174  -1.687  -0.566                         
    IL    26    26 3    26     3    30    72   153   175  -1.442  -0.798  -4.142                          0.000  0.000  0.000  0.000 
                                             [ MATL    9 ]      9      - U - - -
    ML    27    26 3    29     3    30    71   151   172  -7.420  -0.030  -6.074                         -0.564 -0.748 -1.226  1.202 
     D    28    26 3    29     3    27    68   149   171  -6.174  -1.687  -0.566                         
    IL    29    29 3    29     3    30    71   152   174  -1.442  -0.798  -4.142                          0.000  0.000  0.000  0.000 
                                             [ MATL   10 ]     10      - A - - -
    ML    30    29 3    32     3    29    70   150   171  -7.420  -0.030  -6.074                          1.348 -1.331 -1.062 -0.792 
     D    31    29 3    32     3    26    68   148   170  -6.174  -1.687  -0.566                         
    IL    32    32 3    32     3    29    70   151   173  -1.442  -0.798  -4.142                          0.000  0.000  0.000  0.000 
                                             [ MATL   11 ]     11      - C - - -
    ML    33    32 3    35     3    28    69   149   170  -7.853  -0.051  -5.047                         -0.565  1.051 -1.315 -0.234 
     D    34    32 3    35     3    26    68   147   169  -5.620  -0.734  -1.403                         
    IL    35    35 3    35     3    28    69   149   171  -1.925  -0.554  -4.164                          0.000  0.000  0.000  0.000 
                                             [ MATR   12 ]      -    140 - U - -
    MR    36    35 3    38     3    27    68   148   169  -7.829  -0.027  -6.147                         -0.524 -0.718 -1.181  1.174 
     D    37    35 3    38     3    25    67   146   168  -6.523  -1.338  -0.753                         
    IR    38    38 3    38     3    27    68   148   170  -1.925  -0.554  -4.164                          0.000  0.000  0.000  0.000 
                                             [ MATR   13 ]      -    139 - U - -
    MR    39    38 3    41     2    26    67   147   168  -7.674  -0.007                                 -0.564 -0.748 -1.226  1.202 
     D    40    38 3    41     2    25    66   146   167  -4.432  -0.068                                 
    IR    41    41 3    41     2    26    68   148   169  -1.823  -0.479                                  0.000  0.000  0.000  0.000 
                                             [ BIF    14 ]      -      - - - - -
     B    42    41 3    43   230    25    66   146   167                                                 
                                             [ BEGL   15 ]      -      - - - - -
     S    43    42 1    44     4     0    18    77    97  -0.054  -6.563  -5.970  -6.610                 
                                             [ MATP   16 ]     12     71 G C - -
    MP    44    43 1    48     6     2    20    77    97  -8.908  -8.847  -0.024  -7.624  -7.904  -8.299 -3.719 -2.619 -3.773  0.838 -3.791 -4.242  0.617 -3.900 -3.578  3.242 -3.997 -0.304  0.189 -3.778 -1.378 -2.665 
    ML    45    43 1    48     6     1    16    76    96  -6.250  -6.596  -1.310  -1.005  -6.446  -3.975  0.368 -0.385 -0.191  0.094 
    MR    46    43 1    48     6     1    15    75    96  -6.988  -5.717  -1.625  -5.695  -0.829  -3.908  0.368 -0.385 -0.191  0.094 
     D    47    43 1    48     6     0    11    73    93  -9.049  -7.747  -3.544  -4.226  -4.244  -0.319 
    IL    48    48 5    48     6     1    17    77    97  -2.579  -2.842  -0.760  -4.497  -5.274  -4.934  0.000  0.000  0.000  0.000 
    IR    49    49 6    49     5     1    17    76    97  -2.408  -0.496  -5.920  -4.087  -5.193          0.000  0.000  0.000  0.000 
                                             [ MATP   17 ]     13     70 u a - -
    MP    50    49 6    54     6     2    18    75    95  -8.908  -8.847  -0.024  -7.624  -7.904  -8.299 -3.324 -3.067 -3.242  0.559 -2.402 -3.873  1.898 -3.021 -3.262  1.035 -3.668 -0.973  2.610 -3.492 -0.099 -2.153 
    ML    51    49 6    54     6     1    15    74    94  -6.250  -6.596  -1.310  -1.005  -6.446  -3.975  0.368 -0.385 -0.191  0.094 
    MR    52    49 6    54     6     1    14    73    94  -6.988  -5.717  -1.625  -5.695  -0.829  -3.908  0.368 -0.385 -0.191  0.094 
     D    53    49 6    54     6     0    11    71    92  -9.049  -7.747  -3.544  -4.226  -4.244  -0.319 
    IL    54    54 5    54     6     1    16    75    95  -2.579  -2.842  -0.760  -4.497  -5.274  -4.934  0.000  0.000  0.000  0.000 
    IR    55    55 6    55     5     1    16    74    95  -2.408  -0.496  -5.920  -4.087  -5.193          0.000  0.000  0.000  0.000 
                                             [ MATP   18 ]     14     69 C G - -
    MP    56    55 6    60     6     2    16    73    93  -8.908  -8.847  -0.024  -7.624  -7.904  -8.299 -3.588 -3.364 -3.423  0.289 -2.405 -3.953  3.069 -3.104 -3.456  0.759 -3.802 -1.294  1.183 -3.708 -0.103 -2.334 
    ML    57    55 6    60     6     1    14    72    92  -6.250  -6.596  -1.310  -1.005  -6.446  -3.975  0.368 -0.385 -0.191  0.094 
    MR    58    55 6    60     6     1    13    72    92  -6.988  -5.717  -1.625  -5.695  -0.829  -3.908  0.368 -0.385 -0.191  0.094 
     D    59    55 6    60     6     0    11    70    90  -9.049  -7.747  -3.544  -4.226  -4.244  -0.319 
    IL    60    60 5    60     6     1    15    73    93  -2.579  -2.842  -0.760  -4.497  -5.274  -4.934  0.000  0.000  0.000  0.000 
    IR    61    61 6    61     5     1    14    72    93  -2.408  -0.496  -5.920  -4.087  -5.193          0.000  0.000  0.000  0.000 
                                             [ MATP   19 ]     15     68 a u - -
    MP    62    61 6    66     4     2    14    71    91  -6.352  -6.559  -0.081  -4.973                 -3.120 -2.345 -3.170  2.533 -3.154 -4.195  1.121 -3.230 -3.099  1.855 -3.606  0.041  0.684 -3.503 -0.833 -2.053 
    ML    63    61 6    66     4     1    13    71    92  -3.758  -3.940  -0.507  -2.670                  0.368 -0.385 -0.191  0.094 
    MR    64    61 6    66     4     1    11    71    91  -4.809  -3.838  -1.706  -0.766                  0.368 -0.385 -0.191  0.094 
     D    65    61 6    66     4     0    10    69    90  -4.568  -4.250  -2.265  -0.520                 
    IL    66    66 5    66     4     1    13    72    93  -1.686  -2.369  -1.117  -4.855                  0.000  0.000  0.000  0.000 
    IR    67    67 6    67     3     1    13    71    92  -1.442  -0.798  -4.142                          0.000  0.000  0.000  0.000 
                                             [ MATL   20 ]     16      - A - - -
    ML    68    67 6    70     3     1    12    69    89  -7.420  -0.030  -6.074                          1.348 -1.331 -1.062 -0.792 
     D    69    67 6    70     3     0    10    67    87  -6.174  -1.687  -0.566                         
    IL    70    70 3    70     3     1    12    70    91  -1.442  -0.798  -4.142                          0.000  0.000  0.000  0.000 
                                             [ MATL   21 ]     17      - A - - -
    ML    71    70 3    73     3     1    11    68    88  -7.420  -0.030  -6.074                          1.348 -1.331 -1.062 -0.792 
     D    72    70 3    73     3     0     9    66    86  -6.174  -1.687  -0.566                         
    IL    73    73 3    73     3     1    11    69    90  -1.442  -0.798  -4.142                          0.000  0.000  0.000  0.000 
                                             [ MATL   22 ]     18      - A - - -
    ML    74    73 3    76     2     1    10    66    87  -7.674  -0.007                                  1.348 -1.331 -1.062 -0.792 
     D    75    73 3    76     2     0     9    65    86  -8.445  -0.004                                 
    IL    76    76 3    76     2     1    10    67    88  -1.823  -0.479                                  0.000  0.000  0.000  0.000 
                                             [ BIF    23 ]      -      - - - - -
     B    77    76 3    78   170     0     9    65    86                                                 
                                             [ BEGL   24 ]      -      - - - - -
     S    78    77 1    79     4     0     0    45    65  -0.054  -6.563  -5.970  -6.610                 
                                             [ MATP   25 ]     19     48 u a - -
    MP    79    78 1    83     6     2     2    45    65  -8.908  -8.847  -0.024  -7.624  -7.904  -8.299 -3.324 -3.067 -3.242  0.559 -2.402 -3.873  1.898 -3.021 -3.262  1.035 -3.668 -0.973  2.610 -3.492 -0.099 -2.153 
    ML    80    78 1    83     6     1     1    44    63  -6.250  -6.596  -1.310  -1.005  -6.446  -3.975  0.368 -0.385 -0.191  0.094 
    MR    81    78 1    83     6     1     1    44    63  -6.988  -5.717  -1.625  -5.695  -0.829  -3.908  0.368 -0.385 -0.191  0.094 
     D    82    78 1    83     6     0     0    41    61  -9.049  -7.747  -3.544  -4.226  -4.244  -0.319 
    IL    83    83 5    83     6     1     1    45    64  -2.579  -2.842  -0.760  -4.497  -5.274  -4.934  0.000  0.000  0.000  0.000 
    IR    84    84 6    84     5     1     1    45    64  -2.408  -0.496  -5.920  -4.087  -5.193          0.000  0.000  0.000  0.000 
                                             [ MATP   26 ]     20     47 c g - -
    MP    85    84 6    89     6     2     2    43    63  -8.908  -8.847  -0.024  -7.624  -7.904  -8.299 -3.184 -3.032 -3.080  0.539 -2.174 -3.660  2.083 -2.835 -3.116  0.937 -3.502 -1.047  1.398 -3.339  1.977 -2.033 
    ML    86    84 6    89     6     1     1    42    61  -6.250  -6.596  -1.310  -1.005  -6.446  -3.975  0.368 -0.385 -0.191  0.094 
    MR    87    84 6    89     6     1     1    42    61  -6.988  -5.717  -1.625  -5.695  -0.829  -3.908  0.368 -0.385 -0.191  0.094 
     D    88    84 6    89     6     0     0    39    59  -9.049  -7.747  -3.544  -4.226  -4.244  -0.319 
    IL    89    89 5    89     6     1     1    43    62  -2.579  -2.842  -0.760  -4.497  -5.274  -4.934  0.000  0.000  0.000  0.000 
    IR    90    90 6    90     5     1     1    43    62  -2.408  -0.496  -5.920  -4.087  -5.193          0.000  0.000  0.000  0.000 
                                             [ MATP   27 ]     21     46 C G - -
    MP    91    90 6    95     6     2     2    41    61  -8.908  -8.847  -0.024  -7.624  -7.904  -8.299 -3.588 -3.364 -3.423  0.289 -2.405 -3.953  3.069 -3.104 -3.456  0.759 -3.802 -1.294  1.183 -3.708 -0.103 -2.334 
    ML    92    90 6    95     6     1     1    40    59  -6.250  -6.596  -1.310  -1.005  -6.446  -3.975  0.368 -0.385 -0.191  0.094 
    MR    93    90 6    95     6     1     1    40    59  -6.988  -5.717  -1.625  -5.695  -0.829  -3.908  0.368 -0.385 -0.191  0.094 
     D    94    90 6    95     6     0     0    37    57  -9.049  -7.747  -3.544  -4.226  -4.244  -0.319 
    IL    95    95 5    95     6     1     1    41    60  -2.579  -2.842  -0.760  -4.497  -5.274  -4.934  0.000  0.000  0.000  0.000 
    IR    96    96 6    96     5     1     1    41    60  -2.408  -0.496  -5.920  -4.087  -5.193          0.000  0.000  0.000  0.000 
                                             [ MATP   28 ]     22     45 G C - -
    MP    97    96 6   101     6     2     2    39    59  -8.908  -8.847  -0.024  -7.624  -7.904  -8.299 -3.719 -2.619 -3.773  0.838 -3.791 -4.242  0.617 -3.900 -3.578  3.242 -3.997 -0.304  0.189 -3.778 -1.378 -2.665 
    ML    98    96 6   101     6     1     1    38    57  -6.250  -6.596  -1.310  -1.005  -6.446  -3.975  0.368 -0.385 -0.191  0.094 
    MR    99    96 6   101     6     1     1    38    57  -6.988  -5.717  -1.625  -5.695  -0.829  -3.908  0.368 -0.385 -0.191  0.094 
     D   100    96 6   101     6     0     0    35    55  -9.049  -7.747  -3.544  -4.226  -4.244  -0.319 
    IL   101   101 5   101     6     1     1    39    58  -2.579  -2.842  -0.760  -4.497  -5.274  -4.934  0.000  0.000  0.000  0.000 
    IR   102   102 6   102     5     1     1    39    58  -2.408  -0.496  -5.920  -4.087  -5.193          0.000  0.000  0.000  0.000 
                                             [ MATP   29 ]     23     44 c g - -
    MP   103   102 6   107     6     2     2    37    57  -8.908  -8.847  -0.024  -7.624  -7.904  -8.299 -3.184 -3.032 -3.080  0.539 -2.174 -3.660  2.083 -2.835 -3.116  0.937 -3.502 -1.047  1.398 -3.339  1.977 -2.033 
    ML   104   102 6   107     6     1     1    36    55  -6.250  -6.596  -1.310  -1.005  -6.446  -3.975  0.368 -0.385 -0.191  0.094 
    MR   105   102 6   107     6     1     1    36    55  -6.988  -5.717  -1.625  -5.695  -0.829  -3.908  0.368 -0.385 -0.191  0.094 
     D   106   102 6   107     6     0     0    34    53  -9.049  -7.747  -3.544  -4.226  -4.244  -0.319 
    IL   107   107 5   107     6     1     1    37    56  -2.579  -2.842  -0.760  -4.497  -5.274  -4.934  0.000  0.000  0.000  0.000 
    IR   108   108 6   108     5     1     1    37    56  -2.408  -0.496  -5.920  -4.087  -5.193          0.000  0.000  0.000  0.000 
                                             [ MATP   30 ]     24     43 G C - -
    MP   109   108 6   113     6     2     2    35    55  -8.908  -8.847  -0.024  -7.624  -7.904  -8.299 -3.642 -2.554 -3.712  0.911 -3.847 -4.235  0.563 -3.885 -3.533  3.219 -3.966 -0.131  0.189 -3.721 -1.427 -2.607 
    ML   110   108 6   113     6     1     1    34    54  -6.250  -6.596  -1.310  -1.005  -6.446  -3.975  0.368 -0.385 -0.191  0.094 
    MR   111   108 6   113     6     1     1    34    54  -6.988  -5.717  -1.625  -5.695  -0.829  -3.908  0.368 -0.385 -0.191  0.094 
     D   112   108 6   113     6     0     0    33    52  -9.049  -7.747  -3.544  -4.226  -4.244  -0.319 
    IL   113   113 5   113     6     1     1    35    54  -2.579  -2.842  -0.760  -4.497  -5.274  -4.934  0.000  0.000  0.000  0.000 
    IR   114   114 6   114     5     1     1    35    54  -2.408  -0.496  -5.920  -4.087  -5.193          0.000  0.000  0.000  0.000 
                                             [ MATP   31 ]     25     42 C G - -
    MP   115   114 6   119     4     2     2    33    53  -6.352  -6.559  -0.081  -4.973                 -3.520 -3.342 -3.363  0.307 -2.345 -3.891  3.023 -3.051 -3.404  0.742 -3.755 -1.315  1.250 -3.631  0.080 -2.281 
    ML   116   114 6   119     4     1     1    34    53  -3.758  -3.940  -0.507  -2.670                  0.368 -0.385 -0.191  0.094 
    MR   117   114 6   119     4     1     1    33    53  -4.809  -3.838  -1.706  -0.766                  0.368 -0.385 -0.191  0.094 
     D   118   114 6   119     4     0     0    32    52  -4.568  -4.250  -2.265  -0.520                 
    IL   119   119 5   119     4     1     1    35    54  -1.686  -2.369  -1.117  -4.855                  0.000  0.000  0.000  0.000 
    IR   120   120 6   120     3     1     1    34    53  -1.442  -0.798  -4.142                          0.000  0.000  0.000  0.000 
                                             [ MATL   32 ]     26      - C - - -
    ML   121   120 6   123     3     1     1    31    50  -7.853  -0.027  -6.171                         -0.565  1.051 -1.315 -0.234 
     D   122   120 6   123     3     0     0    29    49  -5.620  -0.734  -1.403                         
    IL   123   123 3   123     3     1     1    31    51  -1.925  -0.554  -4.164                          0.000  0.000  0.000  0.000 
                                             [ MATR   33 ]      -     41 - U - -
    MR   124   123 3   126     5     1     1    30    49  -6.631  -0.054  -6.447  -6.659  -7.550         -0.564 -0.748 -1.226  1.202 
     D   125   123 3   126     5     0     0    28    47  -5.352  -0.707  -2.978  -4.409  -2.404         
    IR   126   126 3   126     5     1     1    30    49  -2.408  -0.496  -5.920  -4.087  -5.193          0.000  0.000  0.000  0.000 
                                             [ MATP   34 ]     27     40 G C - -
    MP   127   126 3   131     6     2     2    29    48  -8.908  -8.847  -0.024  -7.624  -7.904  -8.299 -3.642 -2.554 -3.712  0.911 -3.847 -4.235  0.563 -3.885 -3.533  3.219 -3.966 -0.131  0.189 -3.721 -1.427 -2.607 
    ML   128   126 3   131     6     1     1    27    46  -6.250  -6.596  -1.310  -1.005  -6.446  -3.975  0.368 -0.385 -0.191  0.094 
    MR   129   126 3   131     6     1     1    27    46  -6.988  -5.717  -1.625  -5.695  -0.829  -3.908  0.368 -0.385 -0.191  0.094 
     D   130   126 3   131     6     0     0    25    44  -9.049  -7.747  -3.544  -4.226  -4.244  -0.319 
    IL   131   131 5   131     6     1     1    28    47  -2.579  -2.842  -0.760  -4.497  -5.274  -4.934  0.000  0.000  0.000  0.000 
    IR   132   132 6   132     5     1     1    28    47  -2.408  -0.496  -5.920  -4.087  -5.193          0.000  0.000  0.000  0.000 
                                             [ MATP   35 ]     28     39 a u - -
    MP   133   132 6   137     6     2     2    27    46  -8.908  -8.847  -0.024  -7.624  -7.904  -8.299 -3.120 -2.345 -3.170  2.533 -3.154 -4.195  1.121 -3.230 -3.099  1.855 -3.606  0.041  0.684 -3.503 -0.833 -2.053 
    ML   134   132 6   137     6     1     1    26    45  -6.250  -6.596  -1.310  -1.005  -6.446  -3.975  0.368 -0.385 -0.191  0.094 
    MR   135   132 6   137     6     1     1    26    45  -6.988  -5.717  -1.625  -5.695  -0.829  -3.908  0.368 -0.385 -0.191  0.094 
     D   136   132 6   137     6     0     0    24    43  -9.049  -7.747  -3.544  -4.226  -4.244  -0.319 
    IL   137   137 5   137     6     1     1    26    46  -2.579  -2.842  -0.760  -4.497  -5.274  -4.934  0.000  0.000  0.000  0.000 
    IR   138   138 6   138     5     1     1    26    45  -2.408  -0.496  -5.920  -4.087  -5.193          0.000  0.000  0.000  0.000 
                                             [ MATP   36 ]     29     38 a u - -
    MP   139   138 6   143     4     2     2    25    44  -6.352  -6.559  -0.081  -4.973                 -3.120 -2.345 -3.170  2.533 -3.154 -4.195  1.121 -3.230 -3.099  1.855 -3.606  0.041  0.684 -3.503 -0.833 -2.053 
    ML   140   138 6   143     4     1     1    25    44  -3.758  -3.940  -0.507  -2.670                  0.368 -0.385 -0.191  0.094 
    MR   141   138 6   143     4     1     1    25    44  -4.809  -3.838  -1.706  -0.766                  0.368 -0.385 -0.191  0.094 
     D   142   138 6   143     4     0     0    24    43  -4.568  -4.250  -2.265  -0.520                 
    IL   143   143 5   143     4     1     1    26    46  -1.686  -2.369  -1.117  -4.855                  0.000  0.000  0.000  0.000 
    IR   144   144 6   144     3     1     1    25    44  -1.442  -0.798  -4.142                          0.000  0.000  0.000  0.000 
                                             [ MATL   37 ]     30      - A - - -
    ML   145   144 6   147     3     1     1    22    40  -7.420  -0.030  -6.074                          1.348 -1.331 -1.062 -0.792 
     D   146   144 6   147     3     0     0    21    40  -6.174  -1.687  -0.566                         
    IL   147   147 3   147     3     1     1    24    43  -1.442  -0.798  -4.142                          0.000  0.000  0.000  0.000 
                                             [ MATL   38 ]     31      - U - - -
    ML   148   147 3   150     3     1     1    20    39  -7.420  -0.030  -6.074                         -0.564 -0.748 -1.226  1.202 
     D   149   147 3   150     3     0     0    19    38  -6.174  -1.687  -0.566                         
    IL   150   150 3   150     3     1     1    23    42  -1.442  -0.798  -4.142                          0.000  0.000  0.000  0.000 
                                             [ MATL   39 ]     32      - U - - -
    ML   151   150 3   153     3     1     1    19    38  -7.420  -0.030  -6.074                         -0.564 -0.748 -1.226  1.202 
     D   152   150 3   153     3     0     0    18    37  -6.174  -1.687  -0.566                         
    IL   153   153 3   153     3     1     1    22    41  -1.442  -0.798  -4.142                          0.000  0.000  0.000  0.000 
                                             [ MATL   40 ]     33      - G - - -
    ML   154   153 3   156     3     1     1    18    37  -7.420  -0.030  -6.074                         -0.469 -1.471  1.244 -0.866 
     D   155   153 3   156     3     0     0    17    36  -6.174  -1.687  -0.566                         
    IL   156   156 3   156     3     1     1    21    40  -1.442  -0.798  -4.142                          0.000  0.000  0.000  0.000 
                                             [ MATL   41 ]     34      - c - - -
    ML   157   156 3   159     3     1     1    17    35  -7.420  -0.030  -6.074                         -0.512  0.976 -1.262 -0.129 
     D   158   156 3   159     3     0     0    16    35  -6.174  -1.687  -0.566                         
    IL   159   159 3   159     3     1     1    20    39  -1.442  -0.798  -4.142                          0.000  0.000  0.000  0.000 
                                             [ MATL   42 ]     35      - G - - -
    ML   160   159 3   162     3     1     1    15    34  -7.420  -0.030  -6.074                         -0.469 -1.471  1.244 -0.866 
     D   161   159 3   162     3     0     0    15    33  -6.174  -1.687  -0.566                         
    IL   162   162 3   162     3     1     1    19    37  -1.442  -0.798  -4.142                          0.000  0.000  0.000  0.000 
                                             [ MATL   43 ]     36      - C - - -
    ML   163   162 3   165     3     1     1    13    32  -7.420  -0.030  -6.074                         -0.565  1.051 -1.315 -0.234 
     D   164   162 3   165     3     0     0    13    32  -6.174  -1.687  -0.566                         
    IL   165   165 3   165     3     1     1    18    36  -1.442  -0.798  -4.142                          0.000  0.000  0.000  0.000 
                                             [ MATL   44 ]     37      - G - - -
    ML   166   165 3   168     2     1     1     1     1       *   0.000                                 -0.469 -1.471  1.244 -0.866 
     D   167   165 3   168     2     0     0     0     0       *   0.000                                 
    IL   168   168 3   168     2     1     1    13    28  -1.823  -0.479                                  0.000  0.000  0.000  0.000 
                                             [ END    45 ]      -      - - - - -
     E   169   168 3    -1     0     0     0     0     0                                                 
                                             [ BEGR   46 ]      -      - - - - -
     S   170    77 1   171     5     0     0    34    53  -6.631  -0.054  -6.447  -6.659  -7.550         
    IL   171   171 2   171     5     1     1    35    55  -2.408  -0.496  -4.087  -5.920  -5.193          0.000  0.000  0.000  0.000 
                                             [ MATP   47 ]     49     67 a u - -
    MP   172   171 2   176     6     2     2    34    53  -8.908  -8.847  -0.024  -7.624  -7.904  -8.299 -3.120 -2.345 -3.170  2.533 -3.154 -4.195  1.121 -3.230 -3.099  1.855 -3.606  0.041  0.684 -3.503 -0.833 -2.053 
    ML   173   171 2   176     6     1     1    32    52  -6.250  -6.596  -1.310  -1.005  -6.446  -3.975  0.368 -0.385 -0.191  0.094 
    MR   174   171 2   176     6     1     1    32    52  -6.988  -5.717  -1.625  -5.695  -0.829  -3.908  0.368 -0.385 -0.191  0.094 
     D   175   171 2   176     6     0     0    30    49  -9.049  -7.747  -3.544  -4.226  -4.244  -0.319 
    IL   176   176 5   176     6     1     1    34    53  -2.579  -2.842  -0.760  -4.497  -5.274  -4.934  0.000  0.000  0.000  0.000 
    IR   177   177 6   177     5     1     1    33    53  -2.408  -0.496  -5.920  -4.087  -5.193          0.000  0.000  0.000  0.000 
                                             [ MATP   48 ]     50     66 C G - -
    MP   178   177 6   182     6     2     2    32    51  -8.908  -8.847  -0.024  -7.624  -7.904  -8.299 -3.478 -3.373 -3.358  0.260 -1.897 -3.915  3.075 -3.085 -3.402  0.625 -3.772 -1.402  1.222 -3.610 -0.100 -2.295 
    ML   179   177 6   182     6     1     1    31    50  -6.250  -6.596  -1.310  -1.005  -6.446  -3.975  0.368 -0.385 -0.191  0.094 
    MR   180   177 6   182     6     1     1    30    50  -6.988  -5.717  -1.625  -5.695  -0.829  -3.908  0.368 -0.385 -0.191  0.094 
     D   181   177 6   182     6     0     0    28    48  -9.049  -7.747  -3.544  -4.226  -4.244  -0.319 
    IL   182   182 5   182     6     1     1    32    51  -2.579  -2.842  -0.760  -4.497  -5.274  -4.934  0.000  0.000  0.000  0.000 
    IR   183   183 6   183     5     1     1    31    51  -2.408  -0.496  -5.920  -4.087  -5.193          0.000  0.000  0.000  0.000 
                                             [ MATP   49 ]     51     65 a u - -
    MP   184   183 6   188     6     2     2    30    49  -8.908  -8.847  -0.024  -7.624  -7.904  -8.299 -2.318 -2.284 -2.948  2.423 -2.957 -3.905  1.204 -3.100 -2.954  1.807 -3.465 -0.029  0.846 -3.179 -0.705 -1.912 
    ML   185   183 6   188     6     1     1    29    48  -6.250  -6.596  -1.310  -1.005  -6.446  -3.975  0.368 -0.385 -0.191  0.094 
    MR   186   183 6   188     6     1     1    29    48  -6.988  -5.717  -1.625  -5.695  -0.829  -3.908  0.368 -0.385 -0.191  0.094 
     D   187   183 6   188     6     0     0    27    47  -9.049  -7.747  -3.544  -4.226  -4.244  -0.319 
    IL   188   188 5   188     6     1     1    30    49  -2.579  -2.842  -0.760  -4.497  -5.274  -4.934  0.000  0.000  0.000  0.000 
    IR   189   189 6   189     5     1     1    29    49  -2.408  -0.496  -5.920  -4.087  -5.193          0.000  0.000  0.000  0.000 
                                             [ MATP   50 ]     52     64 C G - -
    MP   190   189 6   194     4     2     2    28    47  -6.352  -6.559  -0.081  -4.973                 -3.220 -3.044 -3.228  0.447 -2.580 -3.898  3.027 -3.161 -3.265  0.912 -2.477 -1.093  1.055 -3.418 -0.354 -2.224 
    ML   191   189 6   194     4     1     1    28    48  -3.758  -3.940  -0.507  -2.670                  0.368 -0.385 -0.191  0.094 
    MR   192   189 6   194     4     1     1    28    47  -4.809  -3.838  -1.706  -0.766                  0.368 -0.385 -0.191  0.094 
     D   193   189 6   194     4     0     0    27    46  -4.568  -4.250  -2.265  -0.520                 
    IL   194   194 5   194     4     1     1    30    49  -1.686  -2.369  -1.117  -4.855                  0.000  0.000  0.000  0.000 
    IR   195   195 6   195     3     1     1    29    48  -1.442  -0.798  -4.142                          0.000  0.000  0.000  0.000 
                                             [ MATL   51 ]     53      - G - - -
    ML   196   195 6   198     3     1     1    25    44  -7.420  -0.030  -6.074                         -0.469 -1.471  1.244 -0.866 
     D   197   195 6   198     3     0     0    24    43  -6.174  -1.687  -0.566                         
    IL   198   198 3   198     3     1     1    28    47  -1.442  -0.798  -4.142                          0.000  0.000  0.000  0.000 
                                             [ MATL   52 ]     54      - U - - -
    ML   199   198 3   201     3     1     1    24    43  -7.420  -0.030  -6.074                         -0.564 -0.748 -1.226  1.202 
     D   200   198 3   201     3     0     0    23    42  -6.174  -1.687  -0.566                         
    IL   201   201 3   201     3     1     1    26    46  -1.442  -0.798  -4.142                          0.000  0.000  0.000  0.000 
                                             [ MATL   53 ]     55      - A - - -
    ML   202   201 3   204     3     1     1    23    42  -7.420  -0.030  -6.074                          1.348 -1.331 -1.062 -0.792 
     D   203   201 3   204     3     0     0    22    41  -6.174  -1.687  -0.566                         
    IL   204   204 3   204     3     1     1    25    44  -1.442  -0.798  -4.142                          0.000  0.000  0.000  0.000 
                                             [ MATL   54 ]     56      - U - - -
    ML   205   204 3   207     3     1     1    22    40  -7.420  -0.030  -6.074                         -0.564 -0.748 -1.226  1.202 
     D   206   204 3   207     3     0     0    21    40  -6.174  -1.687  -0.566                         
    IL   207   207 3   207     3     1     1    24    43  -1.442  -0.798  -4.142                          0.000  0.000  0.000  0.000 
                                             [ MATL   55 ]     57      - A - - -
    ML   208   207 3   210     3     1     1    20    39  -7.420  -0.030  -6.074                          1.348 -1.331 -1.062 -0.792 
     D   209   207 3   210     3     0     0    19    38  -6.174  -1.687  -0.566                         
    IL   210   210 3   210     3     1     1    23    42  -1.442  -0.798  -4.142                          0.000  0.000  0.000  0.000 
                                             [ MATL   56 ]     58      - C - - -
    ML   211   210 3   213     3     1     1    19    38  -7.420  -0.030  -6.074                         -0.565  1.051 -1.315 -0.234 
     D   212   210 3   213     3     0     0    18    37  -6.174  -1.687  -0.566                         
    IL   213   213 3   213     3     1     1    22    41  -1.442  -0.798  -4.142                          0.000  0.000  0.000  0.000 
                                             [ MATL   57 ]     59      - U - - -
    ML   214   213 3   216     3     1     1    18    37  -7.420  -0.030  -6.074                         -0.564 -0.748 -1.226  1.202 
     D   215   213 3   216     3     0     0    17    36  -6.174  -1.687  -0.566                         
    IL   216   216 3   216     3     1     1    21    40  -1.442  -0.798  -4.142                          0.000  0.000  0.000  0.000 
                                             [ MATL   58 ]     60      - U - - -
    ML   217   216 3   219     3     1     1    17    35  -7.420  -0.030  -6.074                         -0.564 -0.748 -1.226  1.202 
     D   218   216 3   219     3     0     0    16    35  -6.174  -1.687  -0.566                         
    IL   219   219 3   219     3     1     1    20    39  -1.442  -0.798  -4.142                          0.000  0.000  0.000  0.000 
                                             [ MATL   59 ]     61      - U - - -
    ML   220   219 3   222     3     1     1    15    34  -7.420  -0.030  -6.074                         -0.564 -0.748 -1.226  1.202 
     D   221   219 3   222     3     0     0    15    33  -6.174  -1.687  -0.566                         
    IL   222   222 3   222     3     1     1    19    37  -1.442  -0.798  -4.142                          0.000  0.000  0.000  0.000 
                                             [ MATL   60 ]     62      - C - - -
    ML   223   222 3   225     3     1     1    13    32  -7.420  -0.030  -6.074                         -0.565  1.051 -1.315 -0.234 
     D   224   222 3   225     3     0     0    13    32  -6.174  -1.687  -0.566                         
    IL   225   225 3   225     3     1     1    18    36  -1.442  -0.798  -4.142                          0.000  0.000  0.000  0.000 
                                             [ MATL   61 ]     63      - a - - -
    ML   226   225 3   228     2     1     1     1     1       *   0.000                                  0.880 -0.799 -0.796  0.013 
     D   227   225 3   228     2     0     0     0     0       *   0.000                                 
    IL   228   228 3   228     2     1     1    13    28  -1.823  -0.479                                  0.000  0.000  0.000  0.000 
                                             [ END    62 ]      -      - - - - -
     E   229   228 3    -1     0     0     0     0     0                                                 
                                             [ BEGR   63 ]      -      - - - - -
     S   230    42 1   231     3     0    14    84   104  -7.420  -0.030  -6.074                         
    IL   231   231 2   231     3     1    15    86   107  -1.442  -0.798  -4.142                          0.000  0.000  0.000  0.000 
                                             [ MATL   64 ]     72      - A - - -
    ML   232   231 2   234     3     1    14    84   104  -7.420  -0.030  -6.074                          1.348 -1.331 -1.062 -0.792 
     D   233   231 2   234     3     0    11    82   102  -6.174  -1.687  -0.566                         
    IL   234   234 3   234     3     1    14    85   106  -1.442  -0.798  -4.142                          0.000  0.000  0.000  0.000 
                                             [ MATL   65 ]     73      - U - - -
    ML   235   234 3   237     3     1    13    83   103  -7.420  -0.030  -6.074                         -0.324 -0.606 -0.880  1.001 
     D   236   234 3   237     3     0    10    81   101  -6.174  -1.687  -0.566                         
    IL   237   237 3   237     3     1    13    84   105  -1.442  -0.798  -4.142                          0.000  0.000  0.000  0.000 
                                             [ MATL   66 ]     74      - A - - -
    ML   238   237 3   240     3     1    12    82   102  -7.420  -0.030  -6.074                          1.348 -1.331 -1.062 -0.792 
     D   239   237 3   240     3     0     9    80   100  -6.174  -1.687  -0.566                         
    IL   240   240 3   240     3     1    12    83   104  -1.442  -0.798  -4.142                          0.000  0.000  0.000  0.000 
                                             [ MATL   67 ]     75      - A - - -
    ML   241   240 3   243     3     1    11    80   100  -7.420  -0.030  -6.074                          1.348 -1.331 -1.062 -0.792 
     D   242   240 3   243     3     0     9    79    99  -6.174  -1.687  -0.566                         
    IL   243   243 3   243     3     1    11    82   103  -1.442  -0.798  -4.142                          0.000  0.000  0.000  0.000 
                                             [ MATL   68 ]     76      - U - - -
    ML   244   243 3   246     3     1    10    79    99  -7.420  -0.030  -6.074                         -0.564 -0.748 -1.226  1.202 
     D   245   243 3   246     3     0     8    78    98  -6.174  -1.687  -0.566                         
    IL   246   246 3   246     3     1    10    81   101  -1.442  -0.798  -4.142                          0.000  0.000  0.000  0.000 
                                             [ MATL   69 ]     77      - A - - -
    ML   247   246 3   249     2     1     9    78    98  -7.674  -0.007                                  1.164 -0.994 -0.912 -0.463 
     D   248   246 3   249     2     0     8    77    97  -8.445  -0.004                                 
    IL   249   249 3   249     2     1     9    79    99  -1.823  -0.479                                  0.000  0.000  0.000  0.000 
                                             [ BIF    70 ]      -      - - - - -
     B   250   249 3   251   358     0     8    77    97                                                 
                                             [ BEGL   71 ]      -      - - - - -
     S   251   250 1   252     4     0     0    50    70  -0.054  -6.563  -5.970  -6.610                 
                                             [ MATP   72 ]     78    112 C G - -
    MP   252   251 1   256     6     2     2    50    70  -8.908  -8.847  -0.024  -7.624  -7.904  -8.299 -3.521 -3.343 -3.364  0.307 -2.345 -3.891  3.024 -3.051 -3.405  0.742 -3.755 -1.315  1.250 -3.632  0.079 -2.282 
    ML   253   251 1   256     6     1     1    49    68  -6.250  -6.596  -1.310  -1.005  -6.446  -3.975  0.368 -0.385 -0.191  0.094 
    MR   254   251 1   256     6     1     1    49    68  -6.988  -5.717  -1.625  -5.695  -0.829  -3.908  0.368 -0.385 -0.191  0.094 
     D   255   251 1   256     6     0     0    47    66  -9.049  -7.747  -3.544  -4.226  -4.244  -0.319 
    IL   256   256 5   256     6     1     1    50    70  -2.579  -2.842  -0.760  -4.497  -5.274  -4.934  0.000  0.000  0.000  0.000 
    IR   257   257 6   257     5     1     1    50    69  -2.408  -0.496  -5.920  -4.087  -5.193          0.000  0.000  0.000  0.000 
                                             [ MATP   73 ]     79    111 a u - -
    MP   258   257 6   262     6     2     2    48    68  -8.908  -8.847  -0.024  -7.624  -7.904  -8.299 -3.120 -2.345 -3.170  2.533 -3.154 -4.195  1.121 -3.230 -3.099  1.855 -3.606  0.041  0.684 -3.503 -0.833 -2.053 
    ML   259   257 6   262     6     1     1    47    67  -6.250  -6.596  -1.310  -1.005  -6.446  -3.975  0.368 -0.385 -0.191  0.094 
    MR   260   257 6   262     6     1     1    47    66  -6.988  -5.717  -1.625  -5.695  -0.829  -3.908  0.368 -0.385 -0.191  0.094 
     D   261   257 6   262     6     0     0    45    64  -9.049  -7.747  -3.544  -4.226  -4.244  -0.319 
    IL   262   262 5   262     6     1     1    48    68  -2.579  -2.842  -0.760  -4.497  -5.274  -4.934  0.000  0.000  0.000  0.000 
    IR   263   263 6   263     5     1     1    48    67  -2.408  -0.496  -5.920  -4.087  -5.193          0.000  0.000  0.000  0.000 
                                             [ MATP   74 ]     80    110 G C - -
    MP   264   263 6   268     6     2     2    46    66  -8.908  -8.847  -0.024  -7.624  -7.904  -8.299 -3.719 -2.619 -3.773  0.838 -3.791 -4.242  0.617 -3.900 -3.578  3.242 -3.997 -0.304  0.189 -3.778 -1.378 -2.665 
    ML   265   263 6   268     6     1     1    46    65  -6.250  -6.596  -1.310  -1.005  -6.446  -3.975  0.368 -0.385 -0.191  0.094 
    MR   266   263 6   268     6     1     1    45    65  -6.988  -5.717  -1.625  -5.695  -0.829  -3.908  0.368 -0.385 -0.191  0.094 
     D   267   263 6   268     6     0     0    44    63  -9.049  -7.747  -3.544  -4.226  -4.244  -0.319 
    IL   268   268 5   268     6     1     1    46    66  -2.579  -2.842  -0.760  -4.497  -5.274  -4.934  0.000  0.000  0.000  0.000 
    IR   269   269 6   269     5     1     1    46    65  -2.408  -0.496  -5.920  -4.087  -5.193          0.000  0.000  0.000  0.000 
                                             [ MATP   75 ]     81    109 c g - -
    MP   270   269 6   274     4     2     2    44    64  -6.352  -6.559  -0.081  -4.973                 -3.063 -2.950 -3.005  0.612 -2.171 -3.620  2.081 -2.813 -3.044  0.998 -3.456 -1.006  1.783 -3.227  1.542 -1.968 
    ML   271   269 6   274     4     1     1    45    64  -3.758  -3.940  -0.507  -2.670                  0.368 -0.385 -0.191  0.094 
    MR   272   269 6   274     4     1     1    44    64  -4.809  -3.838  -1.706  -0.766                  0.368 -0.385 -0.191  0.094 
     D   273   269 6   274     4     0     0    43    63  -4.568  -4.250  -2.265  -0.520                 
    IL   274   274 5   274     4     1     1    46    66  -1.686  -2.369  -1.117  -4.855                  0.000  0.000  0.000  0.000 
    IR   275   275 6   275     3     1     1    45    65  -1.442  -0.798  -4.142                          0.000  0.000  0.000  0.000 
                                             [ MATL   76 ]     82      - G - - -
    ML   276   275 6   278     5     1     1    42    61  -6.631  -0.054  -6.447  -6.659  -7.550         -0.469 -1.471  1.244 -0.866 
     D   277   275 6   278     5     0     0    41    60  -4.959  -0.803  -4.221  -2.596  -2.508         
    IL   278   278 3   278     5     1     1    42    61  -2.408  -0.496  -4.087  -5.920  -5.193          0.000  0.000  0.000  0.000 
                                             [ MATP   77 ]     83    108 c g - -
    MP   279   278 3   283     6     2     2    41    60  -8.908  -8.847  -0.024  -7.624  -7.904  -8.299 -3.142 -3.013 -3.052  0.554 -2.164 -3.639  2.090 -2.823 -3.091  0.944 -3.484 -1.052  1.519 -3.296  1.864 -2.010 
    ML   280   278 3   283     6     1     1    39    58  -6.250  -6.596  -1.310  -1.005  -6.446  -3.975  0.368 -0.385 -0.191  0.094 
    MR   281   278 3   283     6     1     1    39    58  -6.988  -5.717  -1.625  -5.695  -0.829  -3.908  0.368 -0.385 -0.191  0.094 
     D   282   278 3   283     6     0     0    37    56  -9.049  -7.747  -3.544  -4.226  -4.244  -0.319 
    IL   283   283 5   283     6     1     1    41    60  -2.579  -2.842  -0.760  -4.497  -5.274  -4.934  0.000  0.000  0.000  0.000 
    IR   284   284 6   284     5     1     1    40    59  -2.408  -0.496  -5.920  -4.087  -5.193          0.000  0.000  0.000  0.000 
                                             [ MATP   78 ]     84    107 G C - -
    MP   285   284 6   289     6     2     2    39    58  -8.908  -8.847  -0.024  -7.624  -7.904  -8.299 -3.420 -2.032 -3.491  1.034 -3.716 -4.095  0.629 -3.739 -3.400  3.118 -3.841  0.015  0.309 -3.505 -1.328 -2.426 
    ML   286   284 6   289     6     1     1    37    56  -6.250  -6.596  -1.310  -1.005  -6.446  -3.975  0.368 -0.385 -0.191  0.094 
    MR   287   284 6   289     6     1     1    37    56  -6.988  -5.717  -1.625  -5.695  -0.829  -3.908  0.368 -0.385 -0.191  0.094 
     D   288   284 6   289     6     0     0    35    54  -9.049  -7.747  -3.544  -4.226  -4.244  -0.319 
    IL   289   289 5   289     6     1     1    39    58  -2.579  -2.842  -0.760  -4.497  -5.274  -4.934  0.000  0.000  0.000  0.000 
    IR   290   290 6   290     5     1     1    38    57  -2.408  -0.496  -5.920  -4.087  -5.193          0.000  0.000  0.000  0.000 
                                             [ MATP   79 ]     85    106 C G - -
    MP   291   290 6   295     6     2     2    37    56  -8.908  -8.847  -0.024  -7.624  -7.904  -8.299 -3.588 -3.364 -3.423  0.289 -2.405 -3.953  3.069 -3.104 -3.456  0.759 -3.802 -1.294  1.183 -3.708 -0.103 -2.334 
    ML   292   290 6   295     6     1     1    36    55  -6.250  -6.596  -1.310  -1.005  -6.446  -3.975  0.368 -0.385 -0.191  0.094 
    MR   293   290 6   295     6     1     1    35    55  -6.988  -5.717  -1.625  -5.695  -0.829  -3.908  0.368 -0.385 -0.191  0.094 
     D   294   290 6   295     6     0     0    33    52  -9.049  -7.747  -3.544  -4.226  -4.244  -0.319 
    IL   295   295 5   295     6     1     1    37    56  -2.579  -2.842  -0.760  -4.497  -5.274  -4.934  0.000  0.000  0.000  0.000 
    IR   296   296 6   296     5     1     1    36    55  -2.408  -0.496  -5.920  -4.087  -5.193          0.000  0.000  0.000  0.000 
                                             [ MATP   80 ]     86    105 c g - -
    MP   297   296 6   301     6     2     2    35    54  -8.908  -8.847  -0.024  -7.624  -7.904  -8.299 -3.184 -3.032 -3.080  0.539 -2.174 -3.660  2.083 -2.835 -3.116  0.937 -3.502 -1.047  1.398 -3.339  1.977 -2.033 
    ML   298   296 6   301     6     1     1    34    53  -6.250  -6.596  -1.310  -1.005  -6.446  -3.975  0.368 -0.385 -0.191  0.094 
    MR   299   296 6   301     6     1     1    34    53  -6.988  -5.717  -1.625  -5.695  -0.829  -3.908  0.368 -0.385 -0.191  0.094 
     D   300   296 6   301     6     0     0    32    51  -9.049  -7.747  -3.544  -4.226  -4.244  -0.319 
    IL   301   301 5   301     6     1     1    35    54  -2.579  -2.842  -0.760  -4.497  -5.274  -4.934  0.000  0.000  0.000  0.000 
    IR   302   302 6   302     5     1     1    34    53  -2.408  -0.496  -5.920  -4.087  -5.193          0.000  0.000  0.000  0.000 
                                             [ MATP   81 ]     87    104 u a - -
    MP   303   302 6   307     4     2     2    33    52  -6.352  -6.559  -0.096  -4.591                 -3.107 -2.974 -3.061  0.615 -2.252 -3.696  2.021 -2.882 -3.097  1.024 -3.520 -1.001  2.303 -3.271  0.679 -2.010 
    ML   304   302 6   307     4     1     1    33    52  -3.758  -3.940  -0.507  -2.670                  0.368 -0.385 -0.191  0.094 
    MR   305   302 6   307     4     1     1    33    52  -4.809  -3.838  -1.706  -0.766                  0.368 -0.385 -0.191  0.094 
     D   306   302 6   307     4     0     0    32    51  -4.568  -4.250  -2.265  -0.520                 
    IL   307   307 5   307     4     1     1    35    54  -1.686  -2.369  -1.117  -4.855                  0.000  0.000  0.000  0.000 
    IR   308   308 6   308     3     1     1    34    53  -1.442  -0.798  -4.142                          0.000  0.000  0.000  0.000 
                                             [ MATL   82 ]     88      - U - - -
    ML   309   308 6   311     5     1     1    30    49  -6.621  -0.054  -6.436  -6.648  -7.540         -0.545 -0.734 -1.205  1.189 
     D   310   308 6   311     5     0     0    29    47  -5.003  -0.772  -4.265  -2.639  -2.552         
    IL   311   311 3   311     5     1     1    30    49  -2.408  -0.496  -4.087  -5.920  -5.193          0.000  0.000  0.000  0.000 
                                             [ MATP   83 ]     89    103 G C - -
    MP   312   311 3   316     6     2     2    29    48  -8.908  -8.847  -0.024  -7.624  -7.904  -8.299 -3.719 -2.619 -3.773  0.838 -3.791 -4.242  0.617 -3.900 -3.578  3.242 -3.997 -0.304  0.189 -3.778 -1.378 -2.665 
    ML   313   311 3   316     6     1     1    27    46  -6.250  -6.596  -1.310  -1.005  -6.446  -3.975  0.368 -0.385 -0.191  0.094 
    MR   314   311 3   316     6     1     1    27    46  -6.988  -5.717  -1.625  -5.695  -0.829  -3.908  0.368 -0.385 -0.191  0.094 
     D   315   311 3   316     6     0     0    25    44  -9.049  -7.747  -3.544  -4.226  -4.244  -0.319 
    IL   316   316 5   316     6     1     1    29    47  -2.579  -2.842  -0.760  -4.497  -5.274  -4.934  0.000  0.000  0.000  0.000 
    IR   317   317 6   317     5     1     1    28    47  -2.408  -0.496  -5.920  -4.087  -5.193          0.000  0.000  0.000  0.000 
                                             [ MATP   84 ]     90    102 C G - -
    MP   318   317 6   322     6     2     2    27    46  -8.908  -8.847  -0.024  -7.624  -7.904  -8.299 -3.588 -3.364 -3.423  0.289 -2.405 -3.953  3.069 -3.104 -3.456  0.759 -3.802 -1.294  1.183 -3.708 -0.103 -2.334 
    ML   319   317 6   322     6     1     1    25    44  -6.250  -6.596  -1.310  -1.005  -6.446  -3.975  0.368 -0.385 -0.191  0.094 
    MR   320   317 6   322     6     1     1    25    44  -6.988  -5.717  -1.625  -5.695  -0.829  -3.908  0.368 -0.385 -0.191  0.094 
     D   321   317 6   322     6     0     0    23    42  -9.049  -7.747  -3.544  -4.226  -4.244  -0.319 
    IL   322   322 5   322     6     1     1    27    45  -2.579  -2.842  -0.760  -4.497  -5.274  -4.934  0.000  0.000  0.000  0.000 
    IR   323   323 6   323     5     1     1    26    45  -2.408  -0.496  -5.920  -4.087  -5.193          0.000  0.000  0.000  0.000 
                                             [ MATP   85 ]     91    101 G C - -
    MP   324   323 6   328     6     2     2    25    44  -8.908  -8.847  -0.024  -7.624  -7.904  -8.299 -3.584 -2.516 -3.656  0.956 -3.828 -4.217  0.575 -3.845 -3.495  3.186 -3.934 -0.004  0.219 -3.676 -1.410 -2.554 
    ML   325   323 6   328     6     1     1    24    42  -6.250  -6.596  -1.310  -1.005  -6.446  -3.975  0.368 -0.385 -0.191  0.094 
    MR   326   323 6   328     6     1     1    23    42  -6.988  -5.717  -1.625  -5.695  -0.829  -3.908  0.368 -0.385 -0.191  0.094 
     D   327   323 6   328     6     0     0    21    40  -9.049  -7.747  -3.544  -4.226  -4.244  -0.319 
    IL   328   328 5   328     6     1     1    25    43  -2.579  -2.842  -0.760  -4.497  -5.274  -4.934  0.000  0.000  0.000  0.000 
    IR   329   329 6   329     5     1     1    24    43  -2.408  -0.496  -5.920  -4.087  -5.193          0.000  0.000  0.000  0.000 
                                             [ MATP   86 ]     92    100 G C - -
    MP   330   329 6   334     6     2     2    23    42  -8.908  -8.847  -0.024  -7.624  -7.904  -8.299 -3.719 -2.619 -3.773  0.838 -3.791 -4.242  0.617 -3.900 -3.578  3.242 -3.997 -0.304  0.189 -3.778 -1.378 -2.665 
    ML   331   329 6   334     6     1     1    22    40  -6.250  -6.596  -1.310  -1.005  -6.446  -3.975  0.368 -0.385 -0.191  0.094 
    MR   332   329 6   334     6     1     1    22    40  -6.988  -5.717  -1.625  -5.695  -0.829  -3.908  0.368 -0.385 -0.191  0.094 
     D   333   329 6   334     6     0     0    19    38  -9.049  -7.747  -3.544  -4.226  -4.244  -0.319 
    IL   334   334 5   334     6     1     1    23    41  -2.579  -2.842  -0.760  -4.497  -5.274  -4.934  0.000  0.000  0.000  0.000 
    IR   335   335 6   335     5     1     1    22    41  -2.408  -0.496  -5.920  -4.087  -5.193          0.000  0.000  0.000  0.000 
                                             [ MATP   87 ]     93     99 c g - -
    MP   336   335 6   340     6     2     2    21    40  -8.908  -8.847  -0.024  -7.624  -7.904  -8.299 -3.184 -3.032 -3.080  0.539 -2.174 -3.660  2.083 -2.835 -3.116  0.937 -3.502 -1.047  1.398 -3.339  1.977 -2.033 
    ML   337   335 6   340     6     1     1    20    39  -6.250  -6.596  -1.310  -1.005  -6.446  -3.975  0.368 -0.385 -0.191  0.094 
    MR   338   335 6   340     6     1     1    20    39  -6.988  -5.717  -1.625  -5.695  -0.829  -3.908  0.368 -0.385 -0.191  0.094 
     D   339   335 6   340     6     0     0    18    37  -9.049  -7.747  -3.544  -4.226  -4.244  -0.319 
    IL   340   340 5   340     6     1     1    21    40  -2.579  -2.842  -0.760  -4.497  -5.274  -4.934  0.000  0.000  0.000  0.000 
    IR   341   341 6   341     5     1     1    20    39  -2.408  -0.496  -5.920  -4.087  -5.193          0.000  0.000  0.000  0.000 
                                             [ MATP   88 ]     94     98 u a - -
    MP   342   341 6   346     4     2     2    19    38  -6.352  -6.559  -0.081  -4.973                 -3.324 -3.067 -3.242  0.559 -2.402 -3.873  1.898 -3.021 -3.262  1.035 -3.668 -0.973  2.610 -3.492 -0.099 -2.153 
    ML   343   341 6   346     4     1     1    20    38  -3.758  -3.940  -0.507  -2.670                  0.368 -0.385 -0.191  0.094 
    MR   344   341 6   346     4     1     1    19    38  -4.809  -3.838  -1.706  -0.766                  0.368 -0.385 -0.191  0.094 
     D   345   341 6   346     4     0     0    18    37  -4.568  -4.250  -2.265  -0.520                 
    IL   346   346 5   346     4     1     1    21    40  -1.686  -2.369  -1.117  -4.855                  0.000  0.000  0.000  0.000 
    IR   347   347 6   347     3     1     1    20    39  -1.442  -0.798  -4.142                          0.000  0.000  0.000  0.000 
                                             [ MATL   89 ]     95      - A - - -
    ML   348   347 6   350     3     1     1    15    34  -7.420  -0.030  -6.074                          1.348 -1.331 -1.062 -0.792 
     D   349   347 6   350     3     0     0    15    33  -6.174  -1.687  -0.566                         
    IL   350   350 3   350     3     1     1    19    37  -1.442  -0.798  -4.142                          0.000  0.000  0.000  0.000 
                                             [ MATL   90 ]     96      - C - - -
    ML   351   350 3   353     3     1     1    13    32  -7.420  -0.030  -6.074                         -0.565  1.051 -1.315 -0.234 
     D   352   350 3   353     3     0     0    13    32  -6.174  -1.687  -0.566                         
    IL   353   353 3   353     3     1     1    18    36  -1.442  -0.798  -4.142                          0.000  0.000  0.000  0.000 
                                             [ MATL   91 ]     97      - C - - -
    ML   354   353 3   356     2     1     1     1     1       *   0.000                                 -0.565  1.051 -1.315 -0.234 
     D   355   353 3   356     2     0     0     0     0       *   0.000                                 
    IL   356   356 3   356     2     1     1    13    28  -1.823  -0.479                                  0.000  0.000  0.000  0.000 
                                             [ END    92 ]      -      - - - - -
     E   357   356 3    -1     0     0     0     0     0                                                 
                                             [ BEGR   93 ]      -      - - - - -
     S   358   250 1   359     3     0     0    40    59  -7.420  -0.030  -6.074                         
    IL   359   359 2   359     3     1     1    44    63  -1.442  -0.798  -4.142                          0.000  0.000  0.000  0.000 
                                             [ MATL   94 ]    113      - A - - -
    ML   360   359 2   362     3     1     1    40    59  -7.420  -0.030  -6.074                          1.348 -1.331 -1.062 -0.792 
     D   361   359 2   362     3     0     0    39    58  -6.174  -1.687  -0.566                         
    IL   362   362 3   362     3     1     1    43    62  -1.442  -0.798  -4.142                          0.000  0.000  0.000  0.000 
                                             [ MATL   95 ]    114      - c - - -
    ML   363   362 3   365     5     1     1    39    58  -6.631  -0.054  -6.447  -6.659  -7.550         -0.331  0.541 -1.066  0.347 
     D   364   362 3   365     5     0     0    38    57  -4.959  -0.803  -4.221  -2.596  -2.508         
    IL   365   365 3   365     5     1     1    39    58  -2.408  -0.496  -4.087  -5.920  -5.193          0.000  0.000  0.000  0.000 
                                             [ MATP   96 ]    115    138 g c - -
    MP   366   365 3   370     6     2     2    38    57  -8.908  -8.847  -0.024  -7.624  -7.904  -8.299 -3.045 -2.119 -3.154  1.406 -3.385 -4.187  0.890 -3.263 -3.006  2.116 -3.507  1.988  0.524 -3.477 -1.046 -2.004 
    ML   367   365 3   370     6     1     1    37    55  -6.250  -6.596  -1.310  -1.005  -6.446  -3.975  0.368 -0.385 -0.191  0.094 
    MR   368   365 3   370     6     1     1    37    55  -6.988  -5.717  -1.625  -5.695  -0.829  -3.908  0.368 -0.385 -0.191  0.094 
     D   369   365 3   370     6     0     0    34    53  -9.049  -7.747  -3.544  -4.226  -4.244  -0.319 
    IL   370   370 5   370     6     1     1    38    57  -2.579  -2.842  -0.760  -4.497  -5.274  -4.934  0.000  0.000  0.000  0.000 
    IR   371   371 6   371     5     1     1    37    56  -2.408  -0.496  -5.920  -4.087  -5.193          0.000  0.000  0.000  0.000 
                                             [ MATP   97 ]    116    137 a u - -
    MP   372   371 6   376     6     2     2    36    55  -8.908  -8.847  -0.024  -7.624  -7.904  -8.299 -3.120 -2.345 -3.170  2.533 -3.154 -4.195  1.121 -3.230 -3.099  1.855 -3.606  0.041  0.684 -3.503 -0.833 -2.053 
    ML   373   371 6   376     6     1     1    35    53  -6.250  -6.596  -1.310  -1.005  -6.446  -3.975  0.368 -0.385 -0.191  0.094 
    MR   374   371 6   376     6     1     1    35    53  -6.988  -5.717  -1.625  -5.695  -0.829  -3.908  0.368 -0.385 -0.191  0.094 
     D   375   371 6   376     6     0     0    32    51  -9.049  -7.747  -3.544  -4.226  -4.244  -0.319 
    IL   376   376 5   376     6     1     1    36    55  -2.579  -2.842  -0.760  -4.497  -5.274  -4.934  0.000  0.000  0.000  0.000 
    IR   377   377 6   377     5     1     1    35    54  -2.408  -0.496  -5.920  -4.087  -5.193          0.000  0.000  0.000  0.000 
                                             [ MATP   98 ]    117    136 a u - -
    MP   378   377 6   382     6     2     2    34    53  -8.908  -8.847  -0.024  -7.624  -7.904  -8.299 -3.120 -2.345 -3.170  2.533 -3.154 -4.195  1.121 -3.230 -3.099  1.855 -3.606  0.041  0.684 -3.503 -0.833 -2.053 
    ML   379   377 6   382     6     1     1    33    51  -6.250  -6.596  -1.310  -1.005  -6.446  -3.975  0.368 -0.385 -0.191  0.094 
    MR   380   377 6   382     6     1     1    33    51  -6.988  -5.717  -1.625  -5.695  -0.829  -3.908  0.368 -0.385 -0.191  0.094 
     D   381   377 6   382     6     0     0    30    49  -9.049  -7.747  -3.544  -4.226  -4.244  -0.319 
    IL   382   382 5   382     6     1     1    34    53  -2.579  -2.842  -0.760  -4.497  -5.274  -4.934  0.000  0.000  0.000  0.000 
    IR   383   383 6   383     5     1     1    33    52  -2.408  -0.496  -5.920  -4.087  -5.193          0.000  0.000  0.000  0.000 
                                             [ MATP   99 ]    118    135 a u - -
    MP   384   383 6   388     6     2     2    32    51  -8.908  -8.847  -0.024  -7.624  -7.904  -8.299 -3.120 -2.345 -3.170  2.533 -3.154 -4.195  1.121 -3.230 -3.099  1.855 -3.606  0.041  0.684 -3.503 -0.833 -2.053 
    ML   385   383 6   388     6     1     1    31    49  -6.250  -6.596  -1.310  -1.005  -6.446  -3.975  0.368 -0.385 -0.191  0.094 
    MR   386   383 6   388     6     1     1    30    49  -6.988  -5.717  -1.625  -5.695  -0.829  -3.908  0.368 -0.385 -0.191  0.094 
     D   387   383 6   388     6     0     0    28    47  -9.049  -7.747  -3.544  -4.226  -4.244  -0.319 
    IL   388   388 5   388     6     1     1    32    51  -2.579  -2.842  -0.760  -4.497  -5.274  -4.934  0.000  0.000  0.000  0.000 
    IR   389   389 6   389     5     1     1    31    50  -2.408  -0.496  -5.920  -4.087  -5.193          0.000  0.000  0.000  0.000 
                                             [ MATP  100 ]    119    134 c g - -
    MP   390   389 6   394     6     2     2    30    49  -8.908  -8.847  -0.024  -7.624  -7.904  -8.299 -3.164 -3.010 -3.128  0.551 -2.337 -3.765  2.867 -1.931 -3.157  0.927 -3.575 -1.035  1.311 -3.342 -0.068 -2.085 
    ML   391   389 6   394     6     1     1    29    47  -6.250  -6.596  -1.310  -1.005  -6.446  -3.975  0.368 -0.385 -0.191  0.094 
    MR   392   389 6   394     6     1     1    28    47  -6.988  -5.717  -1.625  -5.695  -0.829  -3.908  0.368 -0.385 -0.191  0.094 
     D   393   389 6   394     6     0     0    26    45  -9.049  -7.747  -3.544  -4.226  -4.244  -0.319 
    IL   394   394 5   394     6     1     1    30    49  -2.579  -2.842  -0.760  -4.497  -5.274  -4.934  0.000  0.000  0.000  0.000 
    IR   395   395 6   395     5     1     1    29    48  -2.408  -0.496  -5.920  -4.087  -5.193          0.000  0.000  0.000  0.000 
                                             [ MATP  101 ]    120    133 C G - -
    MP   396   395 6   400     6     2     2    28    47  -8.908  -8.847  -0.024  -7.624  -7.904  -8.299 -3.588 -3.364 -3.423  0.289 -2.405 -3.953  3.069 -3.104 -3.456  0.759 -3.802 -1.294  1.183 -3.708 -0.103 -2.334 
    ML   397   395 6   400     6     1     1    27    45  -6.250  -6.596  -1.310  -1.005  -6.446  -3.975  0.368 -0.385 -0.191  0.094 
    MR   398   395 6   400     6     1     1    26    45  -6.988  -5.717  -1.625  -5.695  -0.829  -3.908  0.368 -0.385 -0.191  0.094 
     D   399   395 6   400     6     0     0    24    43  -9.049  -7.747  -3.544  -4.226  -4.244  -0.319 
    IL   400   400 5   400     6     1     1    28    47  -2.579  -2.842  -0.760  -4.497  -5.274  -4.934  0.000  0.000  0.000  0.000 
    IR   401   401 6   401     5     1     1    27    46  -2.408  -0.496  -5.920  -4.087  -5.193          0.000  0.000  0.000  0.000 
                                             [ MATP  102 ]    121    132 c g - -
    MP   402   401 6   406     6     2     2    26    45  -8.908  -8.847  -0.024  -7.624  -7.904  -8.299 -3.184 -3.032 -3.080  0.539 -2.174 -3.660  2.083 -2.835 -3.116  0.937 -3.502 -1.047  1.398 -3.339  1.977 -2.033 
    ML   403   401 6   406     6     1     1    25    43  -6.250  -6.596  -1.310  -1.005  -6.446  -3.975  0.368 -0.385 -0.191  0.094 
    MR   404   401 6   406     6     1     1    25    43  -6.988  -5.717  -1.625  -5.695  -0.829  -3.908  0.368 -0.385 -0.191  0.094 
     D   405   401 6   406     6     0     0    22    41  -9.049  -7.747  -3.544  -4.226  -4.244  -0.319 
    IL   406   406 5   406     6     1     1    26    45  -2.579  -2.842  -0.760  -4.497  -5.274  -4.934  0.000  0.000  0.000  0.000 
    IR   407   407 6   407     5     1     1    25    44  -2.408  -0.496  -5.920  -4.087  -5.193          0.000  0.000  0.000  0.000 
                                             [ MATP  103 ]    122    131 C G - -
    MP   408   407 6   412     6     2     2    24    43  -8.908  -8.847  -0.024  -7.624  -7.904  -8.299 -3.588 -3.364 -3.423  0.289 -2.405 -3.953  3.069 -3.104 -3.456  0.759 -3.802 -1.294  1.183 -3.708 -0.103 -2.334 
    ML   409   407 6   412     6     1     1    23    42  -6.250  -6.596  -1.310  -1.005  -6.446  -3.975  0.368 -0.385 -0.191  0.094 
    MR   410   407 6   412     6     1     1    23    42  -6.988  -5.717  -1.625  -5.695  -0.829  -3.908  0.368 -0.385 -0.191  0.094 
     D   411   407 6   412     6     0     0    21    39  -9.049  -7.747  -3.544  -4.226  -4.244  -0.319 
    IL   412   412 5   412     6     1     1    24    43  -2.579  -2.842  -0.760  -4.497  -5.274  -4.934  0.000  0.000  0.000  0.000 
    IR   413   413 6   413     5     1     1    23    42  -2.408  -0.496  -5.920  -4.087  -5.193          0.000  0.000  0.000  0.000 
                                             [ MATP  104 ]    123    130 G C - -
    MP   414   413 6   418     6     2     2    22    41  -8.908  -8.847  -0.024  -7.624  -7.904  -8.299 -3.719 -2.619 -3.773  0.838 -3.791 -4.242  0.617 -3.900 -3.578  3.242 -3.997 -0.304  0.189 -3.778 -1.378 -2.665 
    ML   415   413 6   418     6     1     1    21    40  -6.250  -6.596  -1.310  -1.005  -6.446  -3.975  0.368 -0.385 -0.191  0.094 
    MR   416   413 6   418     6     1     1    21    40  -6.988  -5.717  -1.625  -5.695  -0.829  -3.908  0.368 -0.385 -0.191  0.094 
     D   417   413 6   418     6     0     0    20    38  -9.049  -7.747  -3.544  -4.226  -4.244  -0.319 
    IL   418   418 5   418     6     1     1    22    41  -2.579  -2.842  -0.760  -4.497  -5.274  -4.934  0.000  0.000  0.000  0.000 
    IR   419   419 6   419     5     1     1    22    40  -2.408  -0.496  -5.920  -4.087  -5.193          0.000  0.000  0.000  0.000 
                                             [ MATP  105 ]    124    129 C G - -
    MP   420   419 6   424     4     2     2    20    39  -6.352  -6.559  -0.081  -4.973                 -3.588 -3.364 -3.423  0.289 -2.405 -3.953  3.069 -3.104 -3.456  0.759 -3.802 -1.294  1.183 -3.708 -0.103 -2.334 
    ML   421   419 6   424     4     1     1    21    40  -3.758  -3.940  -0.507  -2.670                  0.368 -0.385 -0.191  0.094 
    MR   422   419 6   424     4     1     1    20    39  -4.809  -3.838  -1.706  -0.766                  0.368 -0.385 -0.191  0.094 
     D   423   419 6   424     4     0     0    19    38  -4.568  -4.250  -2.265  -0.520                 
    IL   424   424 5   424     4     1     1    22    41  -1.686  -2.369  -1.117  -4.855                  0.000  0.000  0.000  0.000 
    IR   425   425 6   425     3     1     1    21    40  -1.442  -0.798  -4.142                          0.000  0.000  0.000  0.000 
                                             [ MATL  106 ]    125      - u - - -
    ML   426   425 6   428     3     1     1    17    35  -7.420  -0.030  -6.074                         -0.228 -0.620 -0.991  0.995 
     D   427   425 6   428     3     0     0    16    35  -6.174  -1.687  -0.566                         
    IL   428   428 3   428     3     1     1    20    39  -1.442  -0.798  -4.142                          0.000  0.000  0.000  0.000 
                                             [ MATL  107 ]    126      - C - - -
    ML   429   428 3   431     3     1     1    15    34  -7.420  -0.030  -6.074                         -0.565  1.051 -1.315 -0.234 
     D   430   428 3   431     3     0     0    15    33  -6.174  -1.687  -0.566                         
    IL   431   431 3   431     3     1     1    19    37  -1.442  -0.798  -4.142                          0.000  0.000  0.000  0.000 
                                             [ MATL  108 ]    127      - C - - -
    ML   432   431 3   434     3     1     1    13    32  -7.420  -0.057  -4.932                         -0.565  1.051 -1.315 -0.234 
     D   433   431 3   434     3     0     0    13    32  -6.174  -1.687  -0.566                         
    IL   434   434 3   434     3     1     1    18    36  -1.442  -0.798  -4.142                          0.000  0.000  0.000  0.000 
                                             [ MATL  109 ]    128      - G - - -
    ML   435   434 3   437     2     1     1     1     1       *   0.000                                 -0.421 -1.412  1.206 -0.810 
     D   436   434 3   437     2     0     0     0     0       *   0.000                                 
    IL   437   437 3   437     2     1     1    13    28  -1.823  -0.479                                  0.000  0.000  0.000  0.000 
                                             [ END   110 ]      -      - - - - -
     E   438   437 3    -1     0     0     0     0     0                                                 
//
HMMER3/f [3.1b3 | July 2016]
NAME  at_nt_tisb_istr_round5_0001
LENG  140
MAXL  257
ALPH  RNA
RF    no
MM    no
CONS  yes
CS    yes
MAP   yes
DATE  Tue Dec 17 08:36:25 2019
COM   [1] cmbuild /home/co78wid/projects/master/results/ta_systems/tisb_istr/2_structure_analysis/infernal_search/at_nt_tisb_istr_cmbuild.txt /home/co78wid/projects/master/results/ta_systems/tisb_istr/1_sequence_analysis/fold/at_nt_tisb_istr_round5.stk
NSEQ  31
EFFN  0.987671
CKSUM 1460652411
STATS LOCAL MSV       -9.9813  0.71823
STATS LOCAL VITERBI  -11.6557  0.71823
STATS LOCAL FORWARD   -3.1687  0.71823
HMM          A        C        G        U   
            m->m     m->i     m->d     i->m     i->i     d->m     d->d
  COMPO   1.47156  1.37623  1.32519  1.37772
          1.38629  1.38629  1.38629  1.38629
          0.11108  3.53731  2.57643  1.46634  0.26236  0.00000        *
      1   1.79611  2.51112  0.46363  2.08839      1 G - - :
          1.38629  1.38629  1.38629  1.38629
          0.06299  3.48922  3.48922  1.46634  0.26236  1.52910  0.24428
      2   1.86197  0.59151  2.38943  1.61214      2 C - - :
          1.38629  1.38629  1.38629  1.38629
          0.06299  3.48922  3.48922  1.46634  0.26236  0.56821  0.83595
      3   0.80047  1.60721  1.97819  1.55062      3 a - - :
          1.38629  1.38629  1.38629  1.38629
          0.05994  3.53731  3.53731  1.46634  0.26236  1.09861  0.40547
      4   1.95204  0.52973  2.48699  1.68153      4 C - - :
          1.38629  1.38629  1.38629  1.38629
          0.05994  3.53731  3.53731  1.46634  0.26236  1.09861  0.40547
      5   1.92189  2.01456  2.39544  0.46337      5 U - - :
          1.38629  1.38629  1.38629  1.38629
          0.05994  3.53731  3.53731  1.46634  0.26236  1.09861  0.40547
      6   0.36855  2.47461  2.27410  2.11050      6 A - - :
          1.38629  1.38629  1.38629  1.38629
          0.05994  3.53731  3.53731  1.46634  0.26236  1.09861  0.40547
      7   0.36855  2.47461  2.27410  2.11050      7 A - - :
          1.38629  1.38629  1.38629  1.38629
          0.05994  3.53731  3.53731  1.46634  0.26236  1.09861  0.40547
      8   0.49540  2.24126  2.13590  1.79450      8 A - - :
          1.38629  1.38629  1.38629  1.38629
          0.05994  3.53731  3.53731  1.46634  0.26236  1.09861  0.40547
      9   1.92189  2.01456  2.39544  0.46337      9 U - - :
          1.38629  1.38629  1.38629  1.38629
          0.05994  3.53731  3.53731  1.46634  0.26236  1.09861  0.40547
     10   0.36855  2.47461  2.27410  2.11050     10 A - - :
          1.38629  1.38629  1.38629  1.38629
          0.05994  3.53731  3.53731  1.46634  0.26236  1.09861  0.40547
     11   1.95204  0.52973  2.48699  1.68153     11 C - - :
          1.38629  1.38629  1.38629  1.38629
          0.05994  3.53731  3.53731  1.46634  0.26236  1.09861  0.40547
     12   2.11359  2.41103  0.36148  2.37696     12 G - - (
          1.38629  1.38629  1.38629  1.38629
          0.05994  3.53731  3.53731  1.46634  0.26236  1.09861  0.40547
     13   2.27560  1.42572  1.90838  0.67607     13 U - - (
          1.38629  1.38629  1.38629  1.38629
          0.05994  3.53731  3.53731  1.46634  0.26236  1.09861  0.40547
     14   2.48005  0.51715  2.12967  1.60362     14 C - - (
          1.38629  1.38629  1.38629  1.38629
          0.05994  3.53731  3.53731  1.46634  0.26236  1.09861  0.40547
     15   0.80591  1.99682  1.28393  1.96180     15 a - - (
          1.38629  1.38629  1.38629  1.38629
          0.05994  3.53731  3.53731  1.46634  0.26236  1.09861  0.40547
     16   0.36855  2.47461  2.27410  2.11050     16 A - - ,
          1.38629  1.38629  1.38629  1.38629
          0.05994  3.53731  3.53731  1.46634  0.26236  1.09861  0.40547
     17   0.36855  2.47461  2.27410  2.11050     17 A - - ,
          1.38629  1.38629  1.38629  1.38629
          0.05994  3.53731  3.53731  1.46634  0.26236  1.09861  0.40547
     18   0.36855  2.47461  2.27410  2.11050     18 A - - ,
          1.38629  1.38629  1.38629  1.38629
          0.05994  3.53731  3.53731  1.46634  0.26236  1.09861  0.40547
     19   2.27708  1.42558  1.90871  0.67575     19 U - - <
          1.38629  1.38629  1.38629  1.38629
          0.05994  3.53731  3.53731  1.46634  0.26236  1.09861  0.40547
     20   2.27706  1.27426  1.95761  0.74112     20 u - - <
          1.38629  1.38629  1.38629  1.38629
          0.05994  3.53731  3.53731  1.46634  0.26236  1.09861  0.40547
     21   2.48005  0.51715  2.12967  1.60362     21 C - - <
          1.38629  1.38629  1.38629  1.38629
          0.05994  3.53731  3.53731  1.46634  0.26236  1.09861  0.40547
     22   2.11110  2.40934  0.36251  2.37417     22 G - - <
          1.38629  1.38629  1.38629  1.38629
          0.05994  3.53731  3.53731  1.46634  0.26236  1.09861  0.40547
     23   2.27479  1.27459  1.95703  0.74158     23 u - - <
          1.38629  1.38629  1.38629  1.38629
          0.05994  3.53731  3.53731  1.46634  0.26236  1.09861  0.40547
     24   2.05026  2.43142  0.37231  2.36181     24 G - - <
          1.38629  1.38629  1.38629  1.38629
          0.05994  3.53731  3.53731  1.46634  0.26236  1.09861  0.40547
     25   2.44291  0.55859  2.11314  1.51312     25 C - - <
          1.38629  1.38629  1.38629  1.38629
          0.05994  3.53731  3.53731  1.46634  0.26236  1.09861  0.40547
     26   1.95204  0.52973  2.48699  1.68153     26 C - - -
          1.38629  1.38629  1.38629  1.38629
          0.05994  3.53731  3.53731  1.46634  0.26236  1.09861  0.40547
     27   2.04632  2.42834  0.37410  2.35703     27 G - - <
          1.38629  1.38629  1.38629  1.38629
          0.05994  3.53731  3.53731  1.46634  0.26236  1.09861  0.40547
     28   0.80631  1.99622  1.28424  1.96049     28 a - - <
          1.38629  1.38629  1.38629  1.38629
          0.05994  3.53731  3.53731  1.46634  0.26236  1.09861  0.40547
     29   0.80613  1.99649  1.28410  1.96107     29 a - - <
          1.38629  1.38629  1.38629  1.38629
          0.05994  3.53731  3.53731  1.46634  0.26236  1.09861  0.40547
     30   0.36855  2.47461  2.27410  2.11050     30 A - - _
          1.38629  1.38629  1.38629  1.38629
          0.05994  3.53731  3.53731  1.46634  0.26236  1.09861  0.40547
     31   1.92189  2.01456  2.39544  0.46337     31 U - - _
          1.38629  1.38629  1.38629  1.38629
          0.05994  3.53731  3.53731  1.46634  0.26236  1.09861  0.40547
     32   1.92189  2.01456  2.39544  0.46337     32 U - - _
          1.38629  1.38629  1.38629  1.38629
          0.05994  3.53731  3.53731  1.46634  0.26236  1.09861  0.40547
     33   1.88559  2.62061  0.40913  2.19574     33 G - - _
          1.38629  1.38629  1.38629  1.38629
          0.05994  3.53731  3.53731  1.46634  0.26236  1.09861  0.40547
     34   1.89056  0.59080  2.42495  1.57674     34 C - - _
          1.38629  1.38629  1.38629  1.38629
          0.05994  3.53731  3.53731  1.46634  0.26236  1.09861  0.40547
     35   1.88559  2.62061  0.40913  2.19574     35 G - - _
          1.38629  1.38629  1.38629  1.38629
          0.05994  3.53731  3.53731  1.46634  0.26236  1.09861  0.40547
     36   1.95204  0.52973  2.48699  1.68153     36 C - - _
          1.38629  1.38629  1.38629  1.38629
          0.05994  3.53731  3.53731  1.46634  0.26236  1.09861  0.40547
     37   1.88559  2.62061  0.40913  2.19574     37 G - - _
          1.38629  1.38629  1.38629  1.38629
          0.05994  3.53731  3.53731  1.46634  0.26236  1.09861  0.40547
     38   2.19655  1.49986  1.81646  0.68706     38 U - - >
          1.38629  1.38629  1.38629  1.38629
          0.05994  3.53731  3.53731  1.46634  0.26236  1.09861  0.40547
     39   2.19689  1.49983  1.81652  0.68698     39 U - - >
          1.38629  1.38629  1.38629  1.38629
          0.05994  3.53731  3.53731  1.46634  0.26236  1.09861  0.40547
     40   2.58751  0.43990  2.25663  1.73732     40 C - - >
          1.38629  1.38629  1.38629  1.38629
          0.05994  3.53731  3.53731  1.46634  0.26236  1.09861  0.40547
     41   1.92189  2.01456  2.39544  0.46337     41 U - - -
          1.38629  1.38629  1.38629  1.38629
          0.05994  3.53731  3.53731  1.46634  0.26236  1.09861  0.40547
     42   1.81288  2.27036  0.47313  2.20281     42 G - - >
          1.38629  1.38629  1.38629  1.38629
          0.05994  3.53731  3.53731  1.46634  0.26236  1.09861  0.40547
     43   2.58425  0.44060  2.25555  1.73681     43 C - - >
          1.38629  1.38629  1.38629  1.38629
          0.05994  3.53731  3.53731  1.46634  0.26236  1.09861  0.40547
     44   1.70472  2.12072  0.56688  2.03304     44 G - - >
          1.38629  1.38629  1.38629  1.38629
          0.05994  3.53731  3.53731  1.46634  0.26236  1.09861  0.40547
     45   2.59952  0.41968  2.23550  1.82326     45 C - - >
          1.38629  1.38629  1.38629  1.38629
          0.05994  3.53731  3.53731  1.46634  0.26236  1.09861  0.40547
     46   1.87237  2.28988  0.45008  2.23131     46 G - - >
          1.38629  1.38629  1.38629  1.38629
          0.05994  3.53731  3.53731  1.46634  0.26236  1.09861  0.40547
     47   1.70364  2.11989  0.56773  2.03160     47 G - - >
          1.38629  1.38629  1.38629  1.38629
          0.05994  3.53731  3.53731  1.46634  0.26236  1.09861  0.40547
     48   0.77827  2.07387  1.26239  2.02401     48 a - - >
          1.38629  1.38629  1.38629  1.38629
          0.05994  3.53731  3.53731  1.46634  0.26236  1.09861  0.40547
     49   0.80579  1.99699  1.28384  1.96217     49 a - - <
          1.38629  1.38629  1.38629  1.38629
          0.05994  3.53731  3.53731  1.46634  0.26236  1.09861  0.40547
     50   2.47835  0.50938  2.18767  1.59420     50 C - - <
          1.38629  1.38629  1.38629  1.38629
          0.05994  3.53731  3.53731  1.46634  0.26236  1.09861  0.40547
     51   0.87252  1.90830  1.29773  1.82872     51 a - - <
          1.38629  1.38629  1.38629  1.38629
          0.05994  3.53731  3.53731  1.46634  0.26236  1.09861  0.40547
     52   2.35678  0.53285  1.96492  1.72498     52 C - - <
          1.38629  1.38629  1.38629  1.38629
          0.05994  3.53731  3.53731  1.46634  0.26236  1.09861  0.40547
     53   1.88559  2.62061  0.40913  2.19574     53 G - - _
          1.38629  1.38629  1.38629  1.38629
          0.05994  3.53731  3.53731  1.46634  0.26236  1.09861  0.40547
     54   1.92189  2.01456  2.39544  0.46337     54 U - - _
          1.38629  1.38629  1.38629  1.38629
          0.05994  3.53731  3.53731  1.46634  0.26236  1.09861  0.40547
     55   0.36855  2.47461  2.27410  2.11050     55 A - - _
          1.38629  1.38629  1.38629  1.38629
          0.05994  3.53731  3.53731  1.46634  0.26236  1.09861  0.40547
     56   1.92189  2.01456  2.39544  0.46337     56 U - - _
          1.38629  1.38629  1.38629  1.38629
          0.05994  3.53731  3.53731  1.46634  0.26236  1.09861  0.40547
     57   0.36855  2.47461  2.27410  2.11050     57 A - - _
          1.38629  1.38629  1.38629  1.38629
          0.05994  3.53731  3.53731  1.46634  0.26236  1.09861  0.40547
     58   1.95204  0.52973  2.48699  1.68153     58 C - - _
          1.38629  1.38629  1.38629  1.38629
          0.05994  3.53731  3.53731  1.46634  0.26236  1.09861  0.40547
     59   1.92189  2.01456  2.39544  0.46337     59 U - - _
          1.38629  1.38629  1.38629  1.38629
          0.05994  3.53731  3.53731  1.46634  0.26236  1.09861  0.40547
     60   1.92189  2.01456  2.39544  0.46337     60 U - - _
          1.38629  1.38629  1.38629  1.38629
          0.05994  3.53731  3.53731  1.46634  0.26236  1.09861  0.40547
     61   1.92189  2.01456  2.39544  0.46337     61 U - - _
          1.38629  1.38629  1.38629  1.38629
          0.05994  3.53731  3.53731  1.46634  0.26236  1.09861  0.40547
     62   1.95204  0.52973  2.48699  1.68153     62 C - - _
          1.38629  1.38629  1.38629  1.38629
          0.05994  3.53731  3.53731  1.46634  0.26236  1.09861  0.40547
     63   0.73516  1.98873  1.99925  1.39327     63 a - - _
          1.38629  1.38629  1.38629  1.38629
          0.05994  3.53731  3.53731  1.46634  0.26236  1.09861  0.40547
     64   1.96934  2.17974  0.46343  2.13487     64 G - - >
          1.38629  1.38629  1.38629  1.38629
          0.05994  3.53731  3.53731  1.46634  0.26236  1.09861  0.40547
     65   2.02152  1.49161  1.72561  0.76686     65 u - - >
          1.38629  1.38629  1.38629  1.38629
          0.05994  3.53731  3.53731  1.46634  0.26236  1.09861  0.40547
     66   1.82102  2.34674  0.45115  2.24845     66 G - - >
          1.38629  1.38629  1.38629  1.38629
          0.05994  3.53731  3.53731  1.46634  0.26236  1.09861  0.40547
     67   2.20071  1.49955  1.81722  0.68604     67 U - - >
          1.38629  1.38629  1.38629  1.38629
          0.05994  3.53731  3.53731  1.46634  0.26236  1.09861  0.40547
     68   2.19499  1.49997  1.81618  0.68745     68 U - - )
          1.38629  1.38629  1.38629  1.38629
          0.05994  3.53731  3.53731  1.46634  0.26236  1.09861  0.40547
     69   1.87237  2.28988  0.45008  2.23131     69 G - - )
          1.38629  1.38629  1.38629  1.38629
          0.05994  3.53731  3.53731  1.46634  0.26236  1.09861  0.40547
     70   0.77771  2.07485  1.26196  2.02593     70 a - - )
          1.38629  1.38629  1.38629  1.38629
          0.05994  3.53731  3.53731  1.46634  0.26236  1.09861  0.40547
     71   2.58904  0.42192  2.23220  1.82121     71 C - - )
          1.38629  1.38629  1.38629  1.38629
          0.05994  3.53731  3.53731  1.46634  0.26236  1.09861  0.40547
     72   0.36855  2.47461  2.27410  2.11050     72 A - - ,
          1.38629  1.38629  1.38629  1.38629
          0.05994  3.53731  3.53731  1.46634  0.26236  1.09861  0.40547
     73   1.70474  1.87392  2.09151  0.61404     73 U - - ,
          1.38629  1.38629  1.38629  1.38629
          0.05994  3.53731  3.53731  1.46634  0.26236  1.09861  0.40547
     74   0.36855  2.47461  2.27410  2.11050     74 A - - ,
          1.38629  1.38629  1.38629  1.38629
          0.05994  3.53731  3.53731  1.46634  0.26236  1.09861  0.40547
     75   0.36855  2.47461  2.27410  2.11050     75 A - - ,
          1.38629  1.38629  1.38629  1.38629
          0.05994  3.53731  3.53731  1.46634  0.26236  1.09861  0.40547
     76   1.92189  2.01456  2.39544  0.46337     76 U - - ,
          1.38629  1.38629  1.38629  1.38629
          0.05994  3.53731  3.53731  1.46634  0.26236  1.09861  0.40547
     77   0.51711  2.15280  2.10870  1.79455     77 A - - ,
          1.38629  1.38629  1.38629  1.38629
          0.05994  3.53731  3.53731  1.46634  0.26236  1.09861  0.40547
     78   2.44905  0.55681  2.11519  1.51422     78 C - - <
          1.38629  1.38629  1.38629  1.38629
          0.05994  3.53731  3.53731  1.46634  0.26236  1.09861  0.40547
     79   0.80568  1.99715  1.28376  1.96252     79 a - - <
          1.38629  1.38629  1.38629  1.38629
          0.05994  3.53731  3.53731  1.46634  0.26236  1.09861  0.40547
     80   2.11167  2.40972  0.36227  2.37480     80 G - - <
          1.38629  1.38629  1.38629  1.38629
          0.05994  3.53731  3.53731  1.46634  0.26236  1.09861  0.40547
     81   2.18297  1.26699  1.87664  0.79294     81 u - - <
          1.38629  1.38629  1.38629  1.38629
          0.05994  3.53731  3.53731  1.46634  0.26236  1.09861  0.40547
     82   1.88559  2.62061  0.40913  2.19574     82 G - - -
          1.38629  1.38629  1.38629  1.38629
          0.05994  3.53731  3.53731  1.46634  0.26236  1.09861  0.40547
     83   2.24848  1.26592  1.94075  0.75744     83 u - - <
          1.38629  1.38629  1.38629  1.38629
          0.05994  3.53731  3.53731  1.46634  0.26236  1.09861  0.40547
     84   1.90209  2.32950  0.43760  2.22732     84 G - - <
          1.38629  1.38629  1.38629  1.38629
          0.05994  3.53731  3.53731  1.46634  0.26236  1.09861  0.40547
     85   2.47654  0.51799  2.12864  1.60321     85 C - - <
          1.38629  1.38629  1.38629  1.38629
          0.05994  3.53731  3.53731  1.46634  0.26236  1.09861  0.40547
     86   2.27363  1.27476  1.95673  0.74182     86 u - - <
          1.38629  1.38629  1.38629  1.38629
          0.05994  3.53731  3.53731  1.46634  0.26236  1.09861  0.40547
     87   2.16943  1.31036  1.85263  0.77824     87 u - - <
          1.38629  1.38629  1.38629  1.38629
          0.07165  3.53731  3.21751  1.46634  0.26236  1.09861  0.40547
     88   1.90490  2.00138  2.37683  0.47294     88 U - - -
          1.38629  1.38629  1.38629  1.38629
          0.06063  3.52628  3.52628  1.46634  0.26236  0.89715  0.52380
     89   2.10649  2.40621  0.36441  2.36900     89 G - - <
          1.38629  1.38629  1.38629  1.38629
          0.05994  3.53731  3.53731  1.46634  0.26236  1.09861  0.40547
     90   2.47424  0.51854  2.12795  1.60295     90 C - - <
          1.38629  1.38629  1.38629  1.38629
          0.05994  3.53731  3.53731  1.46634  0.26236  1.09861  0.40547
     91   2.00968  2.40617  0.38842  2.32606     91 G - - <
          1.38629  1.38629  1.38629  1.38629
          0.05994  3.53731  3.53731  1.46634  0.26236  1.09861  0.40547
     92   2.10934  2.40814  0.36323  2.37220     92 G - - <
          1.38629  1.38629  1.38629  1.38629
          0.05994  3.53731  3.53731  1.46634  0.26236  1.09861  0.40547
     93   2.27317  1.27483  1.95661  0.74192     93 u - - <
          1.38629  1.38629  1.38629  1.38629
          0.05994  3.53731  3.53731  1.46634  0.26236  1.09861  0.40547
     94   2.27170  1.42610  1.90751  0.67694     94 U - - <
          1.38629  1.38629  1.38629  1.38629
          0.05994  3.53731  3.53731  1.46634  0.26236  1.09861  0.40547
     95   0.36855  2.47461  2.27410  2.11050     95 A - - _
          1.38629  1.38629  1.38629  1.38629
          0.05994  3.53731  3.53731  1.46634  0.26236  1.09861  0.40547
     96   1.95204  0.52973  2.48699  1.68153     96 C - - _
          1.38629  1.38629  1.38629  1.38629
          0.05994  3.53731  3.53731  1.46634  0.26236  1.09861  0.40547
     97   1.95204  0.52973  2.48699  1.68153     97 C - - _
          1.38629  1.38629  1.38629  1.38629
          0.05994  3.53731  3.53731  1.46634  0.26236  1.09861  0.40547
     98   0.77751  2.07521  1.26181  2.02663     98 a - - >
          1.38629  1.38629  1.38629  1.38629
          0.05994  3.53731  3.53731  1.46634  0.26236  1.09861  0.40547
     99   1.70400  2.12017  0.56745  2.03208     99 G - - >
          1.38629  1.38629  1.38629  1.38629
          0.05994  3.53731  3.53731  1.46634  0.26236  1.09861  0.40547
    100   2.59529  0.42059  2.23417  1.82243    100 C - - >
          1.38629  1.38629  1.38629  1.38629
          0.05994  3.53731  3.53731  1.46634  0.26236  1.09861  0.40547
    101   2.54300  0.46853  2.22746  1.67318    101 C - - >
          1.38629  1.38629  1.38629  1.38629
          0.05994  3.53731  3.53731  1.46634  0.26236  1.09861  0.40547
    102   1.86848  2.28673  0.45242  2.22606    102 G - - >
          1.38629  1.38629  1.38629  1.38629
          0.05994  3.53731  3.53731  1.46634  0.26236  1.09861  0.40547
    103   2.57563  0.42482  2.22794  1.81855    103 C - - >
          1.38629  1.38629  1.38629  1.38629
          0.05994  3.53731  3.53731  1.46634  0.26236  1.09861  0.40547
    104   1.02377  2.01085  1.01241  1.94111    104 g - - >
          1.38629  1.38629  1.38629  1.38629
          0.05994  3.53731  3.53731  1.46634  0.26236  1.09861  0.40547
    105   1.70405  2.12021  0.56741  2.03214    105 G - - >
          1.38629  1.38629  1.38629  1.38629
          0.05994  3.53731  3.53731  1.46634  0.26236  1.09861  0.40547
    106   1.87124  2.28897  0.45075  2.22979    106 G - - >
          1.38629  1.38629  1.38629  1.38629
          0.05994  3.53731  3.53731  1.46634  0.26236  1.09861  0.40547
    107   2.44671  0.51469  2.14712  1.61488    107 C - - >
          1.38629  1.38629  1.38629  1.38629
          0.05994  3.53731  3.53731  1.46634  0.26236  1.09861  0.40547
    108   1.60019  2.09828  0.61321  2.01090    108 G - - >
          1.38629  1.38629  1.38629  1.38629
          0.05994  3.53731  3.53731  1.46634  0.26236  1.09861  0.40547
    109   1.39815  2.03455  0.73327  1.95284    109 g - - >
          1.38629  1.38629  1.38629  1.38629
          0.05994  3.53731  3.53731  1.46634  0.26236  1.09861  0.40547
    110   2.59825  0.41995  2.23510  1.82301    110 C - - >
          1.38629  1.38629  1.38629  1.38629
          0.05994  3.53731  3.53731  1.46634  0.26236  1.09861  0.40547
    111   2.19257  1.50015  1.81573  0.68805    111 U - - >
          1.38629  1.38629  1.38629  1.38629
          0.05994  3.53731  3.53731  1.46634  0.26236  1.09861  0.40547
    112   1.81018  2.26798  0.47497  2.19867    112 G - - >
          1.38629  1.38629  1.38629  1.38629
          0.05994  3.53731  3.53731  1.46634  0.26236  1.09861  0.40547
    113   0.36855  2.47461  2.27410  2.11050    113 A - - ,
          1.38629  1.38629  1.38629  1.38629
          0.05994  3.53731  3.53731  1.46634  0.26236  1.09861  0.40547
    114   1.69447  0.93850  2.21571  1.15197    114 c - - ,
          1.38629  1.38629  1.38629  1.38629
          0.05994  3.53731  3.53731  1.46634  0.26236  1.09861  0.40547
    115   1.65712  2.15182  0.56817  2.06770    115 G - - <
          1.38629  1.38629  1.38629  1.38629
          0.05994  3.53731  3.53731  1.46634  0.26236  1.09861  0.40547
    116   0.80597  1.99672  1.28398  1.96158    116 a - - <
          1.38629  1.38629  1.38629  1.38629
          0.05994  3.53731  3.53731  1.46634  0.26236  1.09861  0.40547
    117   0.80594  1.99677  1.28396  1.96168    117 a - - <
          1.38629  1.38629  1.38629  1.38629
          0.05994  3.53731  3.53731  1.46634  0.26236  1.09861  0.40547
    118   0.80596  1.99674  1.28397  1.96162    118 a - - <
          1.38629  1.38629  1.38629  1.38629
          0.05994  3.53731  3.53731  1.46634  0.26236  1.09861  0.40547
    119   2.22860  0.65328  1.92391  1.48745    119 C - - <
          1.38629  1.38629  1.38629  1.38629
          0.05994  3.53731  3.53731  1.46634  0.26236  1.09861  0.40547
    120   2.47774  0.51770  2.12899  1.60335    120 C - - <
          1.38629  1.38629  1.38629  1.38629
          0.05994  3.53731  3.53731  1.46634  0.26236  1.09861  0.40547
    121   2.27403  1.27470  1.95683  0.74174    121 u - - <
          1.38629  1.38629  1.38629  1.38629
          0.05994  3.53731  3.53731  1.46634  0.26236  1.09861  0.40547
    122   2.47701  0.51788  2.12877  1.60327    122 C - - <
          1.38629  1.38629  1.38629  1.38629
          0.05994  3.53731  3.53731  1.46634  0.26236  1.09861  0.40547
    123   2.10971  2.40840  0.36308  2.37261    123 G - - <
          1.38629  1.38629  1.38629  1.38629
          0.05994  3.53731  3.53731  1.46634  0.26236  1.09861  0.40547
    124   2.47646  0.51801  2.12861  1.60321    124 C - - <
          1.38629  1.38629  1.38629  1.38629
          0.05994  3.53731  3.53731  1.46634  0.26236  1.09861  0.40547
    125   1.62061  1.88145  2.17528  0.62310    125 U - - _
          1.38629  1.38629  1.38629  1.38629
          0.05994  3.53731  3.53731  1.46634  0.26236  1.09861  0.40547
    126   1.95204  0.52973  2.48699  1.68153    126 C - - _
          1.38629  1.38629  1.38629  1.38629
          0.05994  3.53731  3.53731  1.46634  0.26236  1.09861  0.40547
    127   1.95204  0.52973  2.48699  1.68153    127 C - - _
          1.38629  1.38629  1.38629  1.38629
          0.08440  3.53731  2.95954  1.46634  0.26236  1.09861  0.40547
    128   1.84238  2.56787  0.43438  2.14389    128 G - - _
          1.38629  1.38629  1.38629  1.38629
          0.06138  3.51429  3.51429  1.46634  0.26236  0.75250  0.63712
    129   1.87257  2.29005  0.44996  2.23159    129 G - - >
          1.38629  1.38629  1.38629  1.38629
          0.05994  3.53731  3.53731  1.46634  0.26236  1.09861  0.40547
    130   2.59920  0.41975  2.23540  1.82320    130 C - - >
          1.38629  1.38629  1.38629  1.38629
          0.05994  3.53731  3.53731  1.46634  0.26236  1.09861  0.40547
    131   1.87280  2.29024  0.44982  2.23190    131 G - - >
          1.38629  1.38629  1.38629  1.38629
          0.05994  3.53731  3.53731  1.46634  0.26236  1.09861  0.40547
    132   1.70474  2.12074  0.56686  2.03307    132 G - - >
          1.38629  1.38629  1.38629  1.38629
          0.05994  3.53731  3.53731  1.46634  0.26236  1.09861  0.40547
    133   1.87308  2.29046  0.44966  2.23227    133 G - - >
          1.38629  1.38629  1.38629  1.38629
          0.05994  3.53731  3.53731  1.46634  0.26236  1.09861  0.40547
    134   1.74002  2.08798  0.58933  1.92519    134 G - - >
          1.38629  1.38629  1.38629  1.38629
          0.05994  3.53731  3.53731  1.46634  0.26236  1.09861  0.40547
    135   2.19583  1.49991  1.81633  0.68724    135 U - - >
          1.38629  1.38629  1.38629  1.38629
          0.05994  3.53731  3.53731  1.46634  0.26236  1.09861  0.40547
    136   2.19571  1.49992  1.81631  0.68727    136 U - - >
          1.38629  1.38629  1.38629  1.38629
          0.05994  3.53731  3.53731  1.46634  0.26236  1.09861  0.40547
    137   2.19507  1.49997  1.81619  0.68743    137 U - - >
          1.38629  1.38629  1.38629  1.38629
          0.05994  3.53731  3.53731  1.46634  0.26236  1.09861  0.40547
    138   2.29116  1.32175  1.96433  0.70941    138 u - - >
          1.38629  1.38629  1.38629  1.38629
          0.05994  3.53731  3.53731  1.46634  0.26236  1.09861  0.40547
    139   1.92189  2.01456  2.39544  0.46337    139 U - - :
          1.38629  1.38629  1.38629  1.38629
          0.08455  3.53731  2.95690  1.46634  0.26236  1.09861  0.40547
    140   1.88630  1.98703  2.35644  0.48368    140 U - - :
          1.38629  1.38629  1.38629  1.38629
          0.03117  3.48393        *  1.46634  0.26236  0.00000        *
//
