INFERNAL1/a [1.1.2 | July 2016]
NAME     t_nt_tisb_istr_round5_0001
STATES   258
NODES    76
CLEN     83
W        99
ALPH     RNA
RF       no
CONS     yes
MAP      yes
DATE     Tue Dec 17 09:04:34 2019
COM      [1] cmbuild /home/co78wid/projects/master/results/ta_systems/tisb_istr/2_structure_analysis/infernal_search/t_nt_tisb_istr_cmbuild.txt /home/co78wid/projects/master/results/ta_systems/tisb_istr/1_sequence_analysis/fold/t_nt_tisb_istr_round5.stk
COM      [2] cmcalibrate --cpu 20 /home/co78wid/projects/master/results/ta_systems/tisb_istr/2_structure_analysis/infernal_search/t_nt_tisb_istr_cmbuild.txt
PBEGIN   0.05
PEND     0.05
WBETA    1e-07
QDBBETA1 1e-07
QDBBETA2 1e-15
N2OMEGA  1.52588e-05
N3OMEGA  1.52588e-05
ELSELF   -0.08926734
NSEQ     48
EFFN     1.596680
CKSUM    2282078432
NULL     0.000  0.000  0.000  0.000 
EFP7GF   -7.1816 0.71869
ECMLC    0.66838    -6.07819     2.35490     1600000      336587  0.003565
ECMGC    0.38901   -14.93989    -3.04076     1600000       40958  0.009766
ECMLI    0.62653    -4.24835     4.17090     1600000      234455  0.005118
ECMGI    0.42910    -9.81777     0.80217     1600000       38119  0.010493
CM
                                             [ ROOT    0 ]      -      - - - - -
     S     0    -1 0     1     4     0     1    99   120  -6.805  -7.012  -0.094  -4.430                 
    IL     1     1 2     1     4     7    38   103   124  -1.686  -2.369  -1.117  -4.855                  0.000  0.000  0.000  0.000 
    IR     2     2 3     2     3     6    38   102   123  -1.442  -0.798  -4.142                          0.000  0.000  0.000  0.000 
                                             [ MATL    1 ]      1      - A - - -
    ML     3     2 3     5     3     7    38    99   120  -7.801  -0.023  -6.455                          1.638 -2.045 -1.710 -1.557 
     D     4     2 3     5     3     3    33    98   118  -6.413  -1.926  -0.464                         
    IL     5     5 3     5     3     6    37   101   122  -1.442  -0.798  -4.142                          0.000  0.000  0.000  0.000 
                                             [ MATL    2 ]      2      - U - - -
    ML     6     5 3     8     3     7    37    98   119  -7.801  -0.023  -6.455                         -1.190 -1.240 -1.907  1.522 
     D     7     5 3     8     3     2    32    97   117  -6.413  -1.926  -0.464                         
    IL     8     8 3     8     3     5    36   100   121  -1.442  -0.798  -4.142                          0.000  0.000  0.000  0.000 
                                             [ MATL    3 ]      3      - G - - -
    ML     9     8 3    11     3     6    36    97   118  -7.801  -0.023  -6.455                         -1.231 -2.393  1.629 -1.778 
     D    10     8 3    11     3     2    31    96   116  -6.413  -1.926  -0.464                         
    IL    11    11 3    11     3     5    36    99   120  -1.442  -0.798  -4.142                          0.000  0.000  0.000  0.000 
                                             [ MATL    4 ]      4      - A - - -
    ML    12    11 3    14     3     6    35    96   116  -7.801  -0.023  -6.455                          1.369 -1.526 -0.804 -1.006 
     D    13    11 3    14     3     2    31    95   115  -6.413  -1.926  -0.464                         
    IL    14    14 3    14     3     5    35    98   119  -1.442  -0.798  -4.142                          0.000  0.000  0.000  0.000 
                                             [ MATL    5 ]      5      - G - - -
    ML    15    14 3    17     3     6    34    95   115  -7.801  -0.023  -6.455                         -0.816 -2.091  1.506 -1.483 
     D    16    14 3    17     3     2    30    94   114  -6.413  -1.926  -0.464                         
    IL    17    17 3    17     3     5    34    97   117  -1.442  -0.798  -4.142                          0.000  0.000  0.000  0.000 
                                             [ MATL    6 ]      6      - C - - -
    ML    18    17 3    20     3     5    33    94   114  -7.801  -0.023  -6.455                         -0.965  1.360 -1.849 -0.638 
     D    19    17 3    20     3     1    30    93   113  -6.413  -1.926  -0.464                         
    IL    20    20 3    20     3     4    33    96   116  -1.442  -0.798  -4.142                          0.000  0.000  0.000  0.000 
                                             [ MATL    7 ]      7      - g - - -
    ML    21    20 3    23     3     5    33    93   113  -7.801  -0.023  -6.455                         -0.127  0.110  0.175 -0.191 
     D    22    20 3    23     3     1    29    92   112  -6.413  -1.926  -0.464                         
    IL    23    23 3    23     3     4    32    95   115  -1.442  -0.798  -4.142                          0.000  0.000  0.000  0.000 
                                             [ MATL    8 ]      8      - U - - -
    ML    24    23 3    26     3     4    32    92   112  -7.801  -0.023  -6.455                         -0.593 -0.848 -0.982  1.186 
     D    25    23 3    26     3     1    29    91   111  -6.413  -1.926  -0.464                         
    IL    26    26 3    26     3     4    32    94   114  -1.442  -0.798  -4.142                          0.000  0.000  0.000  0.000 
                                             [ MATL    9 ]      9      - a - - -
    ML    27    26 3    29     3     3    31    91   111  -7.801  -0.023  -6.455                          0.276  0.083 -0.422 -0.023 
     D    28    26 3    29     3     1    28    90   110  -6.413  -1.267  -0.804                         
    IL    29    29 3    29     3     3    31    93   113  -1.442  -0.798  -4.142                          0.000  0.000  0.000  0.000 
                                             [ MATL   10 ]     10      - G - - -
    ML    30    29 3    32     3     3    30    90   110  -7.832  -0.023  -6.486                         -0.940 -2.212  1.553 -1.604 
     D    31    29 3    32     3     0    27    89   109  -6.174  -1.687  -0.566                         
    IL    32    32 3    32     3     3    30    92   112  -1.442  -0.798  -4.142                          0.000  0.000  0.000  0.000 
                                             [ MATL   11 ]     11      - U - - -
    ML    33    32 3    35     3     2    29    89   109  -8.231  -0.359  -2.204                         -1.245 -1.285 -1.965  1.542 
     D    34    32 3    35     3     0    27    88   108  -5.620  -0.734  -1.403                         
    IL    35    35 3    35     3     2    30    90   110  -1.925  -0.554  -4.164                          0.000  0.000  0.000  0.000 
                                             [ MATR   12 ]      -     83 - U - -
    MR    36    35 3    38     3     3    30    88   108  -7.898  -0.026  -6.215                         -0.641 -0.805 -1.311  1.253 
     D    37    35 3    38     3     0    25    86   106  -7.757  -2.935  -0.210                         
    IR    38    38 3    38     3     2    29    89   109  -1.925  -0.554  -4.164                          0.000  0.000  0.000  0.000 
                                             [ MATR   13 ]      -     82 - c - -
    MR    39    38 3    41     3     2    29    87   107  -7.898  -0.026  -6.215                         -0.110  0.490 -0.545 -0.024 
     D    40    38 3    41     3     0    25    86   106  -7.757  -0.560  -1.658                         
    IR    41    41 3    41     3     2    28    88   108  -1.925  -0.554  -4.164                          0.000  0.000  0.000  0.000 
                                             [ MATR   14 ]      -     81 - C - -
    MR    42    41 3    44     3     2    28    86   106  -8.200  -0.021  -6.517                         -1.345  1.497 -2.152 -0.841 
     D    43    41 3    44     3     0    23    84   104  -6.612  -1.790  -0.513                         
    IR    44    44 3    44     3     1    27    87   107  -1.925  -0.554  -4.164                          0.000  0.000  0.000  0.000 
                                             [ MATR   15 ]      -     80 - A - -
    MR    45    44 3    47     3     2    27    85   105  -8.200  -0.021  -6.517                          1.636 -2.039 -1.704 -1.550 
     D    46    44 3    47     3     0    22    83   103  -6.612  -1.790  -0.513                         
    IR    47    47 3    47     3     1    27    86   106  -1.925  -0.554  -4.164                          0.000  0.000  0.000  0.000 
                                             [ MATR   16 ]      -     79 - U - -
    MR    48    47 3    50     3     2    26    84   104  -8.200  -0.021  -6.517                         -1.185 -1.235 -1.901  1.520 
     D    49    47 3    50     3     0    21    82   102  -6.612  -1.790  -0.513                         
    IR    50    50 3    50     3     1    26    85   105  -1.925  -0.554  -4.164                          0.000  0.000  0.000  0.000 
                                             [ MATR   17 ]      -     78 - A - -
    MR    51    50 3    53     3     2    26    83   103  -8.200  -0.021  -6.517                          1.497 -1.718 -1.173 -1.217 
     D    52    50 3    53     3     0    21    81   101  -6.612  -1.790  -0.513                         
    IR    53    53 3    53     3     1    25    84   104  -1.925  -0.554  -4.164                          0.000  0.000  0.000  0.000 
                                             [ MATR   18 ]      -     77 - A - -
    MR    54    53 3    56     3     2    25    82   102  -8.200  -0.021  -6.517                          1.636 -2.039 -1.704 -1.550 
     D    55    53 3    56     3     0    20    80   100  -6.612  -1.790  -0.513                         
    IR    56    56 3    56     3     1    24    83   103  -1.925  -0.554  -4.164                          0.000  0.000  0.000  0.000 
                                             [ MATR   19 ]      -     76 - A - -
    MR    57    56 3    59     3     1    24    81   101  -8.200  -0.021  -6.517                          1.636 -2.039 -1.704 -1.550 
     D    58    56 3    59     3     0    19    79    99  -6.612  -1.790  -0.513                         
    IR    59    59 3    59     3     1    24    82   102  -1.925  -0.554  -4.164                          0.000  0.000  0.000  0.000 
                                             [ MATR   20 ]      -     75 - G - -
    MR    60    59 3    62     3     1    23    80   100  -8.200  -0.021  -6.517                         -1.225 -2.385  1.626 -1.770 
     D    61    59 3    62     3     0    19    78    98  -6.612  -1.790  -0.513                         
    IR    62    62 3    62     3     1    23    81   101  -1.925  -0.554  -4.164                          0.000  0.000  0.000  0.000 
                                             [ MATR   21 ]      -     74 - U - -
    MR    63    62 3    65     3     1    22    79    99  -8.200  -0.021  -6.517                         -1.185 -1.235 -1.901  1.520 
     D    64    62 3    65     3     0    18    77    97  -6.612  -1.790  -0.513                         
    IR    65    65 3    65     3     1    22    80   100  -1.925  -0.554  -4.164                          0.000  0.000  0.000  0.000 
                                             [ MATR   22 ]      -     73 - C - -
    MR    66    65 3    68     3     1    21    78    98  -8.200  -0.021  -6.517                         -1.188  1.408 -1.994 -0.610 
     D    67    65 3    68     3     0    17    76    96  -6.612  -1.790  -0.513                         
    IR    68    68 3    68     3     1    21    79    99  -1.925  -0.554  -4.164                          0.000  0.000  0.000  0.000 
                                             [ MATR   23 ]      -     72 - u - -
    MR    69    68 3    71     3     1    20    77    97  -8.200  -0.021  -6.517                         -0.582  0.209 -1.334  0.831 
     D    70    68 3    71     3     0    17    75    95  -6.612  -1.790  -0.513                         
    IR    71    71 3    71     3     1    20    78    98  -1.925  -0.554  -4.164                          0.000  0.000  0.000  0.000 
                                             [ MATR   24 ]      -     71 - U - -
    MR    72    71 3    74     3     1    20    76    96  -8.200  -0.021  -6.517                         -1.185 -1.235 -1.901  1.520 
     D    73    71 3    74     3     0    16    74    94  -6.612  -1.790  -0.513                         
    IR    74    74 3    74     3     1    19    77    97  -1.925  -0.554  -4.164                          0.000  0.000  0.000  0.000 
                                             [ MATR   25 ]      -     70 - G - -
    MR    75    74 3    77     3     1    19    75    95  -8.200  -0.021  -6.517                         -1.225 -2.385  1.626 -1.770 
     D    76    74 3    77     3     0    16    74    94  -6.612  -1.211  -0.842                         
    IR    77    77 3    77     3     1    19    76    96  -1.925  -0.554  -4.164                          0.000  0.000  0.000  0.000 
                                             [ MATR   26 ]      -     69 - u - -
    MR    78    77 3    80     3     1    18    74    94  -8.231  -0.020  -6.549                         -0.645 -0.008 -1.390  0.989 
     D    79    77 3    80     3     0    15    72    92  -6.390  -1.568  -0.620                         
    IR    80    80 3    80     3     1    18    75    95  -1.925  -0.554  -4.164                          0.000  0.000  0.000  0.000 
                                             [ MATR   27 ]      -     68 - C - -
    MR    81    80 3    83     3     1    17    73    93  -8.231  -0.020  -6.549                         -1.425  1.526 -2.236 -0.904 
     D    82    80 3    83     3     0    14    72    91  -6.390  -1.568  -0.620                         
    IR    83    83 3    83     3     1    17    74    94  -1.925  -0.554  -4.164                          0.000  0.000  0.000  0.000 
                                             [ MATR   28 ]      -     67 - G - -
    MR    84    83 3    86     3     1    16    72    92  -8.231  -0.020  -6.549                         -1.048 -2.292  1.585 -1.683 
     D    85    83 3    86     3     0    14    71    91  -6.390  -1.568  -0.620                         
    IR    86    86 3    86     3     1    16    73    93  -1.925  -0.554  -4.164                          0.000  0.000  0.000  0.000 
                                             [ MATR   29 ]      -     66 - U - -
    MR    87    86 3    89     2     1    15    71    91  -8.196  -0.005                                 -1.245 -1.285 -1.965  1.542 
     D    88    86 3    89     2     0    14    70    90  -4.432  -0.068                                 
    IR    89    89 3    89     2     1    15    72    92  -1.823  -0.479                                  0.000  0.000  0.000  0.000 
                                             [ BIF    30 ]      -      - - - - -
     B    90    89 3    91   153     0    14    70    90                                                 
                                             [ BEGL   31 ]      -      - - - - -
     S    91    90 1    92     4     0     0    34    53  -0.047  -6.763  -6.170  -6.810                 
                                             [ MATP   32 ]     12     31 G C - -
    MP    92    91 1    96     6     2     2    34    53  -9.054  -8.994  -0.022  -7.770  -8.050  -8.445 -4.487 -2.973 -4.566  0.367 -4.873 -4.591 -0.300 -4.787 -4.156  3.570 -4.512 -0.664 -0.693 -4.299 -2.324 -3.447 
    ML    93    91 1    96     6     1     1    33    52  -6.250  -6.596  -1.310  -1.005  -6.446  -3.975  0.368 -0.385 -0.191  0.094 
    MR    94    91 1    96     6     1     1    33    52  -6.988  -5.717  -1.625  -5.695  -0.829  -3.908  0.368 -0.385 -0.191  0.094 
     D    95    91 1    96     6     0     0    30    50  -9.049  -7.747  -3.544  -4.226  -4.244  -0.319 
    IL    96    96 5    96     6     1     1    34    53  -2.579  -2.842  -0.760  -4.497  -5.274  -4.934  0.000  0.000  0.000  0.000 
    IR    97    97 6    97     5     1     1    34    53  -2.408  -0.496  -5.920  -4.087  -5.193          0.000  0.000  0.000  0.000 
                                             [ MATP   33 ]     13     30 G C - -
    MP    98    97 6   102     6     2     2    32    51  -9.054  -8.994  -0.022  -7.770  -8.050  -8.445 -4.221 -2.206 -4.280  0.554 -4.761 -4.468 -0.211 -4.614 -4.029  3.503 -4.393 -0.528 -0.525 -4.059 -2.208 -3.200 
    ML    99    97 6   102     6     1     1    31    50  -6.250  -6.596  -1.310  -1.005  -6.446  -3.975  0.368 -0.385 -0.191  0.094 
    MR   100    97 6   102     6     1     1    31    50  -6.988  -5.717  -1.625  -5.695  -0.829  -3.908  0.368 -0.385 -0.191  0.094 
     D   101    97 6   102     6     0     0    29    48  -9.049  -7.747  -3.544  -4.226  -4.244  -0.319 
    IL   102   102 5   102     6     1     1    32    51  -2.579  -2.842  -0.760  -4.497  -5.274  -4.934  0.000  0.000  0.000  0.000 
    IR   103   103 6   103     5     1     1    32    51  -2.408  -0.496  -5.920  -4.087  -5.193          0.000  0.000  0.000  0.000 
                                             [ MATP   34 ]     14     29 A U - -
    MP   104   103 6   108     6     2     2    30    49  -9.054  -8.994  -0.022  -7.770  -8.050  -8.445 -3.580 -2.668 -3.613  3.174 -3.848 -4.893  0.439 -3.667 -3.515  1.307 -4.052 -0.181  0.020 -4.115 -1.503 -2.461 
    ML   105   103 6   108     6     1     1    29    48  -6.250  -6.596  -1.310  -1.005  -6.446  -3.975  0.368 -0.385 -0.191  0.094 
    MR   106   103 6   108     6     1     1    29    48  -6.988  -5.717  -1.625  -5.695  -0.829  -3.908  0.368 -0.385 -0.191  0.094 
     D   107   103 6   108     6     0     0    27    46  -9.049  -7.747  -3.544  -4.226  -4.244  -0.319 
    IL   108   108 5   108     6     1     1    30    49  -2.579  -2.842  -0.760  -4.497  -5.274  -4.934  0.000  0.000  0.000  0.000 
    IR   109   109 6   109     5     1     1    30    49  -2.408  -0.496  -5.920  -4.087  -5.193          0.000  0.000  0.000  0.000 
                                             [ MATP   35 ]     15     28 u a - -
    MP   110   109 6   114     6     2     2    28    47  -9.054  -8.994  -0.022  -7.770  -8.050  -8.445 -2.914 -2.855 -3.000  0.754 -2.490 -3.785  1.677 -3.006 -2.262  0.936 -3.532 -0.961  2.662 -3.161 -0.104 -1.994 
    ML   111   109 6   114     6     1     1    28    47  -6.250  -6.596  -1.310  -1.005  -6.446  -3.975  0.368 -0.385 -0.191  0.094 
    MR   112   109 6   114     6     1     1    28    47  -6.988  -5.717  -1.625  -5.695  -0.829  -3.908  0.368 -0.385 -0.191  0.094 
     D   113   109 6   114     6     0     0    26    45  -9.049  -7.747  -3.544  -4.226  -4.244  -0.319 
    IL   114   114 5   114     6     1     1    28    47  -2.579  -2.842  -0.760  -4.497  -5.274  -4.934  0.000  0.000  0.000  0.000 
    IR   115   115 6   115     5     1     1    28    47  -2.408  -0.496  -5.920  -4.087  -5.193          0.000  0.000  0.000  0.000 
                                             [ MATP   36 ]     16     27 a u - -
    MP   116   115 6   120     4     2     2    26    45  -6.805  -7.012  -0.059  -5.426                 -2.219 -2.098 -2.196  2.563 -2.624 -3.448  1.099 -2.902 -2.723  1.558 -3.246 -0.498  0.852 -2.734 -0.445 -1.763 
    ML   117   115 6   120     4     1     1    27    46  -3.758  -3.940  -0.507  -2.670                  0.368 -0.385 -0.191  0.094 
    MR   118   115 6   120     4     1     1    27    46  -4.809  -3.838  -1.706  -0.766                  0.368 -0.385 -0.191  0.094 
     D   119   115 6   120     4     0     0    26    45  -4.568  -4.250  -2.265  -0.520                 
    IL   120   120 5   120     4     1     1    28    48  -1.686  -2.369  -1.117  -4.855                  0.000  0.000  0.000  0.000 
    IR   121   121 6   121     3     1     1    27    46  -1.442  -0.798  -4.142                          0.000  0.000  0.000  0.000 
                                             [ MATL   37 ]     17      - U - - -
    ML   122   121 6   124     3     1     1    24    42  -7.832  -0.023  -6.486                         -0.668 -0.815 -1.188  1.241 
     D   123   121 6   124     3     0     0    23    42  -6.174  -1.687  -0.566                         
    IL   124   124 3   124     3     1     1    26    45  -1.442  -0.798  -4.142                          0.000  0.000  0.000  0.000 
                                             [ MATL   38 ]     18      - c - - -
    ML   125   124 3   127     3     1     1    22    41  -7.832  -0.023  -6.486                         -0.278  0.308  0.115 -0.227 
     D   126   124 3   127     3     0     0    21    40  -6.174  -1.687  -0.566                         
    IL   127   127 3   127     3     1     1    25    44  -1.442  -0.798  -4.142                          0.000  0.000  0.000  0.000 
                                             [ MATL   39 ]     19      - G - - -
    ML   128   127 3   130     3     1     1    21    40  -7.832  -0.023  -6.486                          0.096 -1.510  1.034 -0.909 
     D   129   127 3   130     3     0     0    20    39  -6.174  -1.687  -0.566                         
    IL   130   130 3   130     3     1     1    24    43  -1.442  -0.798  -4.142                          0.000  0.000  0.000  0.000 
                                             [ MATL   40 ]     20      - c - - -
    ML   131   130 3   133     3     1     1    20    39  -7.832  -0.023  -6.486                         -0.493  0.646 -1.316  0.403 
     D   132   130 3   133     3     0     0    19    38  -6.174  -1.687  -0.566                         
    IL   133   133 3   133     3     1     1    23    42  -1.442  -0.798  -4.142                          0.000  0.000  0.000  0.000 
                                             [ MATL   41 ]     21      - u - - -
    ML   134   133 3   136     3     1     1    19    38  -7.832  -0.023  -6.486                         -0.242  0.034 -0.347  0.427 
     D   135   133 3   136     3     0     0    18    37  -6.174  -1.687  -0.566                         
    IL   136   136 3   136     3     1     1    22    41  -1.442  -0.798  -4.142                          0.000  0.000  0.000  0.000 
                                             [ MATL   42 ]     22      - A - - -
    ML   137   136 3   139     3     1     1    18    36  -7.832  -0.023  -6.486                          1.429 -1.622 -0.943 -1.112 
     D   138   136 3   139     3     0     0    17    36  -6.174  -1.687  -0.566                         
    IL   139   139 3   139     3     1     1    21    40  -1.442  -0.798  -4.142                          0.000  0.000  0.000  0.000 
                                             [ MATL   43 ]     23      - U - - -
    ML   140   139 3   142     3     1     1    16    35  -7.832  -0.023  -6.486                         -1.245 -1.285 -1.965  1.542 
     D   141   139 3   142     3     0     0    16    34  -6.174  -1.687  -0.566                         
    IL   142   142 3   142     3     1     1    20    38  -1.442  -0.798  -4.142                          0.000  0.000  0.000  0.000 
                                             [ MATL   44 ]     24      - u - - -
    ML   143   142 3   145     3     1     1    15    33  -7.832  -0.023  -6.486                          0.061 -0.783 -1.121  0.938 
     D   144   142 3   145     3     0     0    15    33  -6.174  -1.687  -0.566                         
    IL   145   145 3   145     3     1     1    19    37  -1.442  -0.798  -4.142                          0.000  0.000  0.000  0.000 
                                             [ MATL   45 ]     25      - C - - -
    ML   146   145 3   148     3     1     1    13    32  -7.832  -0.023  -6.486                         -1.175  1.387 -1.984 -0.538 
     D   147   145 3   148     3     0     0    13    32  -6.174  -1.687  -0.566                         
    IL   148   148 3   148     3     1     1    18    36  -1.442  -0.798  -4.142                          0.000  0.000  0.000  0.000 
                                             [ MATL   46 ]     26      - U - - -
    ML   149   148 3   151     2     1     1     1     1       *   0.000                                 -1.245 -1.285 -1.965  1.542 
     D   150   148 3   151     2     0     0     0     0       *   0.000                                 
    IL   151   151 3   151     2     1     1    13    28  -1.823  -0.479                                  0.000  0.000  0.000  0.000 
                                             [ END    47 ]      -      - - - - -
     E   152   151 3    -1     0     0     0     0     0                                                 
                                             [ BEGR   48 ]      -      - - - - -
     S   153    90 1   154     3     0     1    49    69  -7.832  -0.023  -6.486                         
    IL   154   154 2   154     3     1     1    52    72  -1.442  -0.798  -4.142                          0.000  0.000  0.000  0.000 
                                             [ MATL   49 ]     32      - U - - -
    ML   155   154 2   157     3     1     2    49    69  -7.832  -0.023  -6.486                         -1.245 -1.285 -1.965  1.542 
     D   156   154 2   157     3     0     0    48    67  -6.174  -1.687  -0.566                         
    IL   157   157 3   157     3     1     1    51    71  -1.442  -0.798  -4.142                          0.000  0.000  0.000  0.000 
                                             [ MATL   50 ]     33      - c - - -
    ML   158   157 3   160     3     1     1    48    67  -7.832  -0.023  -6.486                         -0.298  0.446 -0.112 -0.153 
     D   159   157 3   160     3     0     0    47    66  -6.174  -1.687  -0.566                         
    IL   160   160 3   160     3     1     1    50    70  -1.442  -0.798  -4.142                          0.000  0.000  0.000  0.000 
                                             [ MATL   51 ]     34      - A - - -
    ML   161   160 3   163     3     1     1    47    66  -7.832  -0.023  -6.486                          1.462 -1.384 -1.386 -1.063 
     D   162   160 3   163     3     0     0    46    65  -6.174  -1.687  -0.566                         
    IL   163   163 3   163     3     1     1    49    69  -1.442  -0.798  -4.142                          0.000  0.000  0.000  0.000 
                                             [ MATL   52 ]     35      - A - - -
    ML   164   163 3   166     3     1     1    46    65  -7.832  -0.023  -6.486                          1.515 -1.766 -1.206 -1.271 
     D   165   163 3   166     3     0     0    45    64  -6.174  -1.687  -0.566                         
    IL   166   166 3   166     3     1     1    48    68  -1.442  -0.798  -4.142                          0.000  0.000  0.000  0.000 
                                             [ MATL   53 ]     36      - A - - -
    ML   167   166 3   169     3     1     1    45    64  -7.832  -0.023  -6.486                          1.655 -2.106 -1.765 -1.624 
     D   168   166 3   169     3     0     0    44    63  -6.174  -1.687  -0.566                         
    IL   169   169 3   169     3     1     1    47    67  -1.442  -0.798  -4.142                          0.000  0.000  0.000  0.000 
                                             [ MATL   54 ]     37      - C - - -
    ML   170   169 3   172     5     1     1    44    63  -6.979  -0.042  -6.794  -7.006  -7.898         -1.425  1.526 -2.236 -0.904 
     D   171   169 3   172     5     0     0    42    62  -4.959  -0.803  -4.221  -2.596  -2.508         
    IL   172   172 3   172     5     1     1    44    63  -2.408  -0.496  -4.087  -5.920  -5.193          0.000  0.000  0.000  0.000 
                                             [ MATP   55 ]     38     65 U A - -
    MP   173   172 3   177     6     2     2    43    62  -9.054  -8.994  -0.022  -7.770  -8.050  -8.445 -3.922 -3.737 -3.789 -0.052 -2.791 -4.377  1.531 -3.467 -3.797  0.246 -4.183 -1.644  3.182 -4.083 -0.473 -2.646 
    ML   174   172 3   177     6     1     1    42    61  -6.250  -6.596  -1.310  -1.005  -6.446  -3.975  0.368 -0.385 -0.191  0.094 
    MR   175   172 3   177     6     1     1    41    61  -6.988  -5.717  -1.625  -5.695  -0.829  -3.908  0.368 -0.385 -0.191  0.094 
     D   176   172 3   177     6     0     0    39    58  -9.049  -7.747  -3.544  -4.226  -4.244  -0.319 
    IL   177   177 5   177     6     1     1    43    62  -2.579  -2.842  -0.760  -4.497  -5.274  -4.934  0.000  0.000  0.000  0.000 
    IR   178   178 6   178     5     1     1    42    61  -2.408  -0.496  -5.920  -4.087  -5.193          0.000  0.000  0.000  0.000 
                                             [ MATP   56 ]     39     64 C G - -
    MP   179   178 6   183     6     2     2    41    60  -9.054  -8.994  -0.022  -7.770  -8.050  -8.445 -4.285 -4.166 -4.018 -0.424 -2.798 -4.464  3.460 -3.581 -4.060 -0.142 -4.348 -2.111  0.742 -4.371 -0.499 -2.909 
    ML   180   178 6   183     6     1     1    40    59  -6.250  -6.596  -1.310  -1.005  -6.446  -3.975  0.368 -0.385 -0.191  0.094 
    MR   181   178 6   183     6     1     1    40    59  -6.988  -5.717  -1.625  -5.695  -0.829  -3.908  0.368 -0.385 -0.191  0.094 
     D   182   178 6   183     6     0     0    38    58  -9.049  -7.747  -3.544  -4.226  -4.244  -0.319 
    IL   183   183 5   183     6     1     1    41    60  -2.579  -2.842  -0.760  -4.497  -5.274  -4.934  0.000  0.000  0.000  0.000 
    IR   184   184 6   184     5     1     1    40    59  -2.408  -0.496  -5.920  -4.087  -5.193          0.000  0.000  0.000  0.000 
                                             [ MATP   57 ]     40     63 A U - -
    MP   185   184 6   189     4     2     2    39    58  -6.805  -7.012  -0.059  -5.426                 -3.580 -2.668 -3.613  3.174 -3.848 -4.893  0.439 -3.667 -3.515  1.307 -4.052 -0.181  0.020 -4.115 -1.503 -2.461 
    ML   186   184 6   189     4     1     1    39    59  -3.758  -3.940  -0.507  -2.670                  0.368 -0.385 -0.191  0.094 
    MR   187   184 6   189     4     1     1    39    58  -4.809  -3.838  -1.706  -0.766                  0.368 -0.385 -0.191  0.094 
     D   188   184 6   189     4     0     0    38    57  -4.568  -4.250  -2.265  -0.520                 
    IL   189   189 5   189     4     1     1    41    60  -1.686  -2.369  -1.117  -4.855                  0.000  0.000  0.000  0.000 
    IR   190   190 6   190     3     1     1    40    59  -1.442  -0.798  -4.142                          0.000  0.000  0.000  0.000 
                                             [ MATL   58 ]     41      - U - - -
    ML   191   190 6   193     3     1     1    36    55  -7.832  -0.023  -6.486                         -1.245 -1.285 -1.965  1.542 
     D   192   190 6   193     3     0     0    35    54  -6.174  -1.687  -0.566                         
    IL   193   193 3   193     3     1     1    39    58  -1.442  -0.798  -4.142                          0.000  0.000  0.000  0.000 
                                             [ MATL   59 ]     42      - U - - -
    ML   194   193 3   196     3     1     1    35    54  -8.231  -0.020  -6.549                         -0.990 -0.889 -1.714  1.407 
     D   195   193 3   196     3     0     0    34    53  -5.620  -0.734  -1.403                         
    IL   196   196 3   196     3     1     1    36    55  -1.925  -0.554  -4.164                          0.000  0.000  0.000  0.000 
                                             [ MATR   60 ]      -     62 - U - -
    MR   197   196 3   199     3     1     1    34    53  -8.231  -0.020  -6.549                         -1.245 -1.285 -1.965  1.542 
     D   198   196 3   199     3     0     0    32    51  -6.390  -1.568  -0.620                         
    IR   199   199 3   199     3     1     1    35    54  -1.925  -0.554  -4.164                          0.000  0.000  0.000  0.000 
                                             [ MATR   61 ]      -     61 - C - -
    MR   200   199 3   202     3     1     1    33    52  -8.231  -0.020  -6.549                         -1.425  1.526 -2.236 -0.904 
     D   201   199 3   202     3     0     0    31    50  -6.390  -1.568  -0.620                         
    IR   202   202 3   202     3     1     1    34    53  -1.925  -0.554  -4.164                          0.000  0.000  0.000  0.000 
                                             [ MATR   62 ]      -     60 - g - -
    MR   203   202 3   205     3     1     1    32    51  -8.231  -0.020  -6.549                         -0.095 -1.159  0.974 -0.616 
     D   204   202 3   205     3     0     0    30    49  -6.390  -1.568  -0.620                         
    IR   205   205 3   205     3     1     1    33    52  -1.925  -0.554  -4.164                          0.000  0.000  0.000  0.000 
                                             [ MATR   63 ]      -     59 - U - -
    MR   206   205 3   208     5     1     1    31    50  -6.979  -0.042  -6.794  -7.006  -7.898         -1.245 -1.285 -1.965  1.542 
     D   207   205 3   208     5     0     0    30    49  -5.352  -0.707  -2.978  -4.409  -2.404         
    IR   208   208 3   208     5     1     1    31    50  -2.408  -0.496  -5.920  -4.087  -5.193          0.000  0.000  0.000  0.000 
                                             [ MATP   64 ]     43     58 G C - -
    MP   209   208 3   213     6     2     2    30    49  -9.054  -8.994  -0.022  -7.770  -8.050  -8.445 -4.487 -2.973 -4.566  0.367 -4.873 -4.591 -0.300 -4.787 -4.156  3.570 -4.512 -0.664 -0.693 -4.299 -2.324 -3.447 
    ML   210   208 3   213     6     1     1    29    47  -6.250  -6.596  -1.310  -1.005  -6.446  -3.975  0.368 -0.385 -0.191  0.094 
    MR   211   208 3   213     6     1     1    28    47  -6.988  -5.717  -1.625  -5.695  -0.829  -3.908  0.368 -0.385 -0.191  0.094 
     D   212   208 3   213     6     0     0    26    45  -9.049  -7.747  -3.544  -4.226  -4.244  -0.319 
    IL   213   213 5   213     6     1     1    30    49  -2.579  -2.842  -0.760  -4.497  -5.274  -4.934  0.000  0.000  0.000  0.000 
    IR   214   214 6   214     5     1     1    29    48  -2.408  -0.496  -5.920  -4.087  -5.193          0.000  0.000  0.000  0.000 
                                             [ MATP   65 ]     44     57 U A - -
    MP   215   214 6   219     6     2     2    28    47  -9.054  -8.994  -0.022  -7.770  -8.050  -8.445 -3.922 -3.737 -3.789 -0.052 -2.791 -4.377  1.531 -3.467 -3.797  0.246 -4.183 -1.644  3.182 -4.083 -0.473 -2.646 
    ML   216   214 6   219     6     1     1    27    45  -6.250  -6.596  -1.310  -1.005  -6.446  -3.975  0.368 -0.385 -0.191  0.094 
    MR   217   214 6   219     6     1     1    26    45  -6.988  -5.717  -1.625  -5.695  -0.829  -3.908  0.368 -0.385 -0.191  0.094 
     D   218   214 6   219     6     0     0    24    43  -9.049  -7.747  -3.544  -4.226  -4.244  -0.319 
    IL   219   219 5   219     6     1     1    28    47  -2.579  -2.842  -0.760  -4.497  -5.274  -4.934  0.000  0.000  0.000  0.000 
    IR   220   220 6   220     5     1     1    27    46  -2.408  -0.496  -5.920  -4.087  -5.193          0.000  0.000  0.000  0.000 
                                             [ MATP   66 ]     45     56 U A - -
    MP   221   220 6   225     6     2     2    26    45  -9.054  -8.994  -0.022  -7.770  -8.050  -8.445 -3.922 -3.737 -3.789 -0.052 -2.791 -4.377  1.531 -3.467 -3.797  0.246 -4.183 -1.644  3.182 -4.083 -0.473 -2.646 
    ML   222   220 6   225     6     1     1    25    44  -6.250  -6.596  -1.310  -1.005  -6.446  -3.975  0.368 -0.385 -0.191  0.094 
    MR   223   220 6   225     6     1     1    25    44  -6.988  -5.717  -1.625  -5.695  -0.829  -3.908  0.368 -0.385 -0.191  0.094 
     D   224   220 6   225     6     0     0    23    41  -9.049  -7.747  -3.544  -4.226  -4.244  -0.319 
    IL   225   225 5   225     6     1     1    26    45  -2.579  -2.842  -0.760  -4.497  -5.274  -4.934  0.000  0.000  0.000  0.000 
    IR   226   226 6   226     5     1     1    25    44  -2.408  -0.496  -5.920  -4.087  -5.193          0.000  0.000  0.000  0.000 
                                             [ MATP   67 ]     46     55 G C - -
    MP   227   226 6   231     6     2     2    24    43  -9.054  -8.994  -0.022  -7.770  -8.050  -8.445 -4.487 -2.973 -4.566  0.367 -4.873 -4.591 -0.300 -4.787 -4.156  3.570 -4.512 -0.664 -0.693 -4.299 -2.324 -3.447 
    ML   228   226 6   231     6     1     1    23    42  -6.250  -6.596  -1.310  -1.005  -6.446  -3.975  0.368 -0.385 -0.191  0.094 
    MR   229   226 6   231     6     1     1    23    42  -6.988  -5.717  -1.625  -5.695  -0.829  -3.908  0.368 -0.385 -0.191  0.094 
     D   230   226 6   231     6     0     0    22    41  -9.049  -7.747  -3.544  -4.226  -4.244  -0.319 
    IL   231   231 5   231     6     1     1    24    43  -2.579  -2.842  -0.760  -4.497  -5.274  -4.934  0.000  0.000  0.000  0.000 
    IR   232   232 6   232     5     1     1    23    42  -2.408  -0.496  -5.920  -4.087  -5.193          0.000  0.000  0.000  0.000 
                                             [ MATP   68 ]     47     54 C G - -
    MP   233   232 6   237     4     2     2    22    41  -6.805  -7.012  -0.059  -5.426                 -4.285 -4.166 -4.018 -0.424 -2.798 -4.464  3.460 -3.581 -4.060 -0.142 -4.348 -2.111  0.742 -4.371 -0.499 -2.909 
    ML   234   232 6   237     4     1     1    23    42  -3.758  -3.940  -0.507  -2.670                  0.368 -0.385 -0.191  0.094 
    MR   235   232 6   237     4     1     1    22    41  -4.809  -3.838  -1.706  -0.766                  0.368 -0.385 -0.191  0.094 
     D   236   232 6   237     4     0     0    21    40  -4.568  -4.250  -2.265  -0.520                 
    IL   237   237 5   237     4     1     1    24    43  -1.686  -2.369  -1.117  -4.855                  0.000  0.000  0.000  0.000 
    IR   238   238 6   238     3     1     1    23    42  -1.442  -0.798  -4.142                          0.000  0.000  0.000  0.000 
                                             [ MATL   69 ]     48      - a - - -
    ML   239   238 6   241     3     1     1    19    38  -7.832  -0.023  -6.486                          0.738 -0.835 -0.583  0.143 
     D   240   238 6   241     3     0     0    18    37  -6.174  -1.687  -0.566                         
    IL   241   241 3   241     3     1     1    22    41  -1.442  -0.798  -4.142                          0.000  0.000  0.000  0.000 
                                             [ MATL   70 ]     49      - G - - -
    ML   242   241 3   244     3     1     1    18    36  -7.832  -0.023  -6.486                         -0.704 -1.756  1.374 -1.002 
     D   243   241 3   244     3     0     0    17    36  -6.174  -1.687  -0.566                         
    IL   244   244 3   244     3     1     1    21    40  -1.442  -0.798  -4.142                          0.000  0.000  0.000  0.000 
                                             [ MATL   71 ]     50      - u - - -
    ML   245   244 3   247     3     1     1    16    35  -7.832  -0.023  -6.486                         -0.612  0.535 -1.383  0.597 
     D   246   244 3   247     3     0     0    16    34  -6.174  -1.687  -0.566                         
    IL   247   247 3   247     3     1     1    20    38  -1.442  -0.798  -4.142                          0.000  0.000  0.000  0.000 
                                             [ MATL   72 ]     51      - A - - -
    ML   248   247 3   250     3     1     1    15    33  -7.832  -0.023  -6.486                          1.286 -1.057 -1.189 -0.638 
     D   249   247 3   250     3     0     0    15    33  -6.174  -1.687  -0.566                         
    IL   250   250 3   250     3     1     1    19    37  -1.442  -0.798  -4.142                          0.000  0.000  0.000  0.000 
                                             [ MATL   73 ]     52      - c - - -
    ML   251   250 3   253     3     1     1    13    32  -7.832  -0.023  -6.486                         -0.478  0.950 -1.406 -0.040 
     D   252   250 3   253     3     0     0    13    32  -6.174  -1.687  -0.566                         
    IL   253   253 3   253     3     1     1    18    36  -1.442  -0.798  -4.142                          0.000  0.000  0.000  0.000 
                                             [ MATL   74 ]     53      - U - - -
    ML   254   253 3   256     2     1     1     1     1       *   0.000                                 -1.245 -1.285 -1.965  1.542 
     D   255   253 3   256     2     0     0     0     0       *   0.000                                 
    IL   256   256 3   256     2     1     1    13    28  -1.823  -0.479                                  0.000  0.000  0.000  0.000 
                                             [ END    75 ]      -      - - - - -
     E   257   256 3    -1     0     0     0     0     0                                                 
//
HMMER3/f [3.1b3 | July 2016]
NAME  t_nt_tisb_istr_round5_0001
LENG  83
MAXL  174
ALPH  RNA
RF    no
MM    no
CONS  yes
CS    yes
MAP   yes
DATE  Tue Dec 17 09:04:34 2019
COM   [1] cmbuild /home/co78wid/projects/master/results/ta_systems/tisb_istr/2_structure_analysis/infernal_search/t_nt_tisb_istr_cmbuild.txt /home/co78wid/projects/master/results/ta_systems/tisb_istr/1_sequence_analysis/fold/t_nt_tisb_istr_round5.stk
NSEQ  48
EFFN  2.030273
CKSUM 2282078432
STATS LOCAL MSV       -8.7599  0.71869
STATS LOCAL VITERBI   -9.4803  0.71869
STATS LOCAL FORWARD   -3.5961  0.71869
HMM          A        C        G        U   
            m->m     m->i     m->d     i->m     i->i     d->m     d->d
  COMPO   1.40960  1.47208  1.49425  1.19768
          1.38629  1.38629  1.38629  1.38629
          0.06922  3.86110  3.08271  1.46634  0.26236  0.00000        *
      1   0.19396  3.03402  2.77850  2.71722      1 A - - :
          1.38629  1.38629  1.38629  1.38629
          0.04412  3.83600  3.83600  1.46634  0.26236  1.42982  0.27358
      2   2.41967  2.41653  2.92839  0.26353      2 U - - :
          1.38629  1.38629  1.38629  1.38629
          0.04412  3.83600  3.83600  1.46634  0.26236  1.42982  0.27358
      3   2.48602  3.33244  0.19063  2.90740      3 G - - :
          1.38629  1.38629  1.38629  1.38629
          0.04412  3.83600  3.83600  1.46634  0.26236  1.42982  0.27358
      4   0.38468  2.57508  1.99871  2.22862      4 A - - :
          1.38629  1.38629  1.38629  1.38629
          0.04412  3.83600  3.83600  1.46634  0.26236  1.42982  0.27358
      5   2.11201  3.05968  0.27305  2.64440      5 G - - :
          1.38629  1.38629  1.38629  1.38629
          0.04412  3.83600  3.83600  1.46634  0.26236  1.42982  0.27358
      6   2.24631  0.35274  2.88964  1.99616      6 C - - :
          1.38629  1.38629  1.38629  1.38629
          0.04412  3.83600  3.83600  1.46634  0.26236  1.42982  0.27358
      7   1.52082  1.27651  1.21960  1.57450      7 g - - :
          1.38629  1.38629  1.38629  1.38629
          0.04412  3.83600  3.83600  1.46634  0.26236  1.42982  0.27358
      8   1.90886  2.06947  2.14561  0.49676      8 U - - :
          1.38629  1.38629  1.38629  1.38629
          0.04412  3.83600  3.83600  1.46634  0.26236  1.42982  0.27358
      9   1.19565  1.29975  1.68098  1.43254      9 a - - :
          1.38629  1.38629  1.38629  1.38629
          0.04412  3.83600  3.83600  1.46634  0.26236  0.65143  0.73668
     10   2.21631  3.15953  0.24303  2.74431     10 G - - :
          1.38629  1.38629  1.38629  1.38629
          0.04300  3.86110  3.86110  1.46634  0.26236  1.09861  0.40547
     11   2.46499  2.45392  2.97596  0.25098     11 U - - :
          1.38629  1.38629  1.38629  1.38629
          0.04300  3.86110  3.86110  1.46634  0.26236  1.09861  0.40547
     12   2.49146  3.08494  0.19462  3.02970     12 G - - <
          1.38629  1.38629  1.38629  1.38629
          0.04300  3.86110  3.86110  1.46634  0.26236  1.09861  0.40547
     13   2.27967  2.97798  0.23544  2.87246     13 G - - <
          1.38629  1.38629  1.38629  1.38629
          0.04300  3.86110  3.86110  1.46634  0.26236  1.09861  0.40547
     14   0.41185  2.58859  1.70029  2.52801     14 A - - <
          1.38629  1.38629  1.38629  1.38629
          0.04300  3.86110  3.86110  1.46634  0.26236  1.09861  0.40547
     15   2.07622  1.55579  1.85395  0.67933     15 U - - <
          1.38629  1.38629  1.38629  1.38629
          0.04300  3.86110  3.86110  1.46634  0.26236  1.09861  0.40547
     16   0.77063  1.93548  1.51910  1.74860     16 a - - <
          1.38629  1.38629  1.38629  1.38629
          0.04300  3.86110  3.86110  1.46634  0.26236  1.09861  0.40547
     17   1.97081  2.04249  2.30970  0.45940     17 U - - _
          1.38629  1.38629  1.38629  1.38629
          0.04300  3.86110  3.86110  1.46634  0.26236  1.09861  0.40547
     18   1.64964  1.12174  1.26477  1.61011     18 c - - _
          1.38629  1.38629  1.38629  1.38629
          0.04300  3.86110  3.86110  1.46634  0.26236  1.09861  0.40547
     19   1.34713  2.56002  0.60469  2.15012     19 G - - _
          1.38629  1.38629  1.38629  1.38629
          0.04300  3.86110  3.86110  1.46634  0.26236  1.09861  0.40547
     20   1.80609  0.87870  2.39678  1.11057     20 c - - _
          1.38629  1.38629  1.38629  1.38629
          0.04300  3.86110  3.86110  1.46634  0.26236  1.09861  0.40547
     21   1.59883  1.33751  1.61800  1.08745     21 u - - _
          1.38629  1.38629  1.38629  1.38629
          0.04300  3.86110  3.86110  1.46634  0.26236  1.09861  0.40547
     22   0.34237  2.65450  2.11090  2.31817     22 A - - _
          1.38629  1.38629  1.38629  1.38629
          0.04300  3.86110  3.86110  1.46634  0.26236  1.09861  0.40547
     23   2.46499  2.45392  2.97596  0.25098     23 U - - _
          1.38629  1.38629  1.38629  1.38629
          0.04300  3.86110  3.86110  1.46634  0.26236  1.09861  0.40547
     24   1.36332  1.99835  2.24425  0.68792     24 U - - _
          1.38629  1.38629  1.38629  1.38629
          0.04300  3.86110  3.86110  1.46634  0.26236  1.09861  0.40547
     25   2.41946  0.34056  2.99305  1.90031     25 C - - _
          1.38629  1.38629  1.38629  1.38629
          0.04300  3.86110  3.86110  1.46634  0.26236  1.09861  0.40547
     26   2.46499  2.45392  2.97596  0.25098     26 U - - _
          1.38629  1.38629  1.38629  1.38629
          0.04300  3.86110  3.86110  1.46634  0.26236  1.09861  0.40547
     27   1.98694  1.65083  1.69020  0.72049     27 u - - >
          1.38629  1.38629  1.38629  1.38629
          0.04300  3.86110  3.86110  1.46634  0.26236  1.09861  0.40547
     28   0.77227  2.06053  1.35651  1.87670     28 a - - >
          1.38629  1.38629  1.38629  1.38629
          0.04300  3.86110  3.86110  1.46634  0.26236  1.09861  0.40547
     29   2.75277  1.97616  2.40016  0.34680     29 U - - >
          1.38629  1.38629  1.38629  1.38629
          0.04300  3.86110  3.86110  1.46634  0.26236  1.09861  0.40547
     30   3.07772  0.27024  2.79655  2.04241     30 C - - >
          1.38629  1.38629  1.38629  1.38629
          0.04300  3.86110  3.86110  1.46634  0.26236  1.09861  0.40547
     31   3.21133  0.23293  2.90272  2.18380     31 C - - >
          1.38629  1.38629  1.38629  1.38629
          0.04300  3.86110  3.86110  1.46634  0.26236  1.09861  0.40547
     32   2.46499  2.45392  2.97596  0.25098     32 U - - -
          1.38629  1.38629  1.38629  1.38629
          0.04300  3.86110  3.86110  1.46634  0.26236  1.09861  0.40547
     33   1.66306  1.01807  1.44113  1.54885     33 c - - -
          1.38629  1.38629  1.38629  1.38629
          0.04300  3.86110  3.86110  1.46634  0.26236  1.09861  0.40547
     34   0.31735  2.44938  2.48498  2.28033     34 A - - -
          1.38629  1.38629  1.38629  1.38629
          0.04300  3.86110  3.86110  1.46634  0.26236  1.09861  0.40547
     35   0.28135  2.77763  2.33176  2.45430     35 A - - -
          1.38629  1.38629  1.38629  1.38629
          0.04300  3.86110  3.86110  1.46634  0.26236  1.09861  0.40547
     36   0.18370  3.08334  2.82288  2.77140     36 A - - -
          1.38629  1.38629  1.38629  1.38629
          0.04300  3.86110  3.86110  1.46634  0.26236  1.09861  0.40547
     37   2.65738  0.24381  3.23024  2.23791     37 C - - -
          1.38629  1.38629  1.38629  1.38629
          0.04300  3.86110  3.86110  1.46634  0.26236  1.09861  0.40547
     38   2.80370  1.77984  2.53273  0.36917     38 U - - <
          1.38629  1.38629  1.38629  1.38629
          0.04300  3.86110  3.86110  1.46634  0.26236  1.09861  0.40547
     39   3.04215  0.28160  2.79539  1.99066     39 C - - <
          1.38629  1.38629  1.38629  1.38629
          0.04300  3.86110  3.86110  1.46634  0.26236  1.09861  0.40547
     40   0.41203  2.58806  1.70022  2.52719     40 A - - <
          1.38629  1.38629  1.38629  1.38629
          0.04300  3.86110  3.86110  1.46634  0.26236  1.09861  0.40547
     41   2.46499  2.45392  2.97596  0.25098     41 U - - -
          1.38629  1.38629  1.38629  1.38629
          0.04300  3.86110  3.86110  1.46634  0.26236  1.09861  0.40547
     42   2.23052  2.10040  2.73916  0.34885     42 U - - -
          1.38629  1.38629  1.38629  1.38629
          0.04300  3.86110  3.86110  1.46634  0.26236  1.09861  0.40547
     43   2.48340  3.07607  0.19667  3.01715     43 G - - <
          1.38629  1.38629  1.38629  1.38629
          0.04300  3.86110  3.86110  1.46634  0.26236  1.09861  0.40547
     44   2.80041  1.77974  2.53139  0.36964     44 U - - <
          1.38629  1.38629  1.38629  1.38629
          0.04300  3.86110  3.86110  1.46634  0.26236  1.09861  0.40547
     45   2.80125  1.77977  2.53173  0.36952     45 U - - <
          1.38629  1.38629  1.38629  1.38629
          0.04300  3.86110  3.86110  1.46634  0.26236  1.09861  0.40547
     46   2.48583  3.07875  0.19605  3.02093     46 G - - <
          1.38629  1.38629  1.38629  1.38629
          0.04300  3.86110  3.86110  1.46634  0.26236  1.09861  0.40547
     47   3.03886  0.28203  2.79391  1.99012     47 C - - <
          1.38629  1.38629  1.38629  1.38629
          0.04300  3.86110  3.86110  1.46634  0.26236  1.09861  0.40547
     48   0.84802  2.01249  1.81268  1.29147     48 a - - _
          1.38629  1.38629  1.38629  1.38629
          0.04300  3.86110  3.86110  1.46634  0.26236  1.09861  0.40547
     49   2.00776  2.76580  0.36524  2.21867     49 G - - _
          1.38629  1.38629  1.38629  1.38629
          0.04300  3.86110  3.86110  1.46634  0.26236  1.09861  0.40547
     50   1.90592  0.96143  2.45350  0.95979     50 u - - _
          1.38629  1.38629  1.38629  1.38629
          0.04300  3.86110  3.86110  1.46634  0.26236  1.09861  0.40547
     51   0.44498  2.17847  2.31341  1.91715     51 A - - _
          1.38629  1.38629  1.38629  1.38629
          0.04300  3.86110  3.86110  1.46634  0.26236  1.09861  0.40547
     52   1.80427  0.65286  2.48394  1.46345     52 C - - _
          1.38629  1.38629  1.38629  1.38629
          0.04300  3.86110  3.86110  1.46634  0.26236  1.09861  0.40547
     53   2.46499  2.45392  2.97596  0.25098     53 U - - _
          1.38629  1.38629  1.38629  1.38629
          0.04300  3.86110  3.86110  1.46634  0.26236  1.09861  0.40547
     54   2.26622  2.96154  0.24389  2.79717     54 G - - >
          1.38629  1.38629  1.38629  1.38629
          0.04300  3.86110  3.86110  1.46634  0.26236  1.09861  0.40547
     55   3.23326  0.23058  2.91203  2.18805     55 C - - >
          1.38629  1.38629  1.38629  1.38629
          0.04300  3.86110  3.86110  1.46634  0.26236  1.09861  0.40547
     56   0.41946  2.71410  1.61670  2.55387     56 A - - >
          1.38629  1.38629  1.38629  1.38629
          0.04300  3.86110  3.86110  1.46634  0.26236  1.09861  0.40547
     57   0.41922  2.71497  1.61675  2.55499     57 A - - >
          1.38629  1.38629  1.38629  1.38629
          0.04300  3.86110  3.86110  1.46634  0.26236  1.09861  0.40547
     58   3.24351  0.22951  2.91633  2.19001     58 C - - >
          1.38629  1.38629  1.38629  1.38629
          0.04300  3.86110  3.86110  1.46634  0.26236  1.09861  0.40547
     59   2.46499  2.45392  2.97596  0.25098     59 U - - -
          1.38629  1.38629  1.38629  1.38629
          0.04300  3.86110  3.86110  1.46634  0.26236  1.09861  0.40547
     60   1.50227  2.26020  0.64683  1.90151     60 G - - -
          1.38629  1.38629  1.38629  1.38629
          0.04300  3.86110  3.86110  1.46634  0.26236  1.09861  0.40547
     61   2.65738  0.24381  3.23024  2.23791     61 C - - -
          1.38629  1.38629  1.38629  1.38629
          0.04300  3.86110  3.86110  1.46634  0.26236  1.09861  0.40547
     62   2.46499  2.45392  2.97596  0.25098     62 U - - -
          1.38629  1.38629  1.38629  1.38629
          0.04300  3.86110  3.86110  1.46634  0.26236  1.09861  0.40547
     63   2.75441  1.97631  2.40073  0.34655     63 U - - >
          1.38629  1.38629  1.38629  1.38629
          0.04300  3.86110  3.86110  1.46634  0.26236  1.09861  0.40547
     64   2.26490  2.95986  0.24434  2.79507     64 G - - >
          1.38629  1.38629  1.38629  1.38629
          0.04300  3.86110  3.86110  1.46634  0.26236  1.09861  0.40547
     65   0.42049  2.71029  1.61649  2.54896     65 A - - >
          1.38629  1.38629  1.38629  1.38629
          0.04300  3.86110  3.86110  1.46634  0.26236  1.09861  0.40547
     66   2.46499  2.45392  2.97596  0.25098     66 U - - :
          1.38629  1.38629  1.38629  1.38629
          0.04300  3.86110  3.86110  1.46634  0.26236  1.09861  0.40547
     67   2.31202  3.23095  0.22137  2.81343     67 G - - :
          1.38629  1.38629  1.38629  1.38629
          0.04300  3.86110  3.86110  1.46634  0.26236  1.09861  0.40547
     68   2.65738  0.24381  3.23024  2.23791     68 C - - :
          1.38629  1.38629  1.38629  1.38629
          0.04300  3.86110  3.86110  1.46634  0.26236  1.09861  0.40547
     69   1.93311  1.37984  2.45845  0.65756     69 U - - :
          1.38629  1.38629  1.38629  1.38629
          0.07188  3.86110  3.03014  1.46634  0.26236  1.09861  0.40547
     70   2.48075  3.32634  0.19184  2.90128     70 G - - :
          1.38629  1.38629  1.38629  1.38629
          0.04423  3.83346  3.83346  1.46634  0.26236  1.45757  0.26501
     71   2.41511  2.41277  2.92360  0.26483     71 U - - :
          1.38629  1.38629  1.38629  1.38629
          0.04423  3.83346  3.83346  1.46634  0.26236  1.45757  0.26501
     72   1.88006  1.20973  2.41154  0.77770     72 u - - :
          1.38629  1.38629  1.38629  1.38629
          0.04423  3.83346  3.83346  1.46634  0.26236  1.45757  0.26501
     73   2.43901  0.32322  3.01001  1.96865     73 C - - :
          1.38629  1.38629  1.38629  1.38629
          0.04423  3.83346  3.83346  1.46634  0.26236  1.45757  0.26501
     74   2.41511  2.41277  2.92360  0.26483     74 U - - :
          1.38629  1.38629  1.38629  1.38629
          0.04423  3.83346  3.83346  1.46634  0.26236  1.45757  0.26501
     75   2.48075  3.32634  0.19184  2.90128     75 G - - :
          1.38629  1.38629  1.38629  1.38629
          0.04423  3.83346  3.83346  1.46634  0.26236  1.45757  0.26501
     76   0.19503  3.02904  2.77402  2.71176     76 A - - :
          1.38629  1.38629  1.38629  1.38629
          0.04423  3.83346  3.83346  1.46634  0.26236  1.45757  0.26501
     77   0.19503  3.02904  2.77402  2.71176     77 A - - :
          1.38629  1.38629  1.38629  1.38629
          0.04423  3.83346  3.83346  1.46634  0.26236  1.45757  0.26501
     78   0.29307  2.73880  2.30637  2.41063     78 A - - :
          1.38629  1.38629  1.38629  1.38629
          0.04423  3.83346  3.83346  1.46634  0.26236  1.45757  0.26501
     79   2.41511  2.41277  2.92360  0.26483     79 U - - :
          1.38629  1.38629  1.38629  1.38629
          0.04423  3.83346  3.83346  1.46634  0.26236  1.45757  0.26501
     80   0.19503  3.02904  2.77402  2.71176     80 A - - :
          1.38629  1.38629  1.38629  1.38629
          0.04423  3.83346  3.83346  1.46634  0.26236  1.45757  0.26501
     81   2.59190  0.26081  3.16290  2.18575     81 C - - :
          1.38629  1.38629  1.38629  1.38629
          0.33000  3.83346  1.34921  1.46634  0.26236  1.45757  0.26501
     82   1.51009  0.97889  1.78696  1.44429     82 c - - :
          1.38629  1.38629  1.38629  1.38629
          0.05844  3.56190  3.56190  1.46634  0.26236  2.72704  0.06765
     83   1.95829  2.04299  2.43519  0.44367     83 U - - :
          1.38629  1.38629  1.38629  1.38629
          0.44020  1.03256        *  1.92633  0.15745  0.00000        *
//
