INFERNAL1/a [1.1.2 | July 2016]
NAME     t_pro_tisb_istr_round5_0001
STATES   270
NODES    70
CLEN     87
W        104
ALPH     RNA
RF       no
CONS     yes
MAP      yes
DATE     Tue Dec 17 09:20:35 2019
COM      [1] cmbuild /home/co78wid/projects/master/results/ta_systems/tisb_istr/2_structure_analysis/infernal_search/t_pro_tisb_istr_cmbuild.txt /home/co78wid/projects/master/results/ta_systems/tisb_istr/1_sequence_analysis/fold/t_pro_tisb_istr_round5.stk
COM      [2] cmcalibrate --cpu 20 /home/co78wid/projects/master/results/ta_systems/tisb_istr/2_structure_analysis/infernal_search/t_pro_tisb_istr_cmbuild.txt
PBEGIN   0.05
PEND     0.05
WBETA    1e-07
QDBBETA1 1e-07
QDBBETA2 1e-15
N2OMEGA  1.52588e-05
N3OMEGA  1.52588e-05
ELSELF   -0.08926734
NSEQ     4
EFFN     1.027344
CKSUM    3627370204
NULL     0.000  0.000  0.000  0.000 
EFP7GF   -6.1988 0.71877
ECMLC    0.55430    -9.00349     1.51932     1600000      409571  0.002930
ECMGC    0.39416   -13.59640    -1.89178     1600000       40336  0.009917
ECMLI    0.52962    -5.98188     4.13654     1600000      254988  0.004706
ECMGI    0.44166    -8.09611     2.13567     1600000       36696  0.010900
CM
                                             [ ROOT    0 ]      -      - - - - -
     S     0    -1 0     1     4     1     1   104   125  -6.477  -7.723  -0.107  -4.176                 
    IL     1     1 2     1     4     6    39   106   126  -2.817  -4.319  -0.613  -2.698                  0.000  0.000  0.000  0.000 
    IR     2     2 3     2     3     7    39   106   126  -1.925  -0.554  -4.164                          0.000  0.000  0.000  0.000 
                                             [ MATR    1 ]      -     87 - G - -
    MR     3     2 3     5     3     7    39   104   125  -7.992  -0.024  -6.310                         -0.760 -1.829  1.431 -1.215 
     D     4     2 3     5     3     3    35   102   123  -6.390  -1.568  -0.620                         
    IR     5     5 3     5     3     6    38   105   125  -1.925  -0.554  -4.164                          0.000  0.000  0.000  0.000 
                                             [ MATR    2 ]      -     86 - A - -
    MR     6     5 3     8     3     7    38   103   124  -7.992  -0.024  -6.310                          1.484 -1.607 -1.314 -1.084 
     D     7     5 3     8     3     3    34   101   122  -6.390  -1.568  -0.620                         
    IR     8     8 3     8     3     6    38   104   124  -1.925  -0.554  -4.164                          0.000  0.000  0.000  0.000 
                                             [ MATR    3 ]      -     85 - A - -
    MR     9     8 3    11     3     7    37   102   123  -7.992  -0.024  -6.310                          1.484 -1.607 -1.314 -1.084 
     D    10     8 3    11     3     2    33   100   121  -6.390  -1.568  -0.620                         
    IR    11    11 3    11     3     5    37   103   123  -1.925  -0.554  -4.164                          0.000  0.000  0.000  0.000 
                                             [ MATR    4 ]      -     84 - u - -
    MR    12    11 3    14     3     6    36   101   122  -7.992  -0.024  -6.310                         -0.177 -0.739  0.201  0.451 
     D    13    11 3    14     3     2    32    99   120  -6.390  -1.568  -0.620                         
    IR    14    14 3    14     3     5    36   102   122  -1.925  -0.554  -4.164                          0.000  0.000  0.000  0.000 
                                             [ MATR    5 ]      -     83 - U - -
    MR    15    14 3    17     3     6    35   100   121  -7.992  -0.024  -6.310                         -0.805 -0.931 -1.491  1.349 
     D    16    14 3    17     3     2    32    98   119  -6.390  -1.568  -0.620                         
    IR    17    17 3    17     3     5    35   101   121  -1.925  -0.554  -4.164                          0.000  0.000  0.000  0.000 
                                             [ MATR    6 ]      -     82 - C - -
    MR    18    17 3    20     3     5    34    99   120  -7.992  -0.024  -6.310                         -0.856  1.261 -1.631 -0.457 
     D    19    17 3    20     3     1    31    97   118  -6.390  -1.568  -0.620                         
    IR    20    20 3    20     3     4    34   100   120  -1.925  -0.554  -4.164                          0.000  0.000  0.000  0.000 
                                             [ MATR    7 ]      -     81 - C - -
    MR    21    20 3    23     3     5    33    98   119  -7.992  -0.024  -6.310                         -0.856  1.261 -1.631 -0.457 
     D    22    20 3    23     3     1    30    96   117  -6.390  -1.568  -0.620                         
    IR    23    23 3    23     3     4    33    99   119  -1.925  -0.554  -4.164                          0.000  0.000  0.000  0.000 
                                             [ MATR    8 ]      -     80 - A - -
    MR    24    23 3    26     3     4    32    97   118  -7.992  -0.024  -6.310                          1.484 -1.607 -1.314 -1.084 
     D    25    23 3    26     3     1    30    95   116  -6.390  -1.568  -0.620                         
    IR    26    26 3    26     3     4    32    98   118  -1.925  -0.554  -4.164                          0.000  0.000  0.000  0.000 
                                             [ MATR    9 ]      -     79 - U - -
    MR    27    26 3    29     3     3    31    96   117  -7.992  -0.024  -6.310                         -0.805 -0.931 -1.491  1.349 
     D    28    26 3    29     3     1    29    95   115  -6.390  -1.568  -0.620                         
    IR    29    29 3    29     3     3    31    97   117  -1.925  -0.554  -4.164                          0.000  0.000  0.000  0.000 
                                             [ MATR   10 ]      -     78 - A - -
    MR    30    29 3    32     3     2    30    95   116  -7.992  -0.024  -6.310                          1.484 -1.607 -1.314 -1.084 
     D    31    29 3    32     3     0    29    94   114  -6.390  -1.568  -0.620                         
    IR    32    32 3    32     3     2    30    96   116  -1.925  -0.554  -4.164                          0.000  0.000  0.000  0.000 
                                             [ MATR   11 ]      -     77 - A - -
    MR    33    32 3    35     2     1    29    94   115  -7.872  -0.006                                  1.484 -1.607 -1.314 -1.084 
     D    34    32 3    35     2     0    28    93   114  -4.432  -0.068                                 
    IR    35    35 3    35     2     1    30    95   115  -1.823  -0.479                                  0.000  0.000  0.000  0.000 
                                             [ BIF    12 ]      -      - - - - -
     B    36    35 3    37   126     0    28    93   114                                                 
                                             [ BEGL   13 ]      -      - - - - -
     S    37    36 1    38     4     0     0    44    63  -0.051  -6.634  -6.041  -6.681                 
                                             [ MATP   14 ]      1     29 a u - -
    MP    38    37 1    42     6     2     2    44    63  -8.959  -8.898  -0.023  -7.675  -7.955  -8.350 -3.250 -2.434 -3.297  2.793 -3.366 -4.400  0.908 -3.363 -3.220  1.681 -3.738 -0.015  0.481 -3.677 -1.040 -2.171 
    ML    39    37 1    42     6     1     1    42    62  -6.250  -6.596  -1.310  -1.005  -6.446  -3.975  0.368 -0.385 -0.191  0.094 
    MR    40    37 1    42     6     1     1    42    61  -6.988  -5.717  -1.625  -5.695  -0.829  -3.908  0.368 -0.385 -0.191  0.094 
     D    41    37 1    42     6     0     0    40    59  -9.049  -7.747  -3.544  -4.226  -4.244  -0.319 
    IL    42    42 5    42     6     1     1    44    63  -2.579  -2.842  -0.760  -4.497  -5.274  -4.934  0.000  0.000  0.000  0.000 
    IR    43    43 6    43     5     1     1    43    62  -2.408  -0.496  -5.920  -4.087  -5.193          0.000  0.000  0.000  0.000 
                                             [ MATP   15 ]      2     28 u a - -
    MP    44    43 6    48     6     2     2    42    61  -8.959  -8.898  -0.023  -7.675  -7.955  -8.350 -3.501 -3.279 -3.407  0.366 -2.515 -4.028  1.792 -3.154 -3.422  0.769 -3.825 -1.192  2.840 -3.669 -0.208 -2.303 
    ML    45    43 6    48     6     1     1    40    60  -6.250  -6.596  -1.310  -1.005  -6.446  -3.975  0.368 -0.385 -0.191  0.094 
    MR    46    43 6    48     6     1     1    40    59  -6.988  -5.717  -1.625  -5.695  -0.829  -3.908  0.368 -0.385 -0.191  0.094 
     D    47    43 6    48     6     0     0    38    57  -9.049  -7.747  -3.544  -4.226  -4.244  -0.319 
    IL    48    48 5    48     6     1     1    42    61  -2.579  -2.842  -0.760  -4.497  -5.274  -4.934  0.000  0.000  0.000  0.000 
    IR    49    49 6    49     5     1     1    41    60  -2.408  -0.496  -5.920  -4.087  -5.193          0.000  0.000  0.000  0.000 
                                             [ MATP   16 ]      3     27 g u - -
    MP    50    49 6    54     6     2     2    40    59  -8.959  -8.898  -0.023  -7.675  -7.955  -8.350 -3.170 -2.156 -3.292  1.362 -3.637 -4.407  0.661 -3.385 -3.098  1.950 -3.602  2.370  0.299 -3.682 -1.274 -2.106 
    ML    51    49 6    54     6     1     1    39    58  -6.250  -6.596  -1.310  -1.005  -6.446  -3.975  0.368 -0.385 -0.191  0.094 
    MR    52    49 6    54     6     1     1    38    58  -6.988  -5.717  -1.625  -5.695  -0.829  -3.908  0.368 -0.385 -0.191  0.094 
     D    53    49 6    54     6     0     0    36    56  -9.049  -7.747  -3.544  -4.226  -4.244  -0.319 
    IL    54    54 5    54     6     1     1    40    59  -2.579  -2.842  -0.760  -4.497  -5.274  -4.934  0.000  0.000  0.000  0.000 
    IR    55    55 6    55     5     1     1    39    58  -2.408  -0.496  -5.920  -4.087  -5.193          0.000  0.000  0.000  0.000 
                                             [ MATP   17 ]      4     26 a u - -
    MP    56    55 6    60     6     2     2    38    57  -8.959  -8.898  -0.023  -7.675  -7.955  -8.350 -3.250 -2.434 -3.297  2.793 -3.366 -4.400  0.908 -3.363 -3.220  1.681 -3.738 -0.015  0.481 -3.677 -1.040 -2.171 
    ML    57    55 6    60     6     1     1    37    56  -6.250  -6.596  -1.310  -1.005  -6.446  -3.975  0.368 -0.385 -0.191  0.094 
    MR    58    55 6    60     6     1     1    37    56  -6.988  -5.717  -1.625  -5.695  -0.829  -3.908  0.368 -0.385 -0.191  0.094 
     D    59    55 6    60     6     0     0    35    54  -9.049  -7.747  -3.544  -4.226  -4.244  -0.319 
    IL    60    60 5    60     6     1     1    38    57  -2.579  -2.842  -0.760  -4.497  -5.274  -4.934  0.000  0.000  0.000  0.000 
    IR    61    61 6    61     5     1     1    37    56  -2.408  -0.496  -5.920  -4.087  -5.193          0.000  0.000  0.000  0.000 
                                             [ MATP   18 ]      5     25 g c - -
    MP    62    61 6    66     4     2     2    36    55  -6.521  -6.728  -0.072  -5.142                 -2.905 -0.477 -2.984  1.522 -3.220 -3.752  0.869 -3.300 -3.030  2.689 -3.495 -0.007  0.594 -3.061 -0.977 -2.002 
    ML    63    61 6    66     4     1     1    36    56  -3.758  -3.940  -0.507  -2.670                  0.368 -0.385 -0.191  0.094 
    MR    64    61 6    66     4     1     1    36    55  -4.809  -3.838  -1.706  -0.766                  0.368 -0.385 -0.191  0.094 
     D    65    61 6    66     4     0     0    35    54  -4.568  -4.250  -2.265  -0.520                 
    IL    66    66 5    66     4     1     1    38    57  -1.686  -2.369  -1.117  -4.855                  0.000  0.000  0.000  0.000 
    IR    67    67 6    67     3     1     1    37    56  -1.442  -0.798  -4.142                          0.000  0.000  0.000  0.000 
                                             [ MATL   19 ]      6      - c - - -
    ML    68    67 6    70     3     1     1    33    52  -7.992  -0.024  -6.310                          0.112  0.576 -1.006 -0.103 
     D    69    67 6    70     3     0     0    32    51  -5.620  -0.734  -1.403                         
    IL    70    70 3    70     3     1     1    34    53  -1.925  -0.554  -4.164                          0.000  0.000  0.000  0.000 
                                             [ MATR   20 ]      -     24 - U - -
    MR    71    70 3    73     5     1     1    32    51  -6.758  -0.049  -6.573  -6.785  -7.677         -0.805 -0.931 -1.491  1.349 
     D    72    70 3    73     5     0     0    31    50  -5.352  -0.707  -2.978  -4.409  -2.404         
    IR    73    73 3    73     5     1     1    32    51  -2.408  -0.496  -5.920  -4.087  -5.193          0.000  0.000  0.000  0.000 
                                             [ MATP   21 ]      7     23 g c - -
    MP    74    73 3    78     6     2     2    31    50  -8.959  -8.898  -0.023  -7.675  -7.955  -8.350 -2.356 -1.974 -2.526  1.260 -2.466 -3.336  1.397  0.352 -2.488  1.582 -2.981  1.087  1.080 -2.687 -0.388 -1.578 
    ML    75    73 3    78     6     1     1    30    49  -6.250  -6.596  -1.310  -1.005  -6.446  -3.975  0.368 -0.385 -0.191  0.094 
    MR    76    73 3    78     6     1     1    30    48  -6.988  -5.717  -1.625  -5.695  -0.829  -3.908  0.368 -0.385 -0.191  0.094 
     D    77    73 3    78     6     0     0    27    46  -9.049  -7.747  -3.544  -4.226  -4.244  -0.319 
    IL    78    78 5    78     6     1     1    31    50  -2.579  -2.842  -0.760  -4.497  -5.274  -4.934  0.000  0.000  0.000  0.000 
    IR    79    79 6    79     5     1     1    30    49  -2.408  -0.496  -5.920  -4.087  -5.193          0.000  0.000  0.000  0.000 
                                             [ MATP   22 ]      8     22 u a - -
    MP    80    79 6    84     6     2     2    29    48  -8.959  -8.898  -0.023  -7.675  -7.955  -8.350 -3.501 -3.279 -3.407  0.366 -2.515 -4.028  1.792 -3.154 -3.422  0.769 -3.825 -1.192  2.840 -3.669 -0.208 -2.303 
    ML    81    79 6    84     6     1     1    28    47  -6.250  -6.596  -1.310  -1.005  -6.446  -3.975  0.368 -0.385 -0.191  0.094 
    MR    82    79 6    84     6     1     1    28    46  -6.988  -5.717  -1.625  -5.695  -0.829  -3.908  0.368 -0.385 -0.191  0.094 
     D    83    79 6    84     6     0     0    25    44  -9.049  -7.747  -3.544  -4.226  -4.244  -0.319 
    IL    84    84 5    84     6     1     1    29    48  -2.579  -2.842  -0.760  -4.497  -5.274  -4.934  0.000  0.000  0.000  0.000 
    IR    85    85 6    85     5     1     1    28    47  -2.408  -0.496  -5.920  -4.087  -5.193          0.000  0.000  0.000  0.000 
                                             [ MATP   23 ]      9     21 g c - -
    MP    86    85 6    90     6     2     2    27    46  -8.959  -8.898  -0.023  -7.675  -7.955  -8.350 -3.008  0.395 -3.109  1.146 -3.337 -3.825  0.743 -3.395 -3.088  2.795 -3.545 -0.048  0.457 -3.181 -1.101 -2.113 
    ML    87    85 6    90     6     1     1    26    45  -6.250  -6.596  -1.310  -1.005  -6.446  -3.975  0.368 -0.385 -0.191  0.094 
    MR    88    85 6    90     6     1     1    26    44  -6.988  -5.717  -1.625  -5.695  -0.829  -3.908  0.368 -0.385 -0.191  0.094 
     D    89    85 6    90     6     0     0    23    42  -9.049  -7.747  -3.544  -4.226  -4.244  -0.319 
    IL    90    90 5    90     6     1     1    27    46  -2.579  -2.842  -0.760  -4.497  -5.274  -4.934  0.000  0.000  0.000  0.000 
    IR    91    91 6    91     5     1     1    26    45  -2.408  -0.496  -5.920  -4.087  -5.193          0.000  0.000  0.000  0.000 
                                             [ MATP   24 ]     10     20 G C - -
    MP    92    91 6    96     6     2     2    25    44  -8.959  -8.898  -0.023  -7.675  -7.955  -8.350 -3.991 -2.743 -4.049  0.675 -4.176 -4.374  0.286 -4.216 -3.794  3.388 -4.191 -0.428 -0.126 -3.965 -1.718 -2.938 
    ML    93    91 6    96     6     1     1    24    43  -6.250  -6.596  -1.310  -1.005  -6.446  -3.975  0.368 -0.385 -0.191  0.094 
    MR    94    91 6    96     6     1     1    24    43  -6.988  -5.717  -1.625  -5.695  -0.829  -3.908  0.368 -0.385 -0.191  0.094 
     D    95    91 6    96     6     0     0    22    41  -9.049  -7.747  -3.544  -4.226  -4.244  -0.319 
    IL    96    96 5    96     6     1     1    25    44  -2.579  -2.842  -0.760  -4.497  -5.274  -4.934  0.000  0.000  0.000  0.000 
    IR    97    97 6    97     5     1     1    24    43  -2.408  -0.496  -5.920  -4.087  -5.193          0.000  0.000  0.000  0.000 
                                             [ MATP   25 ]     11     19 u a - -
    MP    98    97 6   102     6     2     2    23    42  -8.959  -8.898  -0.023  -7.675  -7.955  -8.350 -3.107 -3.031 -3.068  0.544 -2.245 -3.707  2.010 -2.884 -3.100  0.872 -3.528 -1.100  2.116 -3.285  1.352 -2.028 
    ML    99    97 6   102     6     1     1    22    41  -6.250  -6.596  -1.310  -1.005  -6.446  -3.975  0.368 -0.385 -0.191  0.094 
    MR   100    97 6   102     6     1     1    22    41  -6.988  -5.717  -1.625  -5.695  -0.829  -3.908  0.368 -0.385 -0.191  0.094 
     D   101    97 6   102     6     0     0    21    40  -9.049  -7.747  -3.544  -4.226  -4.244  -0.319 
    IL   102   102 5   102     6     1     1    23    42  -2.579  -2.842  -0.760  -4.497  -5.274  -4.934  0.000  0.000  0.000  0.000 
    IR   103   103 6   103     5     1     1    23    41  -2.408  -0.496  -5.920  -4.087  -5.193          0.000  0.000  0.000  0.000 
                                             [ MATP   26 ]     12     18 G C - -
    MP   104   103 6   108     4     2     2    21    40  -6.521  -6.728  -0.072  -5.142                 -3.991 -2.743 -4.049  0.675 -4.176 -4.374  0.286 -4.216 -3.794  3.388 -4.191 -0.428 -0.126 -3.965 -1.718 -2.938 
    ML   105   103 6   108     4     1     1    22    41  -3.758  -3.940  -0.507  -2.670                  0.368 -0.385 -0.191  0.094 
    MR   106   103 6   108     4     1     1    21    40  -4.809  -3.838  -1.706  -0.766                  0.368 -0.385 -0.191  0.094 
     D   107   103 6   108     4     0     0    20    39  -4.568  -4.250  -2.265  -0.520                 
    IL   108   108 5   108     4     1     1    23    42  -1.686  -2.369  -1.117  -4.855                  0.000  0.000  0.000  0.000 
    IR   109   109 6   109     3     1     1    22    41  -1.442  -0.798  -4.142                          0.000  0.000  0.000  0.000 
                                             [ MATL   27 ]     13      - G - - -
    ML   110   109 6   112     3     1     1    18    36  -7.572  -0.027  -6.227                         -0.760 -1.829  1.431 -1.215 
     D   111   109 6   112     3     0     0    17    36  -6.174  -1.687  -0.566                         
    IL   112   112 3   112     3     1     1    21    40  -1.442  -0.798  -4.142                          0.000  0.000  0.000  0.000 
                                             [ MATL   28 ]     14      - A - - -
    ML   113   112 3   115     3     1     1    16    35  -7.572  -0.027  -6.227                          1.484 -1.607 -1.314 -1.084 
     D   114   112 3   115     3     0     0    16    35  -6.174  -1.687  -0.566                         
    IL   115   115 3   115     3     1     1    20    38  -1.442  -0.798  -4.142                          0.000  0.000  0.000  0.000 
                                             [ MATL   29 ]     15      - U - - -
    ML   116   115 3   118     3     1     1    15    34  -7.572  -0.027  -6.227                         -0.805 -0.931 -1.491  1.349 
     D   117   115 3   118     3     0     0    15    33  -6.174  -1.687  -0.566                         
    IL   118   118 3   118     3     1     1    19    37  -1.442  -0.798  -4.142                          0.000  0.000  0.000  0.000 
                                             [ MATL   30 ]     16      - A - - -
    ML   119   118 3   121     3     1     1    13    32  -7.572  -0.027  -6.227                          1.484 -1.607 -1.314 -1.084 
     D   120   118 3   121     3     0     0    13    32  -6.174  -1.687  -0.566                         
    IL   121   121 3   121     3     1     1    18    36  -1.442  -0.798  -4.142                          0.000  0.000  0.000  0.000 
                                             [ MATL   31 ]     17      - U - - -
    ML   122   121 3   124     2     1     1     1     1       *   0.000                                 -0.805 -0.931 -1.491  1.349 
     D   123   121 3   124     2     0     0     0     0       *   0.000                                 
    IL   124   124 3   124     2     1     1    13    28  -1.823  -0.479                                  0.000  0.000  0.000  0.000 
                                             [ END    32 ]      -      - - - - -
     E   125   124 3    -1     0     0     0     0     0                                                 
                                             [ BEGR   33 ]      -      - - - - -
     S   126    36 1   127     3     0     8    63    83  -7.572  -0.027  -6.227                         
    IL   127   127 2   127     3     1     8    66    86  -1.442  -0.798  -4.142                          0.000  0.000  0.000  0.000 
                                             [ MATL   34 ]     30      - C - - -
    ML   128   127 2   130     3     1     9    63    83  -7.572  -0.027  -6.227                         -0.856  1.261 -1.631 -0.457 
     D   129   127 2   130     3     0     3    62    82  -6.174  -1.687  -0.566                         
    IL   130   130 3   130     3     1     8    65    85  -1.442  -0.798  -4.142                          0.000  0.000  0.000  0.000 
                                             [ MATL   35 ]     31      - C - - -
    ML   131   130 3   133     3     1     8    62    82  -7.572  -0.027  -6.227                         -0.856  1.261 -1.631 -0.457 
     D   132   130 3   133     3     0     2    61    81  -6.174  -1.687  -0.566                         
    IL   133   133 3   133     3     1     7    64    84  -1.442  -0.798  -4.142                          0.000  0.000  0.000  0.000 
                                             [ MATL   36 ]     32      - U - - -
    ML   134   133 3   136     3     1     7    61    81  -7.572  -0.027  -6.227                         -0.805 -0.931 -1.491  1.349 
     D   135   133 3   136     3     0     2    60    79  -6.174  -1.687  -0.566                         
    IL   136   136 3   136     3     1     6    63    83  -1.442  -0.798  -4.142                          0.000  0.000  0.000  0.000 
                                             [ MATL   37 ]     33      - g - - -
    ML   137   136 3   139     3     1     7    60    80  -7.572  -0.027  -6.227                         -0.126  0.070  0.150 -0.113 
     D   138   136 3   139     3     0     1    58    78  -6.174  -1.687  -0.566                         
    IL   139   139 3   139     3     1     5    62    82  -1.442  -0.798  -4.142                          0.000  0.000  0.000  0.000 
                                             [ MATL   38 ]     34      - A - - -
    ML   140   139 3   142     3     1     6    59    79  -7.572  -0.027  -6.227                          1.484 -1.607 -1.314 -1.084 
     D   141   139 3   142     3     0     1    57    77  -6.174  -1.687  -0.566                         
    IL   142   142 3   142     3     1     5    61    81  -1.442  -0.798  -4.142                          0.000  0.000  0.000  0.000 
                                             [ MATL   39 ]     35      - A - - -
    ML   143   142 3   145     3     1     6    58    78  -7.572  -0.027  -6.227                          1.484 -1.607 -1.314 -1.084 
     D   144   142 3   145     3     0     1    56    76  -6.174  -1.687  -0.566                         
    IL   145   145 3   145     3     1     4    60    80  -1.442  -0.798  -4.142                          0.000  0.000  0.000  0.000 
                                             [ MATL   40 ]     36      - A - - -
    ML   146   145 3   148     3     1     5    57    76  -7.572  -0.027  -6.227                          1.484 -1.607 -1.314 -1.084 
     D   147   145 3   148     3     0     0    55    75  -6.174  -1.687  -0.566                         
    IL   148   148 3   148     3     1     4    59    79  -1.442  -0.798  -4.142                          0.000  0.000  0.000  0.000 
                                             [ MATL   41 ]     37      - C - - -
    ML   149   148 3   151     5     1     5    56    75  -6.758  -0.049  -6.573  -6.785  -7.677         -0.856  1.261 -1.631 -0.457 
     D   150   148 3   151     5     0     0    54    74  -4.959  -0.803  -4.221  -2.596  -2.508         
    IL   151   151 3   151     5     1     3    56    76  -2.408  -0.496  -4.087  -5.920  -5.193          0.000  0.000  0.000  0.000 
                                             [ MATP   42 ]     38     76 u a - -
    MP   152   151 3   156     6     2     6    55    74  -8.959  -8.898  -0.023  -7.675  -7.955  -8.350 -3.501 -3.279 -3.407  0.366 -2.515 -4.028  1.792 -3.154 -3.422  0.769 -3.825 -1.192  2.840 -3.669 -0.208 -2.303 
    ML   153   151 3   156     6     1     2    53    73  -6.250  -6.596  -1.310  -1.005  -6.446  -3.975  0.368 -0.385 -0.191  0.094 
    MR   154   151 3   156     6     1     2    53    73  -6.988  -5.717  -1.625  -5.695  -0.829  -3.908  0.368 -0.385 -0.191  0.094 
     D   155   151 3   156     6     0     0    51    71  -9.049  -7.747  -3.544  -4.226  -4.244  -0.319 
    IL   156   156 5   156     6     1     2    54    74  -2.579  -2.842  -0.760  -4.497  -5.274  -4.934  0.000  0.000  0.000  0.000 
    IR   157   157 6   157     5     1     2    54    74  -2.408  -0.496  -5.920  -4.087  -5.193          0.000  0.000  0.000  0.000 
                                             [ MATP   43 ]     39     75 C G - -
    MP   158   157 6   162     6     2     4    53    72  -8.959  -8.898  -0.023  -7.675  -7.955  -8.350 -3.816 -3.638 -3.620  0.047 -2.527 -4.124  3.233 -3.257 -3.655  0.436 -3.984 -1.576  1.048 -3.927 -0.225 -2.523 
    ML   159   157 6   162     6     1     1    52    72  -6.250  -6.596  -1.310  -1.005  -6.446  -3.975  0.368 -0.385 -0.191  0.094 
    MR   160   157 6   162     6     1     1    52    71  -6.988  -5.717  -1.625  -5.695  -0.829  -3.908  0.368 -0.385 -0.191  0.094 
     D   161   157 6   162     6     0     0    50    70  -9.049  -7.747  -3.544  -4.226  -4.244  -0.319 
    IL   162   162 5   162     6     1     2    52    72  -2.579  -2.842  -0.760  -4.497  -5.274  -4.934  0.000  0.000  0.000  0.000 
    IR   163   163 6   163     5     1     2    52    72  -2.408  -0.496  -5.920  -4.087  -5.193          0.000  0.000  0.000  0.000 
                                             [ MATP   44 ]     40     74 a u - -
    MP   164   163 6   168     4     2     3    51    70  -6.521  -6.728  -0.072  -5.142                 -3.250 -2.434 -3.297  2.793 -3.366 -4.400  0.908 -3.363 -3.220  1.681 -3.738 -0.015  0.481 -3.677 -1.040 -2.171 
    ML   165   163 6   168     4     1     1    51    71  -3.758  -3.940  -0.507  -2.670                  0.368 -0.385 -0.191  0.094 
    MR   166   163 6   168     4     1     1    50    70  -4.809  -3.838  -1.706  -0.766                  0.368 -0.385 -0.191  0.094 
     D   167   163 6   168     4     0     0    49    69  -4.568  -4.250  -2.265  -0.520                 
    IL   168   168 5   168     4     1     2    52    72  -1.686  -2.369  -1.117  -4.855                  0.000  0.000  0.000  0.000 
    IR   169   169 6   169     3     1     1    51    71  -1.442  -0.798  -4.142                          0.000  0.000  0.000  0.000 
                                             [ MATL   45 ]     41      - U - - -
    ML   170   169 6   172     3     1     2    48    68  -7.572  -0.027  -6.227                         -0.805 -0.931 -1.491  1.349 
     D   171   169 6   172     3     0     0    47    66  -6.174  -1.687  -0.566                         
    IL   172   172 3   172     3     1     1    50    70  -1.442  -0.798  -4.142                          0.000  0.000  0.000  0.000 
                                             [ MATL   46 ]     42      - U - - -
    ML   173   172 3   175     3     1     2    47    66  -7.572  -0.027  -6.227                         -0.805 -0.931 -1.491  1.349 
     D   174   172 3   175     3     0     0    46    65  -6.174  -1.687  -0.566                         
    IL   175   175 3   175     3     1     1    49    69  -1.442  -0.798  -4.142                          0.000  0.000  0.000  0.000 
                                             [ MATL   47 ]     43      - G - - -
    ML   176   175 3   178     3     1     1    46    65  -7.572  -0.027  -6.227                         -0.760 -1.829  1.431 -1.215 
     D   177   175 3   178     3     0     0    45    64  -6.174  -1.687  -0.566                         
    IL   178   178 3   178     3     1     1    48    68  -1.442  -0.798  -4.142                          0.000  0.000  0.000  0.000 
                                             [ MATL   48 ]     44      - U - - -
    ML   179   178 3   181     3     1     1    45    64  -7.572  -0.027  -6.227                         -0.805 -0.931 -1.491  1.349 
     D   180   178 3   181     3     0     0    44    63  -6.174  -1.687  -0.566                         
    IL   181   181 3   181     3     1     1    47    67  -1.442  -0.798  -4.142                          0.000  0.000  0.000  0.000 
                                             [ MATL   49 ]     45      - U - - -
    ML   182   181 3   184     3     1     1    44    63  -7.992  -0.024  -6.310                         -0.805 -0.931 -1.491  1.349 
     D   183   181 3   184     3     0     0    43    62  -5.620  -0.734  -1.403                         
    IL   184   184 3   184     3     1     1    45    64  -1.925  -0.554  -4.164                          0.000  0.000  0.000  0.000 
                                             [ MATR   50 ]      -     73 - C - -
    MR   185   184 3   187     3     1     1    43    62  -7.992  -0.024  -6.310                         -0.856  1.261 -1.631 -0.457 
     D   186   184 3   187     3     0     0    41    60  -6.390  -1.568  -0.620                         
    IR   187   187 3   187     3     1     1    44    63  -1.925  -0.554  -4.164                          0.000  0.000  0.000  0.000 
                                             [ MATR   51 ]      -     72 - U - -
    MR   188   187 3   190     5     1     1    42    61  -6.758  -0.049  -6.573  -6.785  -7.677         -0.805 -0.931 -1.491  1.349 
     D   189   187 3   190     5     0     0    41    60  -5.352  -0.707  -2.978  -4.409  -2.404         
    IR   190   190 3   190     5     1     1    42    61  -2.408  -0.496  -5.920  -4.087  -5.193          0.000  0.000  0.000  0.000 
                                             [ MATP   52 ]     46     71 g u - -
    MP   191   190 3   195     6     2     2    41    60  -8.959  -8.898  -0.023  -7.675  -7.955  -8.350 -3.170 -2.156 -3.292  1.362 -3.637 -4.407  0.661 -3.385 -3.098  1.950 -3.602  2.370  0.299 -3.682 -1.274 -2.106 
    ML   192   190 3   195     6     1     1    39    58  -6.250  -6.596  -1.310  -1.005  -6.446  -3.975  0.368 -0.385 -0.191  0.094 
    MR   193   190 3   195     6     1     1    39    58  -6.988  -5.717  -1.625  -5.695  -0.829  -3.908  0.368 -0.385 -0.191  0.094 
     D   194   190 3   195     6     0     0    37    56  -9.049  -7.747  -3.544  -4.226  -4.244  -0.319 
    IL   195   195 5   195     6     1     1    41    60  -2.579  -2.842  -0.760  -4.497  -5.274  -4.934  0.000  0.000  0.000  0.000 
    IR   196   196 6   196     5     1     1    40    59  -2.408  -0.496  -5.920  -4.087  -5.193          0.000  0.000  0.000  0.000 
                                             [ MATP   53 ]     47     70 C G - -
    MP   197   196 6   201     6     2     2    39    58  -8.959  -8.898  -0.023  -7.675  -7.955  -8.350 -3.816 -3.638 -3.620  0.047 -2.527 -4.124  3.233 -3.257 -3.655  0.436 -3.984 -1.576  1.048 -3.927 -0.225 -2.523 
    ML   198   196 6   201     6     1     1    37    56  -6.250  -6.596  -1.310  -1.005  -6.446  -3.975  0.368 -0.385 -0.191  0.094 
    MR   199   196 6   201     6     1     1    37    56  -6.988  -5.717  -1.625  -5.695  -0.829  -3.908  0.368 -0.385 -0.191  0.094 
     D   200   196 6   201     6     0     0    35    54  -9.049  -7.747  -3.544  -4.226  -4.244  -0.319 
    IL   201   201 5   201     6     1     1    39    58  -2.579  -2.842  -0.760  -4.497  -5.274  -4.934  0.000  0.000  0.000  0.000 
    IR   202   202 6   202     5     1     1    38    57  -2.408  -0.496  -5.920  -4.087  -5.193          0.000  0.000  0.000  0.000 
                                             [ MATP   54 ]     48     69 a u - -
    MP   203   202 6   207     6     2     2    37    56  -8.959  -8.898  -0.023  -7.675  -7.955  -8.350 -3.250 -2.434 -3.297  2.793 -3.366 -4.400  0.908 -3.363 -3.220  1.681 -3.738 -0.015  0.481 -3.677 -1.040 -2.171 
    ML   204   202 6   207     6     1     1    35    54  -6.250  -6.596  -1.310  -1.005  -6.446  -3.975  0.368 -0.385 -0.191  0.094 
    MR   205   202 6   207     6     1     1    35    54  -6.988  -5.717  -1.625  -5.695  -0.829  -3.908  0.368 -0.385 -0.191  0.094 
     D   206   202 6   207     6     0     0    33    52  -9.049  -7.747  -3.544  -4.226  -4.244  -0.319 
    IL   207   207 5   207     6     1     1    37    56  -2.579  -2.842  -0.760  -4.497  -5.274  -4.934  0.000  0.000  0.000  0.000 
    IR   208   208 6   208     5     1     1    36    55  -2.408  -0.496  -5.920  -4.087  -5.193          0.000  0.000  0.000  0.000 
                                             [ MATP   55 ]     49     68 G C - -
    MP   209   208 6   213     6     2     2    35    54  -8.959  -8.898  -0.023  -7.675  -7.955  -8.350 -3.991 -2.743 -4.049  0.675 -4.176 -4.374  0.286 -4.216 -3.794  3.388 -4.191 -0.428 -0.126 -3.965 -1.718 -2.938 
    ML   210   208 6   213     6     1     1    33    53  -6.250  -6.596  -1.310  -1.005  -6.446  -3.975  0.368 -0.385 -0.191  0.094 
    MR   211   208 6   213     6     1     1    33    52  -6.988  -5.717  -1.625  -5.695  -0.829  -3.908  0.368 -0.385 -0.191  0.094 
     D   212   208 6   213     6     0     0    31    50  -9.049  -7.747  -3.544  -4.226  -4.244  -0.319 
    IL   213   213 5   213     6     1     1    35    54  -2.579  -2.842  -0.760  -4.497  -5.274  -4.934  0.000  0.000  0.000  0.000 
    IR   214   214 6   214     5     1     1    34    53  -2.408  -0.496  -5.920  -4.087  -5.193          0.000  0.000  0.000  0.000 
                                             [ MATP   56 ]     50     67 C G - -
    MP   215   214 6   219     6     2     2    33    52  -8.959  -8.898  -0.023  -7.675  -7.955  -8.350 -3.816 -3.638 -3.620  0.047 -2.527 -4.124  3.233 -3.257 -3.655  0.436 -3.984 -1.576  1.048 -3.927 -0.225 -2.523 
    ML   216   214 6   219     6     1     1    32    51  -6.250  -6.596  -1.310  -1.005  -6.446  -3.975  0.368 -0.385 -0.191  0.094 
    MR   217   214 6   219     6     1     1    31    51  -6.988  -5.717  -1.625  -5.695  -0.829  -3.908  0.368 -0.385 -0.191  0.094 
     D   218   214 6   219     6     0     0    29    48  -9.049  -7.747  -3.544  -4.226  -4.244  -0.319 
    IL   219   219 5   219     6     1     1    33    52  -2.579  -2.842  -0.760  -4.497  -5.274  -4.934  0.000  0.000  0.000  0.000 
    IR   220   220 6   220     5     1     1    32    51  -2.408  -0.496  -5.920  -4.087  -5.193          0.000  0.000  0.000  0.000 
                                             [ MATP   57 ]     51     66 a u - -
    MP   221   220 6   225     4     2     2    31    50  -6.477  -7.723  -0.107  -4.176                 -3.250 -2.434 -3.297  2.793 -3.366 -4.400  0.908 -3.363 -3.220  1.681 -3.738 -0.015  0.481 -3.677 -1.040 -2.171 
    ML   222   220 6   225     4     1     1    30    49  -2.408  -4.532  -1.293  -1.473                  0.368 -0.385 -0.191  0.094 
    MR   223   220 6   225     4     1     1    30    49  -4.102 -12.528  -0.390  -2.485                  0.368 -0.385 -0.191  0.094 
     D   224   220 6   225     4     0     0    28    47 -12.737 -14.007  -2.036  -0.404                 
    IL   225   225 5   225     4     1     1    30    49  -2.817  -4.319  -0.613  -2.698                  0.000  0.000  0.000  0.000 
    IR   226   226 6   226     3     1     1    31    50  -1.925  -0.554  -4.164                          0.000  0.000  0.000  0.000 
                                             [ MATR   58 ]      -     65 - A - -
    MR   227   226 6   229     5     1     1    29    48  -6.758  -0.049  -6.573  -6.785  -7.677          1.484 -1.607 -1.314 -1.084 
     D   228   226 6   229     5     0     0    28    47  -5.352  -0.707  -2.978  -4.409  -2.404         
    IR   229   229 3   229     5     1     1    29    48  -2.408  -0.496  -5.920  -4.087  -5.193          0.000  0.000  0.000  0.000 
                                             [ MATP   59 ]     52     64 C G - -
    MP   230   229 3   234     4     2     2    28    47  -6.521  -6.728  -0.072  -5.142                 -3.816 -3.638 -3.620  0.047 -2.527 -4.124  3.233 -3.257 -3.655  0.436 -3.984 -1.576  1.048 -3.927 -0.225 -2.523 
    ML   231   229 3   234     4     1     1    28    47  -3.758  -3.940  -0.507  -2.670                  0.368 -0.385 -0.191  0.094 
    MR   232   229 3   234     4     1     1    28    47  -4.809  -3.838  -1.706  -0.766                  0.368 -0.385 -0.191  0.094 
     D   233   229 3   234     4     0     0    27    46  -4.568  -4.250  -2.265  -0.520                 
    IL   234   234 5   234     4     1     1    30    49  -1.686  -2.369  -1.117  -4.855                  0.000  0.000  0.000  0.000 
    IR   235   235 6   235     3     1     1    29    48  -1.442  -0.798  -4.142                          0.000  0.000  0.000  0.000 
                                             [ MATL   60 ]     53      - U - - -
    ML   236   235 6   238     3     1     1    25    44  -7.992  -0.024  -6.310                         -0.805 -0.931 -1.491  1.349 
     D   237   235 6   238     3     0     0    24    43  -5.620  -0.734  -1.403                         
    IL   238   238 3   238     3     1     1    26    45  -1.925  -0.554  -4.164                          0.000  0.000  0.000  0.000 
                                             [ MATR   61 ]      -     63 - U - -
    MR   239   238 3   241     3     1     1    24    43  -7.992  -0.024  -6.310                         -0.805 -0.931 -1.491  1.349 
     D   240   238 3   241     3     0     0    22    41  -6.390  -1.568  -0.620                         
    IR   241   241 3   241     3     1     1    25    44  -1.925  -0.554  -4.164                          0.000  0.000  0.000  0.000 
                                             [ MATR   62 ]      -     62 - U - -
    MR   242   241 3   244     5     1     1    23    42  -6.758  -0.049  -6.573  -6.785  -7.677         -0.805 -0.931 -1.491  1.349 
     D   243   241 3   244     5     0     0    22    41  -5.352  -0.707  -2.978  -4.409  -2.404         
    IR   244   244 3   244     5     1     1    23    42  -2.408  -0.496  -5.920  -4.087  -5.193          0.000  0.000  0.000  0.000 
                                             [ MATP   63 ]     54     61 G C - -
    MP   245   244 3   249     6     2     2    22    41  -8.959  -8.898  -0.023  -7.675  -7.955  -8.350 -3.991 -2.743 -4.049  0.675 -4.176 -4.374  0.286 -4.216 -3.794  3.388 -4.191 -0.428 -0.126 -3.965 -1.718 -2.938 
    ML   246   244 3   249     6     1     1    21    40  -6.250  -6.596  -1.310  -1.005  -6.446  -3.975  0.368 -0.385 -0.191  0.094 
    MR   247   244 3   249     6     1     1    21    40  -6.988  -5.717  -1.625  -5.695  -0.829  -3.908  0.368 -0.385 -0.191  0.094 
     D   248   244 3   249     6     0     0    20    38  -9.049  -7.747  -3.544  -4.226  -4.244  -0.319 
    IL   249   249 5   249     6     1     1    22    41  -2.579  -2.842  -0.760  -4.497  -5.274  -4.934  0.000  0.000  0.000  0.000 
    IR   250   250 6   250     5     1     1    21    40  -2.408  -0.496  -5.920  -4.087  -5.193          0.000  0.000  0.000  0.000 
                                             [ MATP   64 ]     55     60 C G - -
    MP   251   250 6   255     4     2     2    20    39  -6.521  -6.728  -0.072  -5.142                 -3.816 -3.638 -3.620  0.047 -2.527 -4.124  3.233 -3.257 -3.655  0.436 -3.984 -1.576  1.048 -3.927 -0.225 -2.523 
    ML   252   250 6   255     4     1     1    21    39  -3.758  -3.940  -0.507  -2.670                  0.368 -0.385 -0.191  0.094 
    MR   253   250 6   255     4     1     1    20    39  -4.809  -3.838  -1.706  -0.766                  0.368 -0.385 -0.191  0.094 
     D   254   250 6   255     4     0     0    19    38  -4.568  -4.250  -2.265  -0.520                 
    IL   255   255 5   255     4     1     1    22    41  -1.686  -2.369  -1.117  -4.855                  0.000  0.000  0.000  0.000 
    IR   256   256 6   256     3     1     1    21    40  -1.442  -0.798  -4.142                          0.000  0.000  0.000  0.000 
                                             [ MATL   65 ]     56      - A - - -
    ML   257   256 6   259     3     1     1    16    35  -7.572  -0.027  -6.227                          1.484 -1.607 -1.314 -1.084 
     D   258   256 6   259     3     0     0    16    35  -6.174  -1.687  -0.566                         
    IL   259   259 3   259     3     1     1    20    38  -1.442  -0.798  -4.142                          0.000  0.000  0.000  0.000 
                                             [ MATL   66 ]     57      - A - - -
    ML   260   259 3   262     3     1     1    15    34  -7.572  -0.027  -6.227                          1.484 -1.607 -1.314 -1.084 
     D   261   259 3   262     3     0     0    15    33  -6.174  -1.687  -0.566                         
    IL   262   262 3   262     3     1     1    19    37  -1.442  -0.798  -4.142                          0.000  0.000  0.000  0.000 
                                             [ MATL   67 ]     58      - C - - -
    ML   263   262 3   265     3     1     1    13    32  -7.572  -0.027  -6.227                         -0.856  1.261 -1.631 -0.457 
     D   264   262 3   265     3     0     0    13    32  -6.174  -1.687  -0.566                         
    IL   265   265 3   265     3     1     1    18    36  -1.442  -0.798  -4.142                          0.000  0.000  0.000  0.000 
                                             [ MATL   68 ]     59      - U - - -
    ML   266   265 3   268     2     1     1     1     1       *   0.000                                 -0.805 -0.931 -1.491  1.349 
     D   267   265 3   268     2     0     0     0     0       *   0.000                                 
    IL   268   268 3   268     2     1     1    13    28  -1.823  -0.479                                  0.000  0.000  0.000  0.000 
                                             [ END    69 ]      -      - - - - -
     E   269   268 3    -1     0     0     0     0     0                                                 
//
HMMER3/f [3.1b3 | July 2016]
NAME  t_pro_tisb_istr_round5_0001
LENG  87
MAXL  183
ALPH  RNA
RF    no
MM    no
CONS  yes
CS    yes
MAP   yes
DATE  Tue Dec 17 09:20:35 2019
COM   [1] cmbuild /home/co78wid/projects/master/results/ta_systems/tisb_istr/2_structure_analysis/infernal_search/t_pro_tisb_istr_cmbuild.txt /home/co78wid/projects/master/results/ta_systems/tisb_istr/1_sequence_analysis/fold/t_pro_tisb_istr_round5.stk
NSEQ  4
EFFN  1.589844
CKSUM 3627370204
STATS LOCAL MSV       -8.3652  0.71877
STATS LOCAL VITERBI   -9.6197  0.71877
STATS LOCAL FORWARD   -3.6735  0.71877
HMM          A        C        G        U   
            m->m     m->i     m->d     i->m     i->i     d->m     d->d
  COMPO   1.36868  1.44946  1.48624  1.25653
          1.38629  1.38629  1.38629  1.38629
          0.04979  3.71795  3.71795  1.46634  0.26236  0.00000        *
      1   0.54371  2.32906  1.51568  2.27920      1 A - - <
          1.38629  1.38629  1.38629  1.38629
          0.04979  3.71795  3.71795  1.46634  0.26236  1.09861  0.40547
      2   2.57170  1.61592  2.26669  0.47605      2 U - - <
          1.38629  1.38629  1.38629  1.38629
          0.04979  3.71795  3.71795  1.46634  0.26236  1.09861  0.40547
      3   1.76017  2.49388  0.42472  2.39208      3 G - - <
          1.38629  1.38629  1.38629  1.38629
          0.04979  3.71795  3.71795  1.46634  0.26236  1.09861  0.40547
      4   0.54442  2.32752  1.51568  2.27664      4 A - - <
          1.38629  1.38629  1.38629  1.38629
          0.04979  3.71795  3.71795  1.46634  0.26236  1.09861  0.40547
      5   1.35089  2.16494  0.70491  2.02435      5 g - - <
          1.38629  1.38629  1.38629  1.38629
          0.04979  3.71795  3.71795  1.46634  0.26236  1.09861  0.40547
      6   1.35109  0.85817  2.23343  1.56091      6 c - - -
          1.38629  1.38629  1.38629  1.38629
          0.04979  3.71795  3.71795  1.46634  0.26236  1.09861  0.40547
      7   1.73672  1.27039  1.00057  1.74004      7 g - - <
          1.38629  1.38629  1.38629  1.38629
          0.04979  3.71795  3.71795  1.46634  0.26236  1.09861  0.40547
      8   2.56667  1.61597  2.26495  0.47695      8 U - - <
          1.38629  1.38629  1.38629  1.38629
          0.04979  3.71795  3.71795  1.46634  0.26236  1.09861  0.40547
      9   1.36602  2.32693  0.62343  2.19659      9 G - - <
          1.38629  1.38629  1.38629  1.38629
          0.04979  3.71795  3.71795  1.46634  0.26236  1.09861  0.40547
     10   2.33483  2.82123  0.24721  2.76997     10 G - - <
          1.38629  1.38629  1.38629  1.38629
          0.04979  3.71795  3.71795  1.46634  0.26236  1.09861  0.40547
     11   2.29538  1.35775  2.03709  0.67015     11 U - - <
          1.38629  1.38629  1.38629  1.38629
          0.04979  3.71795  3.71795  1.46634  0.26236  1.09861  0.40547
     12   2.33441  2.82083  0.24734  2.76939     12 G - - <
          1.38629  1.38629  1.38629  1.38629
          0.04979  3.71795  3.71795  1.46634  0.26236  1.09861  0.40547
     13   2.28134  3.09386  0.24448  2.66766     13 G - - _
          1.38629  1.38629  1.38629  1.38629
          0.04979  3.71795  3.71795  1.46634  0.26236  1.09861  0.40547
     14   0.24029  2.84226  2.60604  2.50743     14 A - - _
          1.38629  1.38629  1.38629  1.38629
          0.04979  3.71795  3.71795  1.46634  0.26236  1.09861  0.40547
     15   2.24588  2.27392  2.74471  0.31884     15 U - - _
          1.38629  1.38629  1.38629  1.38629
          0.04979  3.71795  3.71795  1.46634  0.26236  1.09861  0.40547
     16   0.24029  2.84226  2.60604  2.50743     16 A - - _
          1.38629  1.38629  1.38629  1.38629
          0.04979  3.71795  3.71795  1.46634  0.26236  1.09861  0.40547
     17   2.24588  2.27392  2.74471  0.31884     17 U - - _
          1.38629  1.38629  1.38629  1.38629
          0.04979  3.71795  3.71795  1.46634  0.26236  1.09861  0.40547
     18   2.98774  0.28894  2.65030  2.04088     18 C - - >
          1.38629  1.38629  1.38629  1.38629
          0.04979  3.71795  3.71795  1.46634  0.26236  1.09861  0.40547
     19   1.13652  2.19978  0.81623  2.07034     19 g - - >
          1.38629  1.38629  1.38629  1.38629
          0.04979  3.71795  3.71795  1.46634  0.26236  1.09861  0.40547
     20   2.99033  0.28859  2.65131  2.04139     20 C - - >
          1.38629  1.38629  1.38629  1.38629
          0.04979  3.71795  3.71795  1.46634  0.26236  1.09861  0.40547
     21   2.42734  0.52114  2.13886  1.60895     21 C - - >
          1.38629  1.38629  1.38629  1.38629
          0.04979  3.71795  3.71795  1.46634  0.26236  1.09861  0.40547
     22   0.54284  2.44271  1.45242  2.32304     22 A - - >
          1.38629  1.38629  1.38629  1.38629
          0.04979  3.71795  3.71795  1.46634  0.26236  1.09861  0.40547
     23   1.96705  1.63377  1.64933  0.74917     23 u - - >
          1.38629  1.38629  1.38629  1.38629
          0.04979  3.71795  3.71795  1.46634  0.26236  1.09861  0.40547
     24   2.24588  2.27392  2.74471  0.31884     24 U - - -
          1.38629  1.38629  1.38629  1.38629
          0.04979  3.71795  3.71795  1.46634  0.26236  1.09861  0.40547
     25   2.25847  0.71192  1.97399  1.32468     25 c - - >
          1.38629  1.38629  1.38629  1.38629
          0.04979  3.71795  3.71795  1.46634  0.26236  1.09861  0.40547
     26   2.50647  1.76607  2.14286  0.46184     26 U - - >
          1.38629  1.38629  1.38629  1.38629
          0.04979  3.71795  3.71795  1.46634  0.26236  1.09861  0.40547
     27   2.60833  1.58200  2.29901  0.47736     27 U - - >
          1.38629  1.38629  1.38629  1.38629
          0.04979  3.71795  3.71795  1.46634  0.26236  1.09861  0.40547
     28   0.54394  2.43972  1.45258  2.31877     28 A - - >
          1.38629  1.38629  1.38629  1.38629
          0.04979  3.71795  3.71795  1.46634  0.26236  1.09861  0.40547
     29   2.49870  1.76575  2.14058  0.46336     29 U - - >
          1.38629  1.38629  1.38629  1.38629
          0.04979  3.71795  3.71795  1.46634  0.26236  1.09861  0.40547
     30   2.36922  0.32989  2.93122  2.00907     30 C - - -
          1.38629  1.38629  1.38629  1.38629
          0.04979  3.71795  3.71795  1.46634  0.26236  1.09861  0.40547
     31   2.36922  0.32989  2.93122  2.00907     31 C - - -
          1.38629  1.38629  1.38629  1.38629
          0.04979  3.71795  3.71795  1.46634  0.26236  1.09861  0.40547
     32   2.24588  2.27392  2.74471  0.31884     32 U - - -
          1.38629  1.38629  1.38629  1.38629
          0.04979  3.71795  3.71795  1.46634  0.26236  1.09861  0.40547
     33   1.56776  1.27613  1.19790  1.55806     33 g - - -
          1.38629  1.38629  1.38629  1.38629
          0.04979  3.71795  3.71795  1.46634  0.26236  1.09861  0.40547
     34   0.24029  2.84226  2.60604  2.50743     34 A - - -
          1.38629  1.38629  1.38629  1.38629
          0.04979  3.71795  3.71795  1.46634  0.26236  1.09861  0.40547
     35   0.24029  2.84226  2.60604  2.50743     35 A - - -
          1.38629  1.38629  1.38629  1.38629
          0.04979  3.71795  3.71795  1.46634  0.26236  1.09861  0.40547
     36   0.24029  2.84226  2.60604  2.50743     36 A - - -
          1.38629  1.38629  1.38629  1.38629
          0.04979  3.71795  3.71795  1.46634  0.26236  1.09861  0.40547
     37   2.36922  0.32989  2.93122  2.00907     37 C - - -
          1.38629  1.38629  1.38629  1.38629
          0.04979  3.71795  3.71795  1.46634  0.26236  1.09861  0.40547
     38   2.56771  1.61596  2.26530  0.47676     38 U - - <
          1.38629  1.38629  1.38629  1.38629
          0.04979  3.71795  3.71795  1.46634  0.26236  1.09861  0.40547
     39   2.80807  0.35933  2.52767  1.82209     39 C - - <
          1.38629  1.38629  1.38629  1.38629
          0.04979  3.71795  3.71795  1.46634  0.26236  1.09861  0.40547
     40   0.54453  2.32730  1.51568  2.27627     40 A - - <
          1.38629  1.38629  1.38629  1.38629
          0.04979  3.71795  3.71795  1.46634  0.26236  1.09861  0.40547
     41   2.24588  2.27392  2.74471  0.31884     41 U - - -
          1.38629  1.38629  1.38629  1.38629
          0.04979  3.71795  3.71795  1.46634  0.26236  1.09861  0.40547
     42   2.24588  2.27392  2.74471  0.31884     42 U - - -
          1.38629  1.38629  1.38629  1.38629
          0.04979  3.71795  3.71795  1.46634  0.26236  1.09861  0.40547
     43   2.28134  3.09386  0.24448  2.66766     43 G - - -
          1.38629  1.38629  1.38629  1.38629
          0.04979  3.71795  3.71795  1.46634  0.26236  1.09861  0.40547
     44   2.24588  2.27392  2.74471  0.31884     44 U - - -
          1.38629  1.38629  1.38629  1.38629
          0.04979  3.71795  3.71795  1.46634  0.26236  1.09861  0.40547
     45   2.24588  2.27392  2.74471  0.31884     45 U - - -
          1.38629  1.38629  1.38629  1.38629
          0.04979  3.71795  3.71795  1.46634  0.26236  1.09861  0.40547
     46   1.75850  2.49137  0.42599  2.38843     46 G - - <
          1.38629  1.38629  1.38629  1.38629
          0.04979  3.71795  3.71795  1.46634  0.26236  1.09861  0.40547
     47   2.80605  0.35966  2.52685  1.82179     47 C - - <
          1.38629  1.38629  1.38629  1.38629
          0.04979  3.71795  3.71795  1.46634  0.26236  1.09861  0.40547
     48   0.54459  2.32716  1.51568  2.27603     48 A - - <
          1.38629  1.38629  1.38629  1.38629
          0.04979  3.71795  3.71795  1.46634  0.26236  1.09861  0.40547
     49   2.33488  2.82127  0.24720  2.77004     49 G - - <
          1.38629  1.38629  1.38629  1.38629
          0.04979  3.71795  3.71795  1.46634  0.26236  1.09861  0.40547
     50   2.80715  0.35948  2.52730  1.82195     50 C - - <
          1.38629  1.38629  1.38629  1.38629
          0.04979  3.71795  3.71795  1.46634  0.26236  1.09861  0.40547
     51   0.54466  2.32701  1.51568  2.27579     51 A - - <
          1.38629  1.38629  1.38629  1.38629
          0.04979  3.71795  3.71795  1.46634  0.26236  1.09861  0.40547
     52   2.78069  0.36397  2.51660  1.81795     52 C - - <
          1.38629  1.38629  1.38629  1.38629
          0.04979  3.71795  3.71795  1.46634  0.26236  1.09861  0.40547
     53   2.24588  2.27392  2.74471  0.31884     53 U - - -
          1.38629  1.38629  1.38629  1.38629
          0.04979  3.71795  3.71795  1.46634  0.26236  1.09861  0.40547
     54   2.33144  2.81801  0.24826  2.76525     54 G - - <
          1.38629  1.38629  1.38629  1.38629
          0.04979  3.71795  3.71795  1.46634  0.26236  1.09861  0.40547
     55   2.80540  0.35977  2.52659  1.82169     55 C - - <
          1.38629  1.38629  1.38629  1.38629
          0.04979  3.71795  3.71795  1.46634  0.26236  1.09861  0.40547
     56   0.24029  2.84226  2.60604  2.50743     56 A - - _
          1.38629  1.38629  1.38629  1.38629
          0.04979  3.71795  3.71795  1.46634  0.26236  1.09861  0.40547
     57   0.24029  2.84226  2.60604  2.50743     57 A - - _
          1.38629  1.38629  1.38629  1.38629
          0.04979  3.71795  3.71795  1.46634  0.26236  1.09861  0.40547
     58   2.36922  0.32989  2.93122  2.00907     58 C - - _
          1.38629  1.38629  1.38629  1.38629
          0.04979  3.71795  3.71795  1.46634  0.26236  1.09861  0.40547
     59   2.24588  2.27392  2.74471  0.31884     59 U - - _
          1.38629  1.38629  1.38629  1.38629
          0.04979  3.71795  3.71795  1.46634  0.26236  1.09861  0.40547
     60   2.09699  2.69513  0.31087  2.56614     60 G - - >
          1.38629  1.38629  1.38629  1.38629
          0.04979  3.71795  3.71795  1.46634  0.26236  1.09861  0.40547
     61   2.99620  0.28778  2.65359  2.04253     61 C - - >
          1.38629  1.38629  1.38629  1.38629
          0.04979  3.71795  3.71795  1.46634  0.26236  1.09861  0.40547
     62   2.24588  2.27392  2.74471  0.31884     62 U - - -
          1.38629  1.38629  1.38629  1.38629
          0.04979  3.71795  3.71795  1.46634  0.26236  1.09861  0.40547
     63   2.24588  2.27392  2.74471  0.31884     63 U - - -
          1.38629  1.38629  1.38629  1.38629
          0.04979  3.71795  3.71795  1.46634  0.26236  1.09861  0.40547
     64   2.09490  2.69278  0.31177  2.56297     64 G - - >
          1.38629  1.38629  1.38629  1.38629
          0.04979  3.71795  3.71795  1.46634  0.26236  1.09861  0.40547
     65   0.24029  2.84226  2.60604  2.50743     65 A - - -
          1.38629  1.38629  1.38629  1.38629
          0.04979  3.71795  3.71795  1.46634  0.26236  1.09861  0.40547
     66   2.50730  1.76610  2.14311  0.46168     66 U - - >
          1.38629  1.38629  1.38629  1.38629
          0.04979  3.71795  3.71795  1.46634  0.26236  1.09861  0.40547
     67   2.09554  2.69350  0.31150  2.56394     67 G - - >
          1.38629  1.38629  1.38629  1.38629
          0.04979  3.71795  3.71795  1.46634  0.26236  1.09861  0.40547
     68   2.99042  0.28857  2.65135  2.04140     68 C - - >
          1.38629  1.38629  1.38629  1.38629
          0.04979  3.71795  3.71795  1.46634  0.26236  1.09861  0.40547
     69   2.50968  1.76620  2.14380  0.46122     69 U - - >
          1.38629  1.38629  1.38629  1.38629
          0.04979  3.71795  3.71795  1.46634  0.26236  1.09861  0.40547
     70   2.09711  2.69527  0.31082  2.56633     70 G - - >
          1.38629  1.38629  1.38629  1.38629
          0.04979  3.71795  3.71795  1.46634  0.26236  1.09861  0.40547
     71   2.61588  1.58185  2.30164  0.47609     71 U - - >
          1.38629  1.38629  1.38629  1.38629
          0.04979  3.71795  3.71795  1.46634  0.26236  1.09861  0.40547
     72   2.24588  2.27392  2.74471  0.31884     72 U - - -
          1.38629  1.38629  1.38629  1.38629
          0.04979  3.71795  3.71795  1.46634  0.26236  1.09861  0.40547
     73   2.36922  0.32989  2.93122  2.00907     73 C - - -
          1.38629  1.38629  1.38629  1.38629
          0.04979  3.71795  3.71795  1.46634  0.26236  1.09861  0.40547
     74   2.50586  1.76604  2.14268  0.46196     74 U - - >
          1.38629  1.38629  1.38629  1.38629
          0.04979  3.71795  3.71795  1.46634  0.26236  1.09861  0.40547
     75   2.09350  2.69120  0.31238  2.56084     75 G - - >
          1.38629  1.38629  1.38629  1.38629
          0.04979  3.71795  3.71795  1.46634  0.26236  1.09861  0.40547
     76   0.54436  2.43862  1.45264  2.31718     76 A - - >
          1.38629  1.38629  1.38629  1.38629
          0.04979  3.71795  3.71795  1.46634  0.26236  1.09861  0.40547
     77   0.24029  2.84226  2.60604  2.50743     77 A - - :
          1.38629  1.38629  1.38629  1.38629
          0.04979  3.71795  3.71795  1.46634  0.26236  1.09861  0.40547
     78   0.24029  2.84226  2.60604  2.50743     78 A - - :
          1.38629  1.38629  1.38629  1.38629
          0.04979  3.71795  3.71795  1.46634  0.26236  1.09861  0.40547
     79   2.24588  2.27392  2.74471  0.31884     79 U - - :
          1.38629  1.38629  1.38629  1.38629
          0.04979  3.71795  3.71795  1.46634  0.26236  1.09861  0.40547
     80   0.24029  2.84226  2.60604  2.50743     80 A - - :
          1.38629  1.38629  1.38629  1.38629
          0.04979  3.71795  3.71795  1.46634  0.26236  1.09861  0.40547
     81   2.36922  0.32989  2.93122  2.00907     81 C - - :
          1.38629  1.38629  1.38629  1.38629
          0.04979  3.71795  3.71795  1.46634  0.26236  1.09861  0.40547
     82   2.36922  0.32989  2.93122  2.00907     82 C - - :
          1.38629  1.38629  1.38629  1.38629
          0.04979  3.71795  3.71795  1.46634  0.26236  1.09861  0.40547
     83   2.24588  2.27392  2.74471  0.31884     83 U - - :
          1.38629  1.38629  1.38629  1.38629
          0.04979  3.71795  3.71795  1.46634  0.26236  1.09861  0.40547
     84   1.59474  1.98811  1.18523  1.03731     84 u - - :
          1.38629  1.38629  1.38629  1.38629
          0.04979  3.71795  3.71795  1.46634  0.26236  1.09861  0.40547
     85   0.24029  2.84226  2.60604  2.50743     85 A - - :
          1.38629  1.38629  1.38629  1.38629
          0.04979  3.71795  3.71795  1.46634  0.26236  1.09861  0.40547
     86   0.24029  2.84226  2.60604  2.50743     86 A - - :
          1.38629  1.38629  1.38629  1.38629
          0.04979  3.71795  3.71795  1.46634  0.26236  1.09861  0.40547
     87   2.28134  3.09386  0.24448  2.66766     87 G - - :
          1.38629  1.38629  1.38629  1.38629
          0.02520  3.69336        *  1.46634  0.26236  0.00000        *
//
