INFERNAL1/a [1.1.2 | July 2016]
NAME     at_nt_dinq_agrb_round5_0001
STATES   264
NODES    82
CLEN     85
W        104
ALPH     RNA
RF       no
CONS     yes
MAP      yes
DATE     Tue Dec 17 04:36:01 2019
COM      [1] cmbuild /home/co78wid/projects/master/results/ta_systems/dinq_agrb/2_structure_analysis/infernal_search/at_nt_dinq_agrb_cmbuild.txt /home/co78wid/projects/master/results/ta_systems/dinq_agrb/1_sequence_analysis/fold/at_nt_dinq_agrb_round5.stk
COM      [2] cmcalibrate --cpu 20 /home/co78wid/projects/master/results/ta_systems/dinq_agrb/2_structure_analysis/infernal_search/at_nt_dinq_agrb_cmbuild.txt
PBEGIN   0.05
PEND     0.05
WBETA    1e-07
QDBBETA1 1e-07
QDBBETA2 1e-15
N2OMEGA  1.52588e-05
N3OMEGA  1.52588e-05
ELSELF   -0.08926734
NSEQ     83
EFFN     1.831329
CKSUM    3241473537
NULL     0.000  0.000  0.000  0.000 
EFP7GF   -7.8027 0.71862
ECMLC    0.55087    -9.17850     1.76851     1600000      499071  0.002404
ECMGC    0.38117   -15.80367    -4.05477     1600000       35234  0.011353
ECMLI    0.54150    -6.41136     3.99146     1600000      335448  0.003577
ECMGI    0.41274   -10.47034     0.27655     1600000       33762  0.011848
CM
                                             [ ROOT    0 ]      -      - - - - -
     S     0    -1 0     1     4     1     1   104   126  -6.907  -7.114  -0.379  -2.215                 
    IL     1     1 2     1     4    10    39   108   130  -1.686  -2.369  -1.117  -4.855                  0.000  0.000  0.000  0.000 
    IR     2     2 3     2     3    10    38   107   129  -1.442  -0.798  -4.142                          0.000  0.000  0.000  0.000 
                                             [ MATL    1 ]      1      - U - - -
    ML     3     2 3     5     3    11    40   105   126  -7.641  -0.026  -6.295                         -0.917 -1.020 -1.613  1.406 
     D     4     2 3     5     3     6    33   102   124  -7.562  -3.075  -0.191                         
    IL     5     5 3     5     3    10    38   106   128  -1.442  -0.798  -4.142                          0.000  0.000  0.000  0.000 
                                             [ MATL    2 ]      2      - U - - -
    ML     6     5 3     8     3    11    40   104   125  -7.641  -0.026  -6.295                         -0.917 -1.020 -1.613  1.406 
     D     7     5 3     8     3     6    33   101   123  -7.562  -3.075  -0.191                         
    IL     8     8 3     8     3    10    38   105   127  -1.442  -0.798  -4.142                          0.000  0.000  0.000  0.000 
                                             [ MATL    3 ]      3      - A - - -
    ML     9     8 3    11     3    11    39   103   124  -7.641  -0.026  -6.295                          1.536 -1.736 -1.431 -1.222 
     D    10     8 3    11     3     6    32   100   122  -7.562  -3.075  -0.191                         
    IL    11    11 3    11     3     9    38   104   126  -1.442  -0.798  -4.142                          0.000  0.000  0.000  0.000 
                                             [ MATL    4 ]      4      - G - - -
    ML    12    11 3    14     3    11    39   101   123  -7.641  -0.026  -6.295                         -0.898 -1.996  1.500 -1.381 
     D    13    11 3    14     3     6    32    99   121  -7.562  -3.075  -0.191                         
    IL    14    14 3    14     3     9    37   103   125  -1.442  -0.798  -4.142                          0.000  0.000  0.000  0.000 
                                             [ MATL    5 ]      5      - A - - -
    ML    15    14 3    17     3    10    39   100   122  -7.641  -0.026  -6.295                          1.536 -1.736 -1.431 -1.222 
     D    16    14 3    17     3     5    32    98   119  -7.562  -3.075  -0.191                         
    IL    17    17 3    17     3     9    37   102   124  -1.442  -0.798  -4.142                          0.000  0.000  0.000  0.000 
                                             [ MATL    6 ]      6      - U - - -
    ML    18    17 3    20     3    10    39    99   121  -7.641  -0.026  -6.295                         -0.917 -1.020 -1.613  1.406 
     D    19    17 3    20     3     5    32    97   118  -7.562  -3.075  -0.191                         
    IL    20    20 3    20     3     9    37   101   123  -1.442  -0.798  -4.142                          0.000  0.000  0.000  0.000 
                                             [ MATL    7 ]      7      - g - - -
    ML    21    20 3    23     3    10    38    98   120  -7.641  -0.026  -6.295                          0.190 -1.288  0.869 -0.680 
     D    22    20 3    23     3     5    31    96   117  -7.562  -3.075  -0.191                         
    IL    23    23 3    23     3     9    37   100   122  -1.442  -0.798  -4.142                          0.000  0.000  0.000  0.000 
                                             [ MATL    8 ]      8      - a - - -
    ML    24    23 3    26     3    10    38    97   119  -7.641  -0.026  -6.295                          0.889 -0.847 -0.822  0.037 
     D    25    23 3    26     3     5    31    95   116  -7.562  -3.075  -0.191                         
    IL    26    26 3    26     3     9    36    99   121  -1.442  -0.798  -4.142                          0.000  0.000  0.000  0.000 
                                             [ MATL    9 ]      9      - u - - -
    ML    27    26 3    29     3    10    38    96   118  -7.641  -0.026  -6.295                         -0.193 -0.684  0.064  0.544 
     D    28    26 3    29     3     5    31    94   115  -7.562  -3.075  -0.191                         
    IL    29    29 3    29     3     9    36    98   120  -1.442  -0.798  -4.142                          0.000  0.000  0.000  0.000 
                                             [ MATL   10 ]     10      - G - - -
    ML    30    29 3    32     3    10    37    95   117  -7.641  -0.026  -6.295                          0.014 -1.382  1.015 -0.773 
     D    31    29 3    32     3     5    31    93   114  -7.562  -3.075  -0.191                         
    IL    32    32 3    32     3     8    36    97   119  -1.442  -0.798  -4.142                          0.000  0.000  0.000  0.000 
                                             [ MATL   11 ]     11      - g - - -
    ML    33    32 3    35     3    10    37    94   116  -7.641  -0.026  -6.295                          0.090 -1.339  0.955 -0.731 
     D    34    32 3    35     3     5    31    92   113  -7.562  -3.075  -0.191                         
    IL    35    35 3    35     3     8    36    96   117  -1.442  -0.798  -4.142                          0.000  0.000  0.000  0.000 
                                             [ MATL   12 ]     12      - C - - -
    ML    36    35 3    38     3     9    36    93   115  -7.641  -0.026  -6.295                         -0.913  1.275 -1.697 -0.432 
     D    37    35 3    38     3     5    30    91   112  -7.562  -3.075  -0.191                         
    IL    38    38 3    38     3     8    35    95   116  -1.442  -0.798  -4.142                          0.000  0.000  0.000  0.000 
                                             [ MATL   13 ]     13      - u - - -
    ML    39    38 3    41     3     9    36    92   114  -7.641  -0.026  -6.295                          0.447 -0.695 -0.896  0.567 
     D    40    38 3    41     3     4    30    90   111  -7.562  -3.075  -0.191                         
    IL    41    41 3    41     3     8    35    94   115  -1.442  -0.798  -4.142                          0.000  0.000  0.000  0.000 
                                             [ MATL   14 ]     14      - u - - -
    ML    42    41 3    44     3     9    35    91   113  -7.641  -0.026  -6.295                          0.236 -0.266 -0.887  0.536 
     D    43    41 3    44     3     4    30    89   110  -7.562  -3.075  -0.191                         
    IL    44    44 3    44     3     8    34    93   114  -1.442  -0.798  -4.142                          0.000  0.000  0.000  0.000 
                                             [ MATL   15 ]     15      - U - - -
    ML    45    44 3    47     3     9    34    90   112  -7.641  -0.026  -6.295                         -0.917 -1.020 -1.613  1.406 
     D    46    44 3    47     3     4    30    88   109  -7.562  -2.089  -0.397                         
    IL    47    47 3    47     3     8    34    92   113  -1.442  -0.798  -4.142                          0.000  0.000  0.000  0.000 
                                             [ MATL   16 ]     16      - C - - -
    ML    48    47 3    50     3     8    34    89   111  -7.699  -0.025  -6.354                         -0.814  1.147 -1.602 -0.173 
     D    49    47 3    50     3     4    29    87   108  -7.383  -2.896  -0.218                         
    IL    50    50 3    50     3     7    33    91   112  -1.442  -0.798  -4.142                          0.000  0.000  0.000  0.000 
                                             [ MATL   17 ]     17      - U - - -
    ML    51    50 3    53     3     8    33    88   110  -7.699  -0.025  -6.354                         -1.015 -1.098 -1.719  1.451 
     D    52    50 3    53     3     4    29    86   107  -7.383  -2.896  -0.218                         
    IL    53    53 3    53     3     7    33    90   111  -1.442  -0.798  -4.142                          0.000  0.000  0.000  0.000 
                                             [ MATL   18 ]     18      - C - - -
    ML    54    53 3    56     3     7    32    87   108  -7.699  -0.025  -6.354                         -1.124  1.404 -1.918 -0.667 
     D    55    53 3    56     3     4    29    85   106  -7.383  -2.896  -0.218                         
    IL    56    56 3    56     3     7    32    89   110  -1.442  -0.798  -4.142                          0.000  0.000  0.000  0.000 
                                             [ MATL   19 ]     19      - A - - -
    ML    57    56 3    59     3     6    31    86   107  -4.495  -0.084  -6.354                          1.269 -0.975 -1.118 -0.690 
     D    58    56 3    59     3     4    29    85   106  -7.383  -0.594  -1.593                         
    IL    59    59 3    59     3     6    31    87   109  -1.548  -0.724  -4.248                          0.000  0.000  0.000  0.000 
                                             [ MATL   20 ]     21      - C - - -
    ML    60    59 3    62     3     5    30    85   106  -7.912  -0.021  -6.566                         -1.615  1.588 -2.434 -1.054 
     D    61    59 3    62     3     3    27    83   105  -6.299  -1.443  -0.691                         
    IL    62    62 3    62     3     5    30    86   108  -1.442  -0.798  -4.142                          0.000  0.000  0.000  0.000 
                                             [ MATL   21 ]     22      - U - - -
    ML    63    62 3    65     3     5    29    84   105  -7.927  -0.021  -6.581                         -1.255 -1.192 -1.984  1.531 
     D    64    62 3    65     3     2    27    82   104  -6.174  -1.687  -0.566                         
    IL    65    65 3    65     3     5    29    85   107  -1.442  -0.798  -4.142                          0.000  0.000  0.000  0.000 
                                             [ MATL   22 ]     23      - C - - -
    ML    66    65 3    68     3     4    28    83   104  -8.319  -0.299  -2.440                         -1.542  1.554 -2.362 -0.929 
     D    67    65 3    68     3     2    26    82   103  -5.620  -0.734  -1.403                         
    IL    68    68 3    68     3     4    29    84   105  -1.925  -0.554  -4.164                          0.000  0.000  0.000  0.000 
                                             [ MATR   23 ]      -     91 - C - -
    MR    69    68 3    71     3     5    28    82   103  -8.043  -0.023  -6.361                         -0.971  1.327 -1.755 -0.547 
     D    70    68 3    71     3     1    25    81   102  -7.663  -0.740  -1.336                         
    IR    71    71 3    71     3     4    28    83   104  -1.925  -0.554  -4.164                          0.000  0.000  0.000  0.000 
                                             [ MATR   24 ]      -     90 - a - -
    MR    72    71 3    74     3     4    27    81   102  -8.264  -0.027  -6.054                          0.882 -0.919 -1.022  0.183 
     D    73    71 3    74     3     1    24    79   101  -6.776  -1.021  -1.006                         
    IR    74    74 3    74     3     3    27    82   103  -1.925  -0.554  -4.164                          0.000  0.000  0.000  0.000 
                                             [ MATR   25 ]      -     89 - U - -
    MR    75    74 3    77     3     4    26    80   101  -8.313  -0.019  -6.631                         -1.062 -1.212 -1.845  1.491 
     D    76    74 3    77     3     0    23    78    99  -6.441  -1.472  -0.671                         
    IR    77    77 3    77     3     3    26    81   102  -1.925  -0.554  -4.164                          0.000  0.000  0.000  0.000 
                                             [ MATR   26 ]      -     88 - U - -
    MR    78    77 3    80     3     4    26    79   100  -8.319  -0.019  -6.637                         -1.416 -1.425 -2.146  1.598 
     D    79    77 3    80     3     0    22    77    98  -6.390  -1.568  -0.620                         
    IR    80    80 3    80     3     3    25    80   101  -1.925  -0.554  -4.164                          0.000  0.000  0.000  0.000 
                                             [ MATR   27 ]      -     87 - U - -
    MR    81    80 3    83     3     3    25    78    99  -8.319  -0.019  -6.637                         -1.416 -1.425 -2.146  1.598 
     D    82    80 3    83     3     0    21    76    97  -6.390  -1.568  -0.620                         
    IR    83    83 3    83     3     2    24    79   100  -1.925  -0.554  -4.164                          0.000  0.000  0.000  0.000 
                                             [ MATR   28 ]      -     86 - U - -
    MR    84    83 3    86     3     3    24    77    98  -8.319  -0.032  -5.753                         -1.284 -1.236 -2.013  1.544 
     D    85    83 3    86     3     0    21    75    96  -6.390  -1.568  -0.620                         
    IR    86    86 3    86     3     2    24    78    99  -1.925  -0.554  -4.164                          0.000  0.000  0.000  0.000 
                                             [ MATR   29 ]      -     85 - U - -
    MR    87    86 3    89     3     3    23    76    97  -8.307  -0.019  -6.625                         -1.392 -1.405 -2.121  1.590 
     D    88    86 3    89     3     0    20    74    96  -6.486  -1.395  -0.716                         
    IR    89    89 3    89     3     2    23    77    98  -1.925  -0.554  -4.164                          0.000  0.000  0.000  0.000 
                                             [ MATR   30 ]      -     84 - U - -
    MR    90    89 3    92     3     2    22    75    96  -8.319  -0.019  -6.637                         -1.110 -0.957 -1.839  1.455 
     D    91    89 3    92     3     0    19    73    94  -6.390  -1.568  -0.620                         
    IR    92    92 3    92     3     2    22    76    97  -1.925  -0.554  -4.164                          0.000  0.000  0.000  0.000 
                                             [ MATR   31 ]      -     83 - u - -
    MR    93    92 3    95     3     2    21    74    95  -8.319  -0.019  -6.637                         -0.414 -0.858 -0.218  0.878 
     D    94    92 3    95     3     0    19    72    94  -6.390  -1.568  -0.620                         
    IR    95    95 3    95     3     1    21    75    96  -1.925  -0.554  -4.164                          0.000  0.000  0.000  0.000 
                                             [ MATR   32 ]      -     82 - G - -
    MR    96    95 3    98     3     2    20    73    94  -8.319  -0.019  -6.637                         -1.500 -2.707  1.704 -2.094 
     D    97    95 3    98     3     0    18    72    93  -6.390  -1.568  -0.620                         
    IR    98    98 3    98     3     1    20    74    95  -1.925  -0.554  -4.164                          0.000  0.000  0.000  0.000 
                                             [ MATR   33 ]      -     81 - G - -
    MR    99    98 3   101     2     1    19    72    93  -8.311  -0.005                                 -1.233 -2.517  1.648 -1.910 
     D   100    98 3   101     2     0    18    71    92  -4.432  -0.068                                 
    IR   101   101 3   101     2     1    19    73    94  -1.823  -0.479                                  0.000  0.000  0.000  0.000 
                                             [ BIF    34 ]      -      - - - - -
     B   102   101 3   103   183     0    18    71    92                                                 
                                             [ BEGL   35 ]      -      - - - - -
     S   103   102 1   104     4     0     0    41    61  -0.045  -6.813  -6.220  -6.860                 
                                             [ MATP   36 ]     24     49 C G - -
    MP   104   103 1   108     6     2     3    41    61  -9.092  -9.031  -0.021  -7.808  -8.088  -8.483 -4.385 -4.362 -4.170 -0.626 -2.125 -4.644  3.531 -3.788 -4.221 -0.409 -4.522 -2.385  0.571 -4.493 -0.720 -3.085 
    ML   105   103 1   108     6     1     1    41    60  -6.250  -6.596  -1.310  -1.005  -6.446  -3.975  0.368 -0.385 -0.191  0.094 
    MR   106   103 1   108     6     1     1    40    60  -6.988  -5.717  -1.625  -5.695  -0.829  -3.908  0.368 -0.385 -0.191  0.094 
     D   107   103 1   108     6     0     0    39    58  -9.049  -7.747  -3.544  -4.226  -4.244  -0.319 
    IL   108   108 5   108     6     1     1    41    61  -2.579  -2.842  -0.760  -4.497  -5.274  -4.934  0.000  0.000  0.000  0.000 
    IR   109   109 6   109     5     1     1    41    60  -2.408  -0.496  -5.920  -4.087  -5.193          0.000  0.000  0.000  0.000 
                                             [ MATP   37 ]     25     48 a u - -
    MP   110   109 6   114     4     2     2    39    59  -6.907  -7.114  -0.055  -5.528                 -3.356 -2.447 -3.441  2.901 -3.918 -4.681  0.328 -3.626 -3.357  1.737 -3.901  0.652  0.056 -3.823 -1.577 -2.310 
    ML   111   109 6   114     4     1     1    40    59  -3.758  -3.940  -0.507  -2.670                  0.368 -0.385 -0.191  0.094 
    MR   112   109 6   114     4     1     1    39    59  -4.809  -3.838  -1.706  -0.766                  0.368 -0.385 -0.191  0.094 
     D   113   109 6   114     4     0     0    38    58  -4.568  -4.250  -2.265  -0.520                 
    IL   114   114 5   114     4     1     1    41    61  -1.686  -2.369  -1.117  -4.855                  0.000  0.000  0.000  0.000 
    IR   115   115 6   115     3     1     1    40    60  -1.442  -0.798  -4.142                          0.000  0.000  0.000  0.000 
                                             [ MATL   38 ]     26      - G - - -
    ML   116   115 6   118     3     1     1    37    56  -8.319  -0.019  -6.637                         -0.991 -2.336  1.584 -1.735 
     D   117   115 6   118     3     0     0    36    55  -5.620  -0.734  -1.403                         
    IL   118   118 3   118     3     1     1    38    57  -1.925  -0.554  -4.164                          0.000  0.000  0.000  0.000 
                                             [ MATR   39 ]      -     47 - C - -
    MR   119   118 3   121     5     1     1    36    55  -7.061  -0.056  -5.719  -7.088  -7.980         -1.650  1.599 -2.471 -1.082 
     D   120   118 3   121     5     0     0    35    54  -5.352  -0.707  -2.978  -4.409  -2.404         
    IR   121   121 3   121     5     1     1    36    55  -2.408  -0.496  -5.920  -4.087  -5.193          0.000  0.000  0.000  0.000 
                                             [ MATP   40 ]     27     46 c g - -
    MP   122   121 3   126     6     2     2    35    54  -9.085  -9.024  -0.021  -7.801  -8.081  -8.476 -3.044 -3.059 -3.073  0.497 -1.693 -3.782  2.615 -2.484 -3.084  0.655 -3.559 -1.191  1.426 -3.273  1.198 -2.047 
    ML   123   121 3   126     6     1     1    34    53  -6.340  -6.686  -1.187  -1.095  -6.536  -4.065  0.253 -0.086 -0.395  0.145 
    MR   124   121 3   126     6     1     1    34    53  -6.988  -5.717  -1.625  -5.695  -0.829  -3.908  0.368 -0.385 -0.191  0.094 
     D   125   121 3   126     6     0     0    32    52  -9.049  -7.747  -3.544  -4.226  -4.244  -0.319 
    IL   126   126 5   126     6     1     1    35    54  -2.579  -2.842  -0.760  -4.497  -5.274  -4.934  0.000  0.000  0.000  0.000 
    IR   127   127 6   127     5     1     1    34    53  -2.408  -0.496  -5.920  -4.087  -5.193          0.000  0.000  0.000  0.000 
                                             [ MATP   41 ]     28     45 C G - -
    MP   128   127 6   132     4     2     2    33    52  -6.907  -7.114  -0.055  -5.528                 -4.419 -4.391 -4.182 -0.642 -2.327 -4.637  3.535 -3.776 -4.234 -0.417 -4.525 -2.406  0.581 -4.513 -0.695 -3.090 
    ML   129   127 6   132     4     1     1    33    53  -3.758  -3.940  -0.507  -2.670                  0.368 -0.385 -0.191  0.094 
    MR   130   127 6   132     4     1     1    33    52  -4.809  -3.838  -1.706  -0.766                  0.368 -0.385 -0.191  0.094 
     D   131   127 6   132     4     0     0    32    51  -4.568  -4.250  -2.265  -0.520                 
    IL   132   132 5   132     4     1     1    35    54  -1.686  -2.369  -1.117  -4.855                  0.000  0.000  0.000  0.000 
    IR   133   133 6   133     3     1     1    34    53  -1.442  -0.798  -4.142                          0.000  0.000  0.000  0.000 
                                             [ MATL   42 ]     29      - A - - -
    ML   134   133 6   136     3     1     1    30    49  -8.319  -0.019  -6.637                          1.702 -2.295 -1.935 -1.830 
     D   135   133 6   136     3     0     0    29    48  -5.620  -0.734  -1.403                         
    IL   136   136 3   136     3     1     1    31    50  -1.925  -0.554  -4.164                          0.000  0.000  0.000  0.000 
                                             [ MATR   43 ]      -     44 - G - -
    MR   137   136 3   139     3     1     1    29    48  -8.319  -0.064  -4.644                          0.018 -1.484  1.046 -0.824 
     D   138   136 3   139     3     0     0    28    47  -6.390  -1.568  -0.620                         
    IR   139   139 3   139     3     1     1    30    49  -1.925  -0.554  -4.164                          0.000  0.000  0.000  0.000 
                                             [ MATR   44 ]      -     43 - A - -
    MR   140   139 3   142     5     1     1    28    47  -7.020  -0.041  -6.835  -7.047  -7.939          1.186 -1.161 -1.166 -0.267 
     D   141   139 3   142     5     0     0    27    46  -5.537  -0.601  -3.163  -4.594  -2.588         
    IR   142   142 3   142     5     1     1    29    48  -2.408  -0.496  -5.920  -4.087  -5.193          0.000  0.000  0.000  0.000 
                                             [ MATP   45 ]     30     42 G C - -
    MP   143   142 3   147     6     2     2    27    46  -9.092  -9.031  -0.021  -7.808  -8.088  -8.483 -4.281 -2.892 -4.329  0.490 -4.719 -4.502 -0.172 -4.638 -3.185  3.517 -4.440 -0.598 -0.518 -4.106 -2.176 -3.248 
    ML   144   142 3   147     6     1     1    27    46  -6.250  -6.596  -1.310  -1.005  -6.446  -3.975  0.368 -0.385 -0.191  0.094 
    MR   145   142 3   147     6     1     1    26    45  -6.988  -5.717  -1.625  -5.695  -0.829  -3.908  0.368 -0.385 -0.191  0.094 
     D   146   142 3   147     6     0     0    25    44  -9.049  -7.747  -3.544  -4.226  -4.244  -0.319 
    IL   147   147 5   147     6     1     1    27    46  -2.579  -2.842  -0.760  -4.497  -5.274  -4.934  0.000  0.000  0.000  0.000 
    IR   148   148 6   148     5     1     1    27    46  -2.408  -0.496  -5.920  -4.087  -5.193          0.000  0.000  0.000  0.000 
                                             [ MATP   46 ]     31     41 A U - -
    MP   149   148 6   153     4     2     2    25    44  -6.907  -7.114  -0.055  -5.528                 -3.409 -2.659 -3.457  3.121 -3.768 -4.630  0.393 -3.629 -3.455  1.324 -3.993 -0.051  0.095 -3.817 -1.496 -1.589 
    ML   150   148 6   153     4     1     1    26    45  -3.758  -3.940  -0.507  -2.670                  0.368 -0.385 -0.191  0.094 
    MR   151   148 6   153     4     1     1    25    45  -4.809  -3.838  -1.706  -0.766                  0.368 -0.385 -0.191  0.094 
     D   152   148 6   153     4     0     0    24    44  -4.568  -4.250  -2.265  -0.520                 
    IL   153   153 5   153     4     1     1    27    46  -1.686  -2.369  -1.117  -4.855                  0.000  0.000  0.000  0.000 
    IR   154   154 6   154     3     1     1    26    45  -1.442  -0.798  -4.142                          0.000  0.000  0.000  0.000 
                                             [ MATL   47 ]     32      - G - - -
    ML   155   154 6   157     3     1     1    22    41  -7.927  -0.021  -6.581                         -1.267 -2.368  1.620 -1.655 
     D   156   154 6   157     3     0     0    21    40  -6.174  -1.687  -0.566                         
    IL   157   157 3   157     3     1     1    25    44  -1.442  -0.798  -4.142                          0.000  0.000  0.000  0.000 
                                             [ MATL   48 ]     33      - C - - -
    ML   158   157 3   160     3     1     1    21    40  -7.927  -0.021  -6.581                         -0.948  1.380 -1.927 -0.699 
     D   159   157 3   160     3     0     0    20    39  -6.174  -1.687  -0.566                         
    IL   160   160 3   160     3     1     1    24    43  -1.442  -0.798  -4.142                          0.000  0.000  0.000  0.000 
                                             [ MATL   49 ]     34      - C - - -
    ML   161   160 3   163     3     1     1    20    39  -7.927  -0.021  -6.581                         -1.521  1.545 -2.341 -0.898 
     D   162   160 3   163     3     0     0    19    38  -6.174  -1.687  -0.566                         
    IL   163   163 3   163     3     1     1    23    42  -1.442  -0.798  -4.142                          0.000  0.000  0.000  0.000 
                                             [ MATL   50 ]     35      - A - - -
    ML   164   163 3   166     3     1     1    19    37  -7.927  -0.021  -6.581                          1.652 -2.097 -1.805 -1.572 
     D   165   163 3   166     3     0     0    18    37  -6.174  -1.687  -0.566                         
    IL   166   166 3   166     3     1     1    22    41  -1.442  -0.798  -4.142                          0.000  0.000  0.000  0.000 
                                             [ MATL   51 ]     36      - C - - -
    ML   167   166 3   169     3     1     1    18    36  -7.927  -0.021  -6.581                         -1.650  1.599 -2.471 -1.082 
     D   168   166 3   169     3     0     0    17    36  -6.174  -1.687  -0.566                         
    IL   169   169 3   169     3     1     1    21    40  -1.442  -0.798  -4.142                          0.000  0.000  0.000  0.000 
                                             [ MATL   52 ]     37      - C - - -
    ML   170   169 3   172     3     1     1    16    35  -7.927  -0.021  -6.581                         -1.650  1.599 -2.471 -1.082 
     D   171   169 3   172     3     0     0    16    34  -6.174  -1.687  -0.566                         
    IL   172   172 3   172     3     1     1    20    38  -1.442  -0.798  -4.142                          0.000  0.000  0.000  0.000 
                                             [ MATL   53 ]     38      - A - - -
    ML   173   172 3   175     3     1     1    15    33  -7.927  -0.021  -6.581                          1.702 -2.295 -1.935 -1.830 
     D   174   172 3   175     3     0     0    15    33  -6.174  -1.687  -0.566                         
    IL   175   175 3   175     3     1     1    19    37  -1.442  -0.798  -4.142                          0.000  0.000  0.000  0.000 
                                             [ MATL   54 ]     39      - A - - -
    ML   176   175 3   178     3     1     1    13    32  -7.927  -0.021  -6.581                          1.702 -2.295 -1.935 -1.830 
     D   177   175 3   178     3     0     0    13    32  -6.174  -1.687  -0.566                         
    IL   178   178 3   178     3     1     1    18    36  -1.442  -0.798  -4.142                          0.000  0.000  0.000  0.000 
                                             [ MATL   55 ]     40      - C - - -
    ML   179   178 3   181     2     1     1     1     1       *   0.000                                 -1.256  1.472 -2.131 -0.789 
     D   180   178 3   181     2     0     0     0     0       *   0.000                                 
    IL   181   181 3   181     2     1     1    13    28  -1.823  -0.479                                  0.000  0.000  0.000  0.000 
                                             [ END    56 ]      -      - - - - -
     E   182   181 3    -1     0     0     0     0     0                                                 
                                             [ BEGR   57 ]      -      - - - - -
     S   183   102 1   184     3     0     0    44    65  -7.927  -0.021  -6.581                         
    IL   184   184 2   184     3     1     1    47    68  -1.442  -0.798  -4.142                          0.000  0.000  0.000  0.000 
                                             [ MATL   58 ]     50      - g - - -
    ML   185   184 2   187     3     1     1    44    65  -7.927  -0.021  -6.581                          0.188 -1.317  0.911 -0.788 
     D   186   184 2   187     3     0     0    42    63  -6.174  -1.687  -0.566                         
    IL   187   187 3   187     3     1     1    46    67  -1.442  -0.798  -4.142                          0.000  0.000  0.000  0.000 
                                             [ MATL   59 ]     51      - A - - -
    ML   188   187 3   190     3     1     1    43    64  -7.927  -0.021  -6.581                          1.702 -2.295 -1.935 -1.830 
     D   189   187 3   190     3     0     0    41    62  -6.174  -1.687  -0.566                         
    IL   190   190 3   190     3     1     1    45    66  -1.442  -0.798  -4.142                          0.000  0.000  0.000  0.000 
                                             [ MATL   60 ]     52      - A - - -
    ML   191   190 3   193     3     1     1    42    63  -7.927  -0.021  -6.581                          1.105 -1.093 -0.410 -0.673 
     D   192   190 3   193     3     0     0    40    61  -6.174  -1.687  -0.566                         
    IL   193   193 3   193     3     1     1    44    65  -1.442  -0.798  -4.142                          0.000  0.000  0.000  0.000 
                                             [ MATL   61 ]     53      - A - - -
    ML   194   193 3   196     3     1     1    41    62  -7.927  -0.033  -5.738                          1.702 -2.295 -1.935 -1.830 
     D   195   193 3   196     3     0     0    39    60  -6.174  -1.687  -0.566                         
    IL   196   196 3   196     3     1     1    43    64  -1.442  -0.798  -4.142                          0.000  0.000  0.000  0.000 
                                             [ MATL   62 ]     54      - g - - -
    ML   197   196 3   199     3     1     1    40    61  -7.915  -0.021  -6.569                          0.377 -1.450  0.833 -0.853 
     D   198   196 3   199     3     0     0    38    59  -6.278  -1.791  -0.518                         
    IL   199   199 3   199     3     1     1    42    63  -1.442  -0.798  -4.142                          0.000  0.000  0.000  0.000 
                                             [ MATL   63 ]     55      - u - - -
    ML   200   199 3   202     3     1     1    39    60  -5.398  -0.072  -5.320                         -0.573  0.055 -1.358  0.925 
     D   201   199 3   202     3     0     0    37    58  -6.278  -1.791  -0.518                         
    IL   202   202 3   202     3     1     1    40    61  -1.504  -0.754  -4.204                          0.000  0.000  0.000  0.000 
                                             [ MATL   64 ]     57      - A - - -
    ML   203   202 3   205     3     1     1    38    58  -2.479  -0.304  -6.548                          1.686 -2.229 -1.875 -1.758 
     D   204   202 3   205     3     0     0    34    55  -6.442  -1.226  -0.834                         
    IL   205   205 3   205     3     1     1    39    59  -1.292  -0.839  -4.926                          0.000  0.000  0.000  0.000 
                                             [ MATL   65 ]     60      - A - - -
    ML   206   205 3   208     3     1     1    34    53  -7.927  -0.021  -6.581                          1.702 -2.295 -1.935 -1.830 
     D   207   205 3   208     3     0     0    33    52  -6.174  -1.687  -0.566                         
    IL   208   208 3   208     3     1     1    36    56  -1.442  -0.798  -4.142                          0.000  0.000  0.000  0.000 
                                             [ MATL   66 ]     61      - A - - -
    ML   209   208 3   211     3     1     1    33    52  -7.927  -0.021  -6.581                          1.638 -2.091 -1.606 -1.625 
     D   210   208 3   211     3     0     0    32    51  -6.174  -1.687  -0.566                         
    IL   211   211 3   211     3     1     1    35    55  -1.442  -0.798  -4.142                          0.000  0.000  0.000  0.000 
                                             [ MATL   67 ]     62      - A - - -
    ML   212   211 3   214     3     1     1    32    51  -7.927  -0.021  -6.581                          1.702 -2.295 -1.935 -1.830 
     D   213   211 3   214     3     0     0    31    50  -6.174  -1.687  -0.566                         
    IL   214   214 3   214     3     1     1    34    53  -1.442  -0.798  -4.142                          0.000  0.000  0.000  0.000 
                                             [ MATL   68 ]     63      - A - - -
    ML   215   214 3   217     3     1     1    31    50  -7.927  -0.397  -2.080                          1.702 -2.295 -1.935 -1.830 
     D   216   214 3   217     3     0     0    30    49  -6.174  -1.687  -0.566                         
    IL   217   217 3   217     3     1     1    33    53  -1.442  -0.798  -4.142                          0.000  0.000  0.000  0.000 
                                             [ MATL   69 ]     64      - A - - -
    ML   218   217 3   220     3     1     1    30    49  -7.557  -0.027  -6.211                          1.472 -1.578 -1.288 -1.053 
     D   219   217 3   220     3     0     0    29    47  -7.777  -0.372  -2.168                         
    IL   220   220 3   220     3     1     1    32    51  -1.442  -0.798  -4.142                          0.000  0.000  0.000  0.000 
                                             [ MATL   70 ]     65      - a - - -
    ML   221   220 3   223     3     1     1    29    47  -2.446  -0.311  -6.581                          0.915 -1.254  0.069 -0.630 
     D   222   220 3   223     3     0     0    26    45  -6.174  -1.687  -0.566                         
    IL   223   223 3   223     3     1     1    29    48  -1.863  -0.545  -4.659                          0.000  0.000  0.000  0.000 
                                             [ MATL   71 ]     68      - C - - -
    ML   224   223 3   226     3     1     1    27    46  -7.927  -0.021  -6.581                         -1.650  1.599 -2.471 -1.082 
     D   225   223 3   226     3     0     0    26    45  -6.174  -1.687  -0.566                         
    IL   226   226 3   226     3     1     1    29    49  -1.442  -0.798  -4.142                          0.000  0.000  0.000  0.000 
                                             [ MATL   72 ]     69      - C - - -
    ML   227   226 3   229     5     1     1    26    45  -7.061  -0.040  -6.876  -7.088  -7.980         -0.922  1.370 -1.909 -0.686 
     D   228   226 3   229     5     0     0    24    43  -4.959  -0.803  -4.221  -2.596  -2.508         
    IL   229   229 3   229     5     1     1    26    45  -2.408  -0.496  -4.087  -5.920  -5.193          0.000  0.000  0.000  0.000 
                                             [ MATP   73 ]     70     80 G C - -
    MP   230   229 3   234     6     2     2    25    44  -9.092  -9.031  -0.021  -7.808  -8.088  -8.483 -4.331 -2.061 -4.385  0.488 -4.941 -4.515 -0.353 -4.752 -4.122  3.537 -4.473 -0.584 -0.658 -4.123 -2.354 -3.309 
    ML   231   229 3   234     6     1     1    24    42  -6.250  -6.596  -1.310  -1.005  -6.446  -3.975  0.368 -0.385 -0.191  0.094 
    MR   232   229 3   234     6     1     1    23    42  -6.988  -5.717  -1.625  -5.695  -0.829  -3.908  0.368 -0.385 -0.191  0.094 
     D   233   229 3   234     6     0     0    21    40  -9.049  -7.747  -3.544  -4.226  -4.244  -0.319 
    IL   234   234 5   234     6     1     1    25    43  -2.579  -2.842  -0.760  -4.497  -5.274  -4.934  0.000  0.000  0.000  0.000 
    IR   235   235 6   235     5     1     1    24    43  -2.408  -0.496  -5.920  -4.087  -5.193          0.000  0.000  0.000  0.000 
                                             [ MATP   74 ]     71     79 A U - -
    MP   236   235 6   240     6     2     2    23    42  -9.092  -9.031  -0.021  -7.808  -8.088  -8.483 -3.731 -2.779 -3.755  3.292 -4.063 -5.120  0.233 -3.801 -3.649  1.143 -4.193 -0.264 -0.185 -4.318 -1.708 -2.592 
    ML   237   235 6   240     6     1     1    22    41  -6.250  -6.596  -1.310  -1.005  -6.446  -3.975  0.368 -0.385 -0.191  0.094 
    MR   238   235 6   240     6     1     1    22    41  -6.988  -5.717  -1.625  -5.695  -0.829  -3.908  0.368 -0.385 -0.191  0.094 
     D   239   235 6   240     6     0     0    21    39  -9.049  -7.747  -3.544  -4.226  -4.244  -0.319 
    IL   240   240 5   240     6     1     1    23    41  -2.579  -2.842  -0.760  -4.497  -5.274  -4.934  0.000  0.000  0.000  0.000 
    IR   241   241 6   241     5     1     1    22    41  -2.408  -0.496  -5.920  -4.087  -5.193          0.000  0.000  0.000  0.000 
                                             [ MATP   75 ]     72     78 c g - -
    MP   242   241 6   246     4     2     2    21    40  -6.907  -7.114  -0.055  -5.528                 -3.681 -3.656 -3.533  0.030 -2.447 -4.066  2.865 -3.175 -3.558  0.253 -3.927 -1.705  1.161 -3.810  1.563 -2.442 
    ML   243   241 6   246     4     1     1    22    41  -3.758  -3.940  -0.507  -2.670                  0.368 -0.385 -0.191  0.094 
    MR   244   241 6   246     4     1     1    21    40  -4.809  -3.838  -1.706  -0.766                  0.368 -0.385 -0.191  0.094 
     D   245   241 6   246     4     0     0    20    39  -4.568  -4.250  -2.265  -0.520                 
    IL   246   246 5   246     4     1     1    23    42  -1.686  -2.369  -1.117  -4.855                  0.000  0.000  0.000  0.000 
    IR   247   247 6   247     3     1     1    22    41  -1.442  -0.798  -4.142                          0.000  0.000  0.000  0.000 
                                             [ MATL   76 ]     73      - g - - -
    ML   248   247 6   250     3     1     1    18    36  -7.927  -0.021  -6.581                         -0.318 -1.013  0.624  0.216 
     D   249   247 6   250     3     0     0    17    36  -6.174  -1.687  -0.566                         
    IL   250   250 3   250     3     1     1    21    40  -1.442  -0.798  -4.142                          0.000  0.000  0.000  0.000 
                                             [ MATL   77 ]     74      - c - - -
    ML   251   250 3   253     3     1     1    16    35  -7.927  -0.021  -6.581                          0.371  0.388 -1.090 -0.107 
     D   252   250 3   253     3     0     0    16    34  -6.174  -1.687  -0.566                         
    IL   253   253 3   253     3     1     1    20    38  -1.442  -0.798  -4.142                          0.000  0.000  0.000  0.000 
                                             [ MATL   78 ]     75      - a - - -
    ML   254   253 3   256     3     1     1    15    33  -7.927  -0.021  -6.581                          0.548 -0.061 -0.466 -0.225 
     D   255   253 3   256     3     0     0    15    33  -6.174  -1.687  -0.566                         
    IL   256   256 3   256     3     1     1    19    37  -1.442  -0.798  -4.142                          0.000  0.000  0.000  0.000 
                                             [ MATL   79 ]     76      - a - - -
    ML   257   256 3   259     3     1     1    13    32  -7.927  -0.021  -6.581                          0.905 -0.149 -1.079 -0.411 
     D   258   256 3   259     3     0     0    13    32  -6.174  -1.687  -0.566                         
    IL   259   259 3   259     3     1     1    18    36  -1.442  -0.798  -4.142                          0.000  0.000  0.000  0.000 
                                             [ MATL   80 ]     77      - A - - -
    ML   260   259 3   262     2     1     1     1     1       *   0.000                                  1.474 -1.356 -1.444 -1.107 
     D   261   259 3   262     2     0     0     0     0       *   0.000                                 
    IL   262   262 3   262     2     1     1    13    28  -1.823  -0.479                                  0.000  0.000  0.000  0.000 
                                             [ END    81 ]      -      - - - - -
     E   263   262 3    -1     0     0     0     0     0                                                 
//
HMMER3/f [3.1b3 | July 2016]
NAME  at_nt_dinq_agrb_round5_0001
LENG  85
MAXL  176
ALPH  RNA
RF    no
MM    no
CONS  yes
CS    yes
MAP   yes
DATE  Tue Dec 17 04:36:01 2019
COM   [1] cmbuild /home/co78wid/projects/master/results/ta_systems/dinq_agrb/2_structure_analysis/infernal_search/at_nt_dinq_agrb_cmbuild.txt /home/co78wid/projects/master/results/ta_systems/dinq_agrb/1_sequence_analysis/fold/at_nt_dinq_agrb_round5.stk
NSEQ  83
EFFN  2.125153
CKSUM 3241473537
STATS LOCAL MSV       -8.9589  0.71862
STATS LOCAL VITERBI   -9.7885  0.71862
STATS LOCAL FORWARD   -3.1439  0.71862
HMM          A        C        G        U   
            m->m     m->i     m->d     i->m     i->i     d->m     d->d
  COMPO   1.21424  1.40721  1.54150  1.40986
          1.38629  1.38629  1.38629  1.38629
          0.27814  3.91282  1.50138  1.46634  0.26236  0.00000        *
      1   2.12338  2.17450  2.61381  0.36607      1 U - - :
          1.38629  1.38629  1.38629  1.38629
          0.05144  3.68612  3.68612  1.46634  0.26236  2.57642  0.07909
      2   2.12338  2.17450  2.61381  0.36607      2 U - - :
          1.38629  1.38629  1.38629  1.38629
          0.05144  3.68612  3.68612  1.46634  0.26236  2.57642  0.07909
      3   0.28115  2.70460  2.48212  2.35784      3 A - - :
          1.38629  1.38629  1.38629  1.38629
          0.05144  3.68612  3.68612  1.46634  0.26236  2.57642  0.07909
      4   2.13291  2.91834  0.29476  2.49166      4 G - - :
          1.38629  1.38629  1.38629  1.38629
          0.05144  3.68612  3.68612  1.46634  0.26236  2.57642  0.07909
      5   0.28115  2.70460  2.48212  2.35784      5 A - - :
          1.38629  1.38629  1.38629  1.38629
          0.05144  3.68612  3.68612  1.46634  0.26236  2.57642  0.07909
      6   2.12338  2.17450  2.61381  0.36607      6 U - - :
          1.38629  1.38629  1.38629  1.38629
          0.05144  3.68612  3.68612  1.46634  0.26236  2.57642  0.07909
      7   1.26642  2.33830  0.74463  1.91894      7 g - - :
          1.38629  1.38629  1.38629  1.38629
          0.05144  3.68612  3.68612  1.46634  0.26236  2.57642  0.07909
      8   0.74930  2.00066  1.98520  1.36765      8 a - - :
          1.38629  1.38629  1.38629  1.38629
          0.05144  3.68612  3.68612  1.46634  0.26236  2.57642  0.07909
      9   1.54686  1.88484  1.32750  0.99400      9 u - - :
          1.38629  1.38629  1.38629  1.38629
          0.05144  3.68612  3.68612  1.46634  0.26236  2.57642  0.07909
     10   1.40114  2.41289  0.63905  1.99263     10 G - - :
          1.38629  1.38629  1.38629  1.38629
          0.05144  3.68612  3.68612  1.46634  0.26236  2.57642  0.07909
     11   1.34265  2.37918  0.68269  1.95926     11 G - - :
          1.38629  1.38629  1.38629  1.38629
          0.05144  3.68612  3.68612  1.46634  0.26236  2.57642  0.07909
     12   2.13281  0.44227  2.68529  1.76774     12 C - - :
          1.38629  1.38629  1.38629  1.38629
          0.05144  3.68612  3.68612  1.46634  0.26236  2.57642  0.07909
     13   1.07079  1.89270  2.03855  0.97716     13 u - - :
          1.38629  1.38629  1.38629  1.38629
          0.05144  3.68612  3.68612  1.46634  0.26236  2.57642  0.07909
     14   1.22224  1.56977  2.02812  1.00580     14 u - - :
          1.38629  1.38629  1.38629  1.38629
          0.05144  3.68612  3.68612  1.46634  0.26236  2.57642  0.07909
     15   2.12338  2.17450  2.61381  0.36607     15 U - - :
          1.38629  1.38629  1.38629  1.38629
          0.05144  3.68612  3.68612  1.46634  0.26236  1.50787  0.25023
     16   2.04164  0.53697  2.59649  1.55526     16 C - - :
          1.38629  1.38629  1.38629  1.38629
          0.04903  3.73292  3.73292  1.46634  0.26236  2.41938  0.09319
     17   2.19971  2.23631  2.69552  0.33574     17 U - - :
          1.38629  1.38629  1.38629  1.38629
          0.04903  3.73292  3.73292  1.46634  0.26236  2.41938  0.09319
     18   2.30861  0.35231  2.86748  1.96116     18 C - - :
          1.38629  1.38629  1.38629  1.38629
          0.04903  3.73292  3.73292  1.46634  0.26236  2.41938  0.09319
     19   0.47247  2.09724  2.22058  1.92963     19 A - - :
          1.38629  1.38629  1.38629  1.38629
          0.09824  2.66437  3.73292  0.58581  0.81341  0.25952  1.47589
     20   2.68976  0.23587  3.26340  2.26374     21 C - - :
          1.38629  1.38629  1.38629  1.38629
          0.04127  3.90139  3.90139  1.46634  0.26236  0.82187  0.57912
     21   2.37464  2.29878  2.88533  0.28670     22 U - - :
          1.38629  1.38629  1.38629  1.38629
          0.04079  3.91282  3.91282  1.46634  0.26236  1.09861  0.40547
     22   2.62505  0.26004  3.19958  2.15618     23 C - - :
          1.38629  1.38629  1.38629  1.38629
          0.04079  3.91282  3.91282  1.46634  0.26236  1.09861  0.40547
     23   3.11098  0.25417  2.88755  2.08609     24 C - - <
          1.38629  1.38629  1.38629  1.38629
          0.04079  3.91282  3.91282  1.46634  0.26236  1.09861  0.40547
     24   0.65119  2.52438  1.18616  2.37431     25 A - - <
          1.38629  1.38629  1.38629  1.38629
          0.04079  3.91282  3.91282  1.46634  0.26236  1.09861  0.40547
     25   2.17793  3.15246  0.24920  2.74024     26 G - - -
          1.38629  1.38629  1.38629  1.38629
          0.04079  3.91282  3.91282  1.46634  0.26236  1.09861  0.40547
     26   2.20089  0.86291  2.01462  1.09664     27 c - - <
          1.38629  1.38629  1.38629  1.38629
          0.04079  3.91282  3.91282  1.46634  0.26236  1.09861  0.40547
     27   3.07991  0.26004  2.87469  2.06684     28 C - - <
          1.38629  1.38629  1.38629  1.38629
          0.04079  3.91282  3.91282  1.46634  0.26236  1.09861  0.40547
     28   0.17412  3.13218  2.86685  2.82513     29 A - - -
          1.38629  1.38629  1.38629  1.38629
          0.04079  3.91282  3.91282  1.46634  0.26236  1.09861  0.40547
     29   2.32485  2.87117  0.24367  2.78349     30 G - - <
          1.38629  1.38629  1.38629  1.38629
          0.04079  3.91282  3.91282  1.46634  0.26236  1.09861  0.40547
     30   0.49066  2.51010  1.58614  2.28471     31 A - - <
          1.38629  1.38629  1.38629  1.38629
          0.04079  3.91282  3.91282  1.46634  0.26236  1.09861  0.40547
     31   2.40078  3.18070  0.22485  2.67136     32 G - - _
          1.38629  1.38629  1.38629  1.38629
          0.04079  3.91282  3.91282  1.46634  0.26236  1.09861  0.40547
     32   2.15002  0.37543  2.85801  1.97225     33 C - - _
          1.38629  1.38629  1.38629  1.38629
          0.04079  3.91282  3.91282  1.46634  0.26236  1.09861  0.40547
     33   2.60744  0.26645  3.18208  2.13131     34 C - - _
          1.38629  1.38629  1.38629  1.38629
          0.04079  3.91282  3.91282  1.46634  0.26236  1.09861  0.40547
     34   0.20818  2.96994  2.76037  2.61229     35 A - - _
          1.38629  1.38629  1.38629  1.38629
          0.04079  3.91282  3.91282  1.46634  0.26236  1.09861  0.40547
     35   2.71646  0.22954  3.29067  2.28507     36 C - - _
          1.38629  1.38629  1.38629  1.38629
          0.04079  3.91282  3.91282  1.46634  0.26236  1.09861  0.40547
     36   2.71646  0.22954  3.29067  2.28507     37 C - - _
          1.38629  1.38629  1.38629  1.38629
          0.04079  3.91282  3.91282  1.46634  0.26236  1.09861  0.40547
     37   0.17412  3.13218  2.86685  2.82513     38 A - - _
          1.38629  1.38629  1.38629  1.38629
          0.04079  3.91282  3.91282  1.46634  0.26236  1.09861  0.40547
     38   0.17412  3.13218  2.86685  2.82513     39 A - - _
          1.38629  1.38629  1.38629  1.38629
          0.04079  3.91282  3.91282  1.46634  0.26236  1.09861  0.40547
     39   2.39183  0.31513  3.01274  2.04262     40 C - - _
          1.38629  1.38629  1.38629  1.38629
          0.04079  3.91282  3.91282  1.46634  0.26236  1.09861  0.40547
     40   2.61098  1.86924  2.32390  0.39392     41 U - - >
          1.38629  1.38629  1.38629  1.38629
          0.04079  3.91282  3.91282  1.46634  0.26236  1.09861  0.40547
     41   2.95203  0.28511  2.70787  2.04675     42 C - - >
          1.38629  1.38629  1.38629  1.38629
          0.07931  3.91282  2.87779  1.46634  0.26236  1.09861  0.40547
     42   0.53424  2.24217  2.25191  1.59723     43 A - - -
          1.38629  1.38629  1.38629  1.38629
          0.04236  3.87587  3.87587  1.46634  0.26236  0.53675  0.87863
     43   1.39461  2.48401  0.62271  2.02361     44 G - - -
          1.38629  1.38629  1.38629  1.38629
          0.04079  3.91282  3.91282  1.46634  0.26236  1.09861  0.40547
     44   2.29407  3.05284  0.22801  2.88593     45 G - - >
          1.38629  1.38629  1.38629  1.38629
          0.05507  3.91282  3.39336  1.46634  0.26236  1.09861  0.40547
     45   1.61505  2.18804  0.59613  1.98019     46 G - - >
          1.38629  1.38629  1.38629  1.38629
          0.04136  3.89911  3.89911  1.46634  0.26236  0.78376  0.61007
     46   2.71646  0.22954  3.29067  2.28507     47 C - - -
          1.38629  1.38629  1.38629  1.38629
          0.04079  3.91282  3.91282  1.46634  0.26236  1.09861  0.40547
     47   2.58796  1.54915  2.32666  0.48650     48 U - - >
          1.38629  1.38629  1.38629  1.38629
          0.04079  3.91282  3.91282  1.46634  0.26236  1.09861  0.40547
     48   2.27407  3.03524  0.23324  2.86334     49 G - - >
          1.38629  1.38629  1.38629  1.38629
          0.04079  3.91282  3.91282  1.46634  0.26236  1.09861  0.40547
     49   1.26705  2.35427  0.71748  1.99955     50 g - - -
          1.38629  1.38629  1.38629  1.38629
          0.04079  3.91282  3.91282  1.46634  0.26236  1.09861  0.40547
     50   0.17412  3.13218  2.86685  2.82513     51 A - - -
          1.38629  1.38629  1.38629  1.38629
          0.04079  3.91282  3.91282  1.46634  0.26236  1.09861  0.40547
     51   0.59370  2.18246  1.67765  1.90957     52 A - - -
          1.38629  1.38629  1.38629  1.38629
          0.04079  3.91282  3.91282  1.46634  0.26236  1.09861  0.40547
     52   0.17412  3.13218  2.86685  2.82512     53 A - - -
          1.38629  1.38629  1.38629  1.38629
          0.05059  3.91282  3.52839  1.46634  0.26236  1.09861  0.40547
     53   1.12392  2.46332  0.77314  2.05353     54 g - - -
          1.38629  1.38629  1.38629  1.38629
          0.04118  3.90341  3.90341  1.46634  0.26236  1.24380  0.34008
     54   1.83501  1.33652  2.38751  0.72201     55 u - - -
          1.38629  1.38629  1.38629  1.38629
          0.08219  3.16244  3.30821  0.77835  0.61463  1.24380  0.34008
     55   0.18394  3.08214  2.82180  2.77008     57 A - - -
          1.38629  1.38629  1.38629  1.38629
          0.27388  1.51837  3.88686  0.69775  0.68857  0.62933  0.76131
     56   0.17412  3.13218  2.86685  2.82513     60 A - - -
          1.38629  1.38629  1.38629  1.38629
          0.04079  3.91282  3.91282  1.46634  0.26236  1.09861  0.40547
     57   0.21802  2.96555  2.60046  2.65756     61 A - - -
          1.38629  1.38629  1.38629  1.38629
          0.04079  3.91282  3.91282  1.46634  0.26236  1.09861  0.40547
     58   0.17412  3.13218  2.86685  2.82513     62 A - - -
          1.38629  1.38629  1.38629  1.38629
          0.04079  3.91282  3.91282  1.46634  0.26236  1.09861  0.40547
     59   0.17412  3.13218  2.86685  2.82513     63 A - - -
          1.38629  1.38629  1.38629  1.38629
          0.35035  3.91282  1.28890  1.46634  0.26236  1.09861  0.40547
     60   0.32445  2.58166  2.37116  2.22515     64 A - - -
          1.38629  1.38629  1.38629  1.38629
          0.05519  3.61766  3.61766  1.46634  0.26236  0.13544  2.06621
     61   0.73061  2.31054  1.32491  1.87501     65 a - - -
          1.38629  1.38629  1.38629  1.38629
          0.27814  1.50138  3.91282  0.21916  1.62554  1.09861  0.40547
     62   2.71646  0.22954  3.29067  2.28507     68 C - - -
          1.38629  1.38629  1.38629  1.38629
          0.04079  3.91282  3.91282  1.46634  0.26236  1.09861  0.40547
     63   2.12996  0.38224  2.84407  1.96156     69 C - - -
          1.38629  1.38629  1.38629  1.38629
          0.04079  3.91282  3.91282  1.46634  0.26236  1.09861  0.40547
     64   2.26346  2.98810  0.23657  2.87708     70 G - - <
          1.38629  1.38629  1.38629  1.38629
          0.04079  3.91282  3.91282  1.46634  0.26236  1.09861  0.40547
     65   0.38915  2.64345  1.74031  2.57984     71 A - - <
          1.38629  1.38629  1.38629  1.38629
          0.04079  3.91282  3.91282  1.46634  0.26236  1.09861  0.40547
     66   2.59902  0.71512  2.36733  1.07064     72 c - - <
          1.38629  1.38629  1.38629  1.38629
          0.04079  3.91282  3.91282  1.46634  0.26236  1.09861  0.40547
     67   1.64550  2.13386  0.91873  1.23899     73 g - - _
          1.38629  1.38629  1.38629  1.38629
          0.04079  3.91282  3.91282  1.46634  0.26236  1.09861  0.40547
     68   1.12352  1.08772  2.18897  1.48787     74 c - - _
          1.38629  1.38629  1.38629  1.38629
          0.04079  3.91282  3.91282  1.46634  0.26236  1.09861  0.40547
     69   0.99497  1.41447  1.71569  1.57324     75 a - - _
          1.38629  1.38629  1.38629  1.38629
          0.04079  3.91282  3.91282  1.46634  0.26236  1.09861  0.40547
     70   0.73158  1.47943  2.18772  1.72087     76 a - - _
          1.38629  1.38629  1.38629  1.38629
          0.04079  3.91282  3.91282  1.46634  0.26236  1.09861  0.40547
     71   0.33088  2.38426  2.47444  2.25057     77 A - - _
          1.38629  1.38629  1.38629  1.38629
          0.04079  3.91282  3.91282  1.46634  0.26236  1.09861  0.40547
     72   1.87484  2.52762  0.39660  2.36263     78 G - - >
          1.38629  1.38629  1.38629  1.38629
          0.04079  3.91282  3.91282  1.46634  0.26236  1.09861  0.40547
     73   2.79646  2.02085  2.45253  0.32801     79 U - - >
          1.38629  1.38629  1.38629  1.38629
          0.04079  3.91282  3.91282  1.46634  0.26236  1.09861  0.40547
     74   3.06671  0.27066  2.80083  2.04185     80 C - - >
          1.38629  1.38629  1.38629  1.38629
          0.04079  3.91282  3.91282  1.46634  0.26236  1.09861  0.40547
     75   2.37167  3.29690  0.20636  2.87990     81 G - - :
          1.38629  1.38629  1.38629  1.38629
          0.04079  3.91282  3.91282  1.46634  0.26236  1.09861  0.40547
     76   2.58923  3.45130  0.16872  3.02670     82 G - - :
          1.38629  1.38629  1.38629  1.38629
          0.04079  3.91282  3.91282  1.46634  0.26236  1.09861  0.40547
     77   1.71812  2.02605  1.53491  0.74809     83 u - - :
          1.38629  1.38629  1.38629  1.38629
          0.04079  3.91282  3.91282  1.46634  0.26236  1.09861  0.40547
     78   2.25871  2.11224  2.76854  0.33997     84 U - - :
          1.38629  1.38629  1.38629  1.38629
          0.05157  3.91282  3.49741  1.46634  0.26236  1.09861  0.40547
     79   2.49165  2.47594  3.00389  0.24392     85 U - - :
          1.38629  1.38629  1.38629  1.38629
          0.04122  3.90247  3.90247  1.46634  0.26236  0.84163  0.56389
     80   2.39831  2.33387  2.90936  0.27747     86 U - - :
          1.38629  1.38629  1.38629  1.38629
          0.04079  3.91282  3.91282  1.46634  0.26236  1.09861  0.40547
     81   2.51012  2.49122  3.02322  0.23916     87 U - - :
          1.38629  1.38629  1.38629  1.38629
          0.04079  3.91282  3.91282  1.46634  0.26236  1.09861  0.40547
     82   2.51012  2.49122  3.02322  0.23916     88 U - - :
          1.38629  1.38629  1.38629  1.38629
          0.04640  3.91282  3.67456  1.46634  0.26236  1.09861  0.40547
     83   2.22105  2.31470  2.77742  0.31401     89 U - - :
          1.38629  1.38629  1.38629  1.38629
          0.09009  3.90743  2.71720  1.46634  0.26236  0.94623  0.49135
     84   0.75265  2.06036  2.13647  1.26088     90 a - - :
          1.38629  1.38629  1.38629  1.38629
          0.24232  3.86602  1.63860  1.46634  0.26236  1.66541  0.20963
     85   2.18722  0.40301  2.73900  1.86544     91 C - - :
          1.38629  1.38629  1.38629  1.38629
          0.02633  3.65004        *  1.46634  0.26236  0.00000        *
//
