INFERNAL1/a [1.1.2 | July 2016]
NAME     t_nt_dinq_agrb_round5_0001
STATES   395
NODES    111
CLEN     127
W        145
ALPH     RNA
RF       no
CONS     yes
MAP      yes
DATE     Tue Dec 17 04:56:54 2019
COM      [1] cmbuild /home/co78wid/projects/master/results/ta_systems/dinq_agrb/2_structure_analysis/infernal_search/t_nt_dinq_agrb_cmbuild.txt /home/co78wid/projects/master/results/ta_systems/dinq_agrb/1_sequence_analysis/fold/t_nt_dinq_agrb_round5.stk
COM      [2] cmcalibrate --cpu 20 /home/co78wid/projects/master/results/ta_systems/dinq_agrb/2_structure_analysis/infernal_search/t_nt_dinq_agrb_cmbuild.txt
PBEGIN   0.05
PEND     0.05
WBETA    1e-07
QDBBETA1 1e-07
QDBBETA2 1e-15
N2OMEGA  1.52588e-05
N3OMEGA  1.52588e-05
ELSELF   -0.08926734
NSEQ     41
EFFN     1.208679
CKSUM    1317588276
NULL     0.000  0.000  0.000  0.000 
EFP7GF   -5.0792 0.71822
ECMLC    0.67539    -7.24855     1.09393     1600000      335879  0.003573
ECMGC    0.38778   -18.42713    -8.70695     1600000       17339  0.023069
ECMLI    0.60588    -5.35171     3.26272     1600000      221772  0.005411
ECMGI    0.44185   -10.60960    -2.05254     1600000       17543  0.022801
CM
                                             [ ROOT    0 ]      -      - - - - -
     S     0    -1 0     1     4     0     1   145   166  -6.617  -6.824  -0.084  -4.734                 
    IL     1     1 2     1     4    32    72   148   170  -1.686  -2.369  -1.117  -4.855                  0.000  0.000  0.000  0.000 
    IR     2     2 3     2     3    31    71   148   169  -1.442  -0.798  -4.142                          0.000  0.000  0.000  0.000 
                                             [ MATL    1 ]      3      - G - - -
    ML     3     2 3     5     3    31    70   145   166  -8.059  -0.152  -3.381                         -0.907 -2.007  1.504 -1.392 
     D     4     2 3     5     3    27    67   144   165  -5.685  -0.798  -1.302                         
    IL     5     5 3     5     3    31    71   146   167  -1.925  -0.554  -4.164                          0.000  0.000  0.000  0.000 
                                             [ MATR    2 ]      -    130 - A - -
    MR     6     5 3     8     3    32    71   144   165  -7.933  -0.025  -6.250                          1.430 -1.488 -1.206 -0.957 
     D     7     5 3     8     3    26    65   142   163  -7.098  -2.276  -0.347                         
    IR     8     8 3     8     3    31    70   145   166  -1.925  -0.554  -4.164                          0.000  0.000  0.000  0.000 
                                             [ MATR    3 ]      -    129 - G - -
    MR     9     8 3    11     3    32    71   143   164  -7.933  -0.025  -6.250                         -0.633 -1.674  1.358 -1.063 
     D    10     8 3    11     3    26    64   141   162  -7.098  -2.276  -0.347                         
    IR    11    11 3    11     3    30    70   144   165  -1.925  -0.554  -4.164                          0.000  0.000  0.000  0.000 
                                             [ MATR    4 ]      -    128 - U - -
    MR    12    11 3    14     3    31    70   142   163  -7.933  -0.025  -6.250                         -0.701 -0.851 -1.377  1.290 
     D    13    11 3    14     3    25    64   140   161  -7.098  -2.276  -0.347                         
    IR    14    14 3    14     3    30    69   143   164  -1.925  -0.554  -4.164                          0.000  0.000  0.000  0.000 
                                             [ MATR    5 ]      -    127 - C - -
    MR    15    14 3    17     3    31    69   141   162  -7.933  -0.025  -6.250                         -0.728  1.177 -1.492 -0.358 
     D    16    14 3    17     3    25    63   139   160  -7.098  -2.276  -0.347                         
    IR    17    17 3    17     3    30    68   142   163  -1.925  -0.554  -4.164                          0.000  0.000  0.000  0.000 
                                             [ MATR    6 ]      -    126 - a - -
    MR    18    17 3    20     3    30    69   140   161  -7.933  -0.025  -6.250                          0.813 -1.032  0.030 -0.448 
     D    19    17 3    20     3    24    62   138   159  -7.098  -2.276  -0.347                         
    IR    20    20 3    20     3    29    68   141   162  -1.925  -0.554  -4.164                          0.000  0.000  0.000  0.000 
                                             [ MATR    7 ]      -    125 - a - -
    MR    21    20 3    23     3    30    68   139   160  -7.933  -0.025  -6.250                          0.918 -1.053 -0.136 -0.477 
     D    22    20 3    23     3    24    62   137   158  -7.098  -2.276  -0.347                         
    IR    23    23 3    23     3    29    67   140   161  -1.925  -0.554  -4.164                          0.000  0.000  0.000  0.000 
                                             [ MATR    8 ]      -    124 - G - -
    MR    24    23 3    26     3    29    67   138   159  -7.933  -0.025  -6.250                         -0.633 -1.674  1.358 -1.063 
     D    25    23 3    26     3    24    61   136   157  -7.098  -2.276  -0.347                         
    IR    26    26 3    26     3    28    66   139   160  -1.925  -0.554  -4.164                          0.000  0.000  0.000  0.000 
                                             [ MATR    9 ]      -    123 - U - -
    MR    27    26 3    29     3    29    66   137   158  -7.933  -0.025  -6.250                         -0.701 -0.851 -1.377  1.290 
     D    28    26 3    29     3    23    61   135   156  -7.098  -2.276  -0.347                         
    IR    29    29 3    29     3    28    66   138   159  -1.925  -0.554  -4.164                          0.000  0.000  0.000  0.000 
                                             [ MATR   10 ]      -    122 - c - -
    MR    30    29 3    32     3    28    66   136   157  -7.933  -0.025  -6.250                          0.239  0.410 -0.909 -0.061 
     D    31    29 3    32     3    23    60   134   155  -7.098  -2.276  -0.347                         
    IR    32    32 3    32     3    27    65   137   158  -1.925  -0.554  -4.164                          0.000  0.000  0.000  0.000 
                                             [ MATR   11 ]      -    121 - u - -
    MR    33    32 3    35     3    28    65   135   156  -7.933  -0.025  -6.250                         -0.019 -0.537 -0.402  0.648 
     D    34    32 3    35     3    22    60   133   154  -7.098  -2.008  -0.426                         
    IR    35    35 3    35     3    27    64   136   157  -1.925  -0.554  -4.164                          0.000  0.000  0.000  0.000 
                                             [ MATR   12 ]      -    120 - U - -
    MR    36    35 3    38     3    27    64   134   155  -7.949  -0.025  -6.266                         -0.729 -0.872 -1.408  1.306 
     D    37    35 3    38     3    22    59   132   153  -7.036  -2.214  -0.364                         
    IR    38    38 3    38     3    26    64   135   156  -1.925  -0.554  -4.164                          0.000  0.000  0.000  0.000 
                                             [ MATR   13 ]      -    119 - c - -
    MR    39    38 3    41     3    26    63   133   154  -7.949  -0.025  -6.266                         -0.397  0.520 -1.141  0.437 
     D    40    38 3    41     3    22    59   131   153  -7.036  -1.913  -0.460                         
    IR    41    41 3    41     3    26    63   134   155  -1.925  -0.554  -4.164                          0.000  0.000  0.000  0.000 
                                             [ MATR   14 ]      -    118 - G - -
    MR    42    41 3    44     3    26    62   132   153  -7.966  -0.024  -6.284                         -0.704 -1.761  1.401 -1.149 
     D    43    41 3    44     3    21    58   131   152  -6.962  -1.009  -1.014                         
    IR    44    44 3    44     3    25    62   133   154  -1.925  -0.554  -4.164                          0.000  0.000  0.000  0.000 
                                             [ MATR   15 ]      -    117 - A - -
    MR    45    44 3    47     3    25    61   131   152  -8.055  -0.023  -6.372                          1.536 -1.735 -1.430 -1.221 
     D    46    44 3    47     3    20    57   129   151  -6.508  -1.686  -0.560                         
    IR    47    47 3    47     3    24    61   132   153  -1.925  -0.554  -4.164                          0.000  0.000  0.000  0.000 
                                             [ MATR   16 ]      -    116 - C - -
    MR    48    47 3    50     3    24    60   130   151  -8.055  -0.023  -6.372                         -0.997  1.341 -1.783 -0.567 
     D    49    47 3    50     3    19    56   128   150  -6.508  -1.686  -0.560                         
    IR    50    50 3    50     3    24    60   131   152  -1.925  -0.554  -4.164                          0.000  0.000  0.000  0.000 
                                             [ MATR   17 ]      -    115 - u - -
    MR    51    50 3    53     3    24    60   129   150  -8.055  -0.023  -6.372                         -0.247 -0.244 -0.604  0.727 
     D    52    50 3    53     3    19    55   127   149  -6.508  -1.686  -0.560                         
    IR    53    53 3    53     3    23    59   130   151  -1.925  -0.554  -4.164                          0.000  0.000  0.000  0.000 
                                             [ MATR   18 ]      -    114 - U - -
    MR    54    53 3    56     3    23    59   128   149  -8.055  -0.023  -6.372                         -0.916 -1.019 -1.612  1.406 
     D    55    53 3    56     3    18    54   126   148  -6.508  -1.686  -0.560                         
    IR    56    56 3    56     3    22    58   129   150  -1.925  -0.554  -4.164                          0.000  0.000  0.000  0.000 
                                             [ MATR   19 ]      -    113 - C - -
    MR    57    56 3    59     3    22    58   127   148  -8.055  -0.023  -6.372                         -0.997  1.341 -1.783 -0.567 
     D    58    56 3    59     3    18    54   126   147  -6.508  -1.686  -0.560                         
    IR    59    59 3    59     3    22    58   128   149  -1.925  -0.554  -4.164                          0.000  0.000  0.000  0.000 
                                             [ MATR   20 ]      -    112 - g - -
    MR    60    59 3    62     5    22    57   126   147  -6.815  -0.060  -6.631  -5.847  -7.734         -0.136 -0.976  0.704 -0.069 
     D    61    59 3    62     5    17    53   125   146  -5.419  -0.774  -2.584  -4.477  -2.471         
    IR    62    62 3    62     5    20    56   126   148  -2.408  -0.496  -5.920  -4.087  -5.193          0.000  0.000  0.000  0.000 
                                             [ MATP   21 ]      4    111 a u - -
    MP    63    62 3    67     6    22    56   125   146  -8.978  -8.917  -0.023  -7.694  -7.973  -8.368 -3.307 -2.474 -3.352  2.878 -3.452 -4.486  0.823 -3.418 -3.271  1.613 -3.793 -0.042  0.399 -3.753 -1.124 -2.221 
    ML    64    62 3    67     6    18    54   124   145  -6.334  -6.680  -1.394  -0.925  -6.530  -4.059  0.570 -0.524 -0.227 -0.050 
    MR    65    62 3    67     6    17    52   124   145  -7.043  -5.772  -1.680  -5.750  -0.787  -3.963  0.281 -0.367 -0.290  0.253 
     D    66    62 3    67     6    15    50   122   143  -9.049  -7.747  -3.544  -4.226  -4.244  -0.319 
    IL    67    67 5    67     6    19    55   125   146  -2.579  -2.842  -0.760  -4.497  -5.274  -4.934  0.000  0.000  0.000  0.000 
    IR    68    68 6    68     5    19    55   125   146  -2.408  -0.496  -5.920  -4.087  -5.193          0.000  0.000  0.000  0.000 
                                             [ MATP   22 ]      5    110 G C - -
    MP    69    68 6    73     4    20    54   123   144  -6.580  -6.787  -0.069  -5.201                 -4.090 -2.789 -4.151  0.615 -4.315 -4.420  0.167 -4.330 -3.870  3.432 -4.258 -0.474 -0.241 -4.032 -1.840 -3.039 
    ML    70    68 6    73     4    17    52   123   144  -3.821  -4.003  -0.481  -2.733                  0.352 -0.542  0.126 -0.082 
    MR    71    68 6    73     4    16    50   123   144  -4.873  -3.902  -1.769  -0.724                  0.284 -0.156 -0.348  0.137 
     D    72    68 6    73     4    15    49   121   143  -4.568  -4.250  -2.265  -0.520                 
    IL    73    73 5    73     4    19    54   124   146  -1.686  -2.369  -1.117  -4.855                  0.000  0.000  0.000  0.000 
    IR    74    74 6    74     3    18    53   124   145  -1.442  -0.798  -4.142                          0.000  0.000  0.000  0.000 
                                             [ MATL   23 ]      6      - U - - -
    ML    75    74 6    77     3    18    53   121   142  -7.646  -0.026  -6.300                         -0.925 -1.026 -1.621  1.410 
     D    76    74 6    77     3    14    48   119   140  -6.279  -1.792  -0.518                         
    IL    77    77 3    77     3    18    52   123   144  -1.442  -0.798  -4.142                          0.000  0.000  0.000  0.000 
                                             [ MATL   24 ]      7      - A - - -
    ML    78    77 3    80     3    17    52   120   141  -8.059  -0.041  -5.345                          1.539 -1.744 -1.439 -1.231 
     D    79    77 3    80     3    14    48   119   140  -5.685  -0.692  -1.468                         
    IL    80    80 3    80     3    17    51   121   142  -1.925  -0.554  -4.164                          0.000  0.000  0.000  0.000 
                                             [ MATR   25 ]      -    109 - u - -
    MR    81    80 3    83     3    17    51   119   140  -8.055  -0.023  -6.372                         -0.477  0.061 -1.210  0.853 
     D    82    80 3    83     3    12    46   117   138  -6.508  -1.686  -0.560                         
    IR    83    83 3    83     3    16    51   120   141  -1.925  -0.554  -4.164                          0.000  0.000  0.000  0.000 
                                             [ MATR   26 ]      -    108 - a - -
    MR    84    83 3    86     5    17    50   118   139  -6.815  -0.060  -6.631  -5.847  -7.734          0.519 -0.708 -0.886  0.500 
     D    85    83 3    86     5    12    45   117   138  -5.419  -0.774  -2.584  -4.477  -2.471         
    IR    86    86 3    86     5    15    49   118   139  -2.408  -0.496  -5.920  -4.087  -5.193          0.000  0.000  0.000  0.000 
                                             [ MATP   27 ]      8    107 a u - -
    MP    87    86 3    91     6    18    50   117   138  -8.978  -8.917  -0.023  -7.694  -7.973  -8.368 -3.307 -2.474 -3.352  2.878 -3.452 -4.486  0.823 -3.418 -3.271  1.613 -3.793 -0.042  0.399 -3.753 -1.124 -2.221 
    ML    88    86 3    91     6    13    46   115   136  -6.334  -6.680  -1.394  -0.925  -6.530  -4.059  0.570 -0.524 -0.227 -0.050 
    MR    89    86 3    91     6    13    45   115   136  -7.043  -5.772  -1.680  -5.750  -0.787  -3.963  0.281 -0.367 -0.290  0.253 
     D    90    86 3    91     6    10    42   113   134  -9.049  -7.747  -3.544  -4.226  -4.244  -0.319 
    IL    91    91 5    91     6    14    48   117   138  -2.579  -2.842  -0.760  -4.497  -5.274  -4.934  0.000  0.000  0.000  0.000 
    IR    92    92 6    92     5    14    48   116   137  -2.408  -0.496  -5.920  -4.087  -5.193          0.000  0.000  0.000  0.000 
                                             [ MATP   28 ]      9    106 G C - -
    MP    93    92 6    97     6    16    48   115   136  -8.978  -8.917  -0.023  -7.694  -7.973  -8.368 -3.593 -1.939 -3.643  0.947 -4.017 -4.178  0.370 -3.964 -3.578  3.222 -3.992  0.092  0.072 -3.600 -1.581 -2.590 
    ML    94    92 6    97     6    13    45   114   135  -6.334  -6.680  -1.394  -0.925  -6.530  -4.059  0.352 -0.542  0.126 -0.082 
    MR    95    92 6    97     6    12    44   114   135  -7.043  -5.772  -1.680  -5.750  -0.787  -3.963  0.284 -0.156 -0.348  0.137 
     D    96    92 6    97     6     9    41   112   133  -9.049  -7.747  -3.544  -4.226  -4.244  -0.319 
    IL    97    97 5    97     6    14    46   115   136  -2.579  -2.842  -0.760  -4.497  -5.274  -4.934  0.000  0.000  0.000  0.000 
    IR    98    98 6    98     5    14    46   114   135  -2.408  -0.496  -5.920  -4.087  -5.193          0.000  0.000  0.000  0.000 
                                             [ MATP   29 ]     10    105 c g - -
    MP    99    98 6   103     4    15    47   113   134  -6.580  -6.787  -0.069  -5.201                 -3.444 -3.359 -3.319  0.296 -2.304 -3.872  2.889 -3.008 -3.349  0.613 -3.725 -1.387  1.319 -3.575  0.852 -2.237 
    ML   100    98 6   103     4    12    44   113   134  -3.821  -4.003  -0.481  -2.733                  0.255 -0.364 -0.319  0.296 
    MR   101    98 6   103     4    10    42   112   133  -4.873  -3.902  -1.769  -0.724                  0.372 -0.523  0.080 -0.069 
     D   102    98 6   103     4     9    41   111   132  -4.568  -4.250  -2.265  -0.520                 
    IL   103   103 5   103     4    13    46   114   135  -1.686  -2.369  -1.117  -4.855                  0.000  0.000  0.000  0.000 
    IR   104   104 6   104     3    13    45   113   134  -1.442  -0.798  -4.142                          0.000  0.000  0.000  0.000 
                                             [ MATL   30 ]     11      - g - - -
    ML   105   104 6   107     3    13    45   111   131  -7.646  -0.026  -6.300                          0.366 -1.213  0.700 -0.609 
     D   106   104 6   107     3     9    40   109   130  -6.279  -1.792  -0.518                         
    IL   107   107 3   107     3    12    44   112   133  -1.442  -0.798  -4.142                          0.000  0.000  0.000  0.000 
                                             [ MATL   31 ]     12      - g - - -
    ML   108   107 3   110     3    13    44   110   130  -7.646  -0.026  -6.300                         -0.351 -1.114  0.907 -0.186 
     D   109   107 3   110     3     8    39   108   129  -6.279  -1.792  -0.518                         
    IL   110   110 3   110     3    12    44   111   132  -1.442  -0.798  -4.142                          0.000  0.000  0.000  0.000 
                                             [ MATL   32 ]     13      - a - - -
    ML   111   110 3   113     3    13    43   109   129  -7.646  -0.026  -6.300                          0.548 -0.139 -0.485 -0.128 
     D   112   110 3   113     3     8    39   107   128  -6.279  -1.792  -0.518                         
    IL   113   113 3   113     3    11    43   110   131  -1.442  -0.798  -4.142                          0.000  0.000  0.000  0.000 
                                             [ MATL   33 ]     14      - u - - -
    ML   114   113 3   116     3    12    43   108   128  -7.646  -0.026  -6.300                         -0.234 -0.721 -0.068  0.668 
     D   115   113 3   116     3     7    38   106   127  -6.279  -1.792  -0.518                         
    IL   116   116 3   116     3    11    42   109   130  -1.442  -0.798  -4.142                          0.000  0.000  0.000  0.000 
                                             [ MATL   34 ]     15      - G - - -
    ML   117   116 3   119     3    12    42   107   127  -5.513  -0.051  -6.300                         -0.907 -2.007  1.504 -1.392 
     D   118   116 3   119     3     7    37   105   125  -6.279  -1.792  -0.518                         
    IL   119   119 3   119     3    11    41   108   129  -1.486  -0.766  -4.187                          0.000  0.000  0.000  0.000 
                                             [ MATL   35 ]     17      - c - - -
    ML   120   119 3   122     3    11    41   105   126  -7.646  -0.026  -6.300                         -0.229  0.447 -0.421  0.051 
     D   121   119 3   122     3     7    37   104   124  -6.279  -1.792  -0.518                         
    IL   122   122 3   122     3    10    41   107   128  -1.442  -0.798  -4.142                          0.000  0.000  0.000  0.000 
                                             [ MATL   36 ]     18      - A - - -
    ML   123   122 3   125     3    10    40   104   125  -7.646  -0.026  -6.300                          1.116 -1.124 -0.579 -0.505 
     D   124   122 3   125     3     6    36   103   123  -6.279  -1.792  -0.518                         
    IL   125   125 3   125     3    10    40   106   127  -1.442  -0.798  -4.142                          0.000  0.000  0.000  0.000 
                                             [ MATL   37 ]     19      - u - - -
    ML   126   125 3   128     3    10    39   103   124  -7.646  -0.026  -6.300                         -0.291 -0.586 -0.520  0.863 
     D   127   125 3   128     3     6    35   102   122  -6.279  -1.792  -0.518                         
    IL   128   128 3   128     3     9    39   105   126  -1.442  -0.798  -4.142                          0.000  0.000  0.000  0.000 
                                             [ MATL   38 ]     20      - U - - -
    ML   129   128 3   131     3     9    38   102   123  -7.646  -0.026  -6.300                         -0.925 -1.026 -1.621  1.410 
     D   130   128 3   131     3     5    35   101   121  -6.279  -1.792  -0.518                         
    IL   131   131 3   131     3     9    38   104   125  -1.442  -0.798  -4.142                          0.000  0.000  0.000  0.000 
                                             [ MATL   39 ]     21      - C - - -
    ML   132   131 3   134     3     8    37   101   122  -7.646  -0.026  -6.300                         -1.008  1.347 -1.794 -0.575 
     D   133   131 3   134     3     5    34   100   120  -6.279  -1.792  -0.518                         
    IL   134   134 3   134     3     8    37   103   124  -1.442  -0.798  -4.142                          0.000  0.000  0.000  0.000 
                                             [ MATL   40 ]     22      - U - - -
    ML   135   134 3   137     3     7    36   100   121  -7.646  -0.175  -3.194                         -0.925 -1.026 -1.621  1.410 
     D   136   134 3   137     3     5    34    99   119  -6.279  -1.792  -0.518                         
    IL   137   137 3   137     3     8    37   102   123  -1.442  -0.798  -4.142                          0.000  0.000  0.000  0.000 
                                             [ MATL   41 ]     23      - C - - -
    ML   138   137 3   140     3     8    36    99   120  -7.499  -0.029  -6.153                         -0.712  1.165 -1.475 -0.345 
     D   139   137 3   140     3     4    33    98   118  -7.015  -0.803  -1.254                         
    IL   140   140 3   140     3     7    36   101   122  -1.442  -0.798  -4.142                          0.000  0.000  0.000  0.000 
                                             [ MATL   42 ]     24      - A - - -
    ML   141   140 3   143     3     7    35    98   119  -8.059  -0.041  -5.345                          1.099 -1.212 -0.340 -0.653 
     D   142   140 3   143     3     4    32    97   117  -5.685  -0.692  -1.468                         
    IL   143   143 3   143     3     6    35    99   119  -1.925  -0.554  -4.164                          0.000  0.000  0.000  0.000 
                                             [ MATR   43 ]      -    104 - C - -
    MR   144   143 3   146     3     7    34    97   118  -8.055  -0.023  -6.372                         -0.997  1.341 -1.783 -0.567 
     D   145   143 3   146     3     3    31    95   116  -6.508  -1.686  -0.560                         
    IR   146   146 3   146     3     6    34    98   118  -1.925  -0.554  -4.164                          0.000  0.000  0.000  0.000 
                                             [ MATR   44 ]      -    103 - c - -
    MR   147   146 3   149     3     6    33    96   117  -8.055  -0.023  -6.372                         -0.574  0.844 -1.344  0.189 
     D   148   146 3   149     3     3    30    94   115  -6.508  -1.686  -0.560                         
    IR   149   149 3   149     3     5    33    97   117  -1.925  -0.554  -4.164                          0.000  0.000  0.000  0.000 
                                             [ MATR   45 ]      -    102 - U - -
    MR   150   149 3   152     3     5    32    95   116  -8.055  -0.023  -6.372                         -0.916 -1.019 -1.612  1.406 
     D   151   149 3   152     3     2    29    93   114  -6.508  -1.686  -0.560                         
    IR   152   152 3   152     3     5    32    96   116  -1.925  -0.554  -4.164                          0.000  0.000  0.000  0.000 
                                             [ MATR   46 ]      -    101 - A - -
    MR   153   152 3   155     3     4    31    94   115  -8.055  -0.023  -6.372                          1.536 -1.735 -1.430 -1.221 
     D   154   152 3   155     3     2    29    92   113  -6.508  -1.686  -0.560                         
    IR   155   155 3   155     3     4    31    95   115  -1.925  -0.554  -4.164                          0.000  0.000  0.000  0.000 
                                             [ MATR   47 ]      -    100 - G - -
    MR   156   155 3   158     3     3    30    93   114  -8.055  -0.023  -6.372                         -0.897 -1.994  1.500 -1.379 
     D   157   155 3   158     3     2    29    92   112  -6.508  -1.686  -0.560                         
    IR   158   158 3   158     3     4    30    94   114  -1.925  -0.554  -4.164                          0.000  0.000  0.000  0.000 
                                             [ MATR   48 ]      -     99 - U - -
    MR   159   158 3   161     2     2    29    92   113  -7.959  -0.006                                 -0.623 -0.866 -1.376  1.273 
     D   160   158 3   161     2     1    28    91   112  -4.555  -0.063                                 
    IR   161   161 3   161     2     3    30    93   114  -1.823  -0.479                                  0.000  0.000  0.000  0.000 
                                             [ BIF    49 ]      -      - - - - -
     B   162   161 3   259   163     1    28    91   112                                                 
                                             [ BEGR   85 ]      -      - - - - -
     S   163   162 1   164     5     0     2    47    66  -6.832  -0.064  -5.544  -6.859  -7.751         
    IL   164   164 2   164     5     1     1    48    68  -2.408  -0.496  -4.087  -5.920  -5.193          0.000  0.000  0.000  0.000 
                                             [ MATP   86 ]     68     98 G C - -
    MP   165   164 2   169     6     2     4    47    66  -8.983  -8.922  -0.023  -7.699  -7.979  -8.374 -3.719 -2.575 -3.774  1.104 -4.107 -4.320  0.349 -4.030 -3.643  3.241 -4.067 -0.109  0.023 -3.762 -1.637 -2.675 
    ML   166   164 2   169     6     1     1    45    65  -6.334  -6.680  -1.394  -0.925  -6.530  -4.059  0.255 -0.364 -0.319  0.296 
    MR   167   164 2   169     6     1     1    45    65  -6.988  -5.717  -1.625  -5.695  -0.829  -3.908  0.368 -0.385 -0.191  0.094 
     D   168   164 2   169     6     0     0    43    63  -9.049  -7.747  -3.544  -4.226  -4.244  -0.319 
    IL   169   169 5   169     6     1     1    46    66  -2.579  -2.842  -0.760  -4.497  -5.274  -4.934  0.000  0.000  0.000  0.000 
    IR   170   170 6   170     5     1     1    46    66  -2.408  -0.496  -5.920  -4.087  -5.193          0.000  0.000  0.000  0.000 
                                             [ MATP   87 ]     69     97 u a - -
    MP   171   170 6   175     6     2     4    45    64  -8.983  -8.922  -0.023  -7.699  -7.979  -8.374 -3.292 -3.202 -3.236  0.421 -2.366 -3.864  1.956 -3.018 -3.264  0.758 -3.685 -1.235  2.598 -3.458  0.500 -2.167 
    ML   172   170 6   175     6     1     1    43    63  -6.334  -6.680  -1.394  -0.925  -6.530  -4.059  0.255 -0.364 -0.319  0.296 
    MR   173   170 6   175     6     1     1    43    63  -6.988  -5.717  -1.625  -5.695  -0.829  -3.908  0.368 -0.385 -0.191  0.094 
     D   174   170 6   175     6     0     0    41    61  -9.049  -7.747  -3.544  -4.226  -4.244  -0.319 
    IL   175   175 5   175     6     1     1    44    64  -2.579  -2.842  -0.760  -4.497  -5.274  -4.934  0.000  0.000  0.000  0.000 
    IR   176   176 6   176     5     1     1    44    64  -2.408  -0.496  -5.920  -4.087  -5.193          0.000  0.000  0.000  0.000 
                                             [ MATP   88 ]     70     96 u a - -
    MP   177   176 6   181     6     2     3    43    62  -8.983  -8.922  -0.023  -7.699  -7.979  -8.374 -3.596 -3.387 -3.494  0.268 -2.577 -4.109  1.734 -3.225 -3.508  0.641 -3.908 -1.300  2.936 -3.764 -0.268 -2.382 
    ML   178   176 6   181     6     1     1    42    62  -6.334  -6.680  -1.394  -0.925  -6.530  -4.059  0.255 -0.364 -0.319  0.296 
    MR   179   176 6   181     6     1     1    42    62  -6.988  -5.717  -1.625  -5.695  -0.829  -3.908  0.368 -0.385 -0.191  0.094 
     D   180   176 6   181     6     0     0    40    60  -9.049  -7.747  -3.544  -4.226  -4.244  -0.319 
    IL   181   181 5   181     6     1     1    43    62  -2.579  -2.842  -0.760  -4.497  -5.274  -4.934  0.000  0.000  0.000  0.000 
    IR   182   182 6   182     5     1     1    42    62  -2.408  -0.496  -5.920  -4.087  -5.193          0.000  0.000  0.000  0.000 
                                             [ MATP   89 ]     71     95 C G - -
    MP   183   182 6   187     4     2     2    41    60  -6.596  -6.803  -0.068  -5.217                 -3.930 -3.769 -3.718 -0.069 -2.591 -4.208  3.299 -3.335 -3.753  0.288 -4.074 -1.710  0.976 -4.036 -0.289 -2.617 
    ML   184   182 6   187     4     1     1    41    61  -3.821  -4.003  -0.481  -2.733                  0.259 -0.100 -0.385  0.143 
    MR   185   182 6   187     4     1     1    41    60  -4.809  -3.838  -1.706  -0.766                  0.368 -0.385 -0.191  0.094 
     D   186   182 6   187     4     0     0    40    59  -4.568  -4.250  -2.265  -0.520                 
    IL   187   187 5   187     4     1     1    42    62  -1.686  -2.369  -1.117  -4.855                  0.000  0.000  0.000  0.000 
    IR   188   188 6   188     3     1     1    41    61  -1.442  -0.798  -4.142                          0.000  0.000  0.000  0.000 
                                             [ MATL   90 ]     72      - U - - -
    ML   189   188 6   191     3     1     1    38    58  -7.660  -0.025  -6.314                         -0.949 -1.045 -1.648  1.421 
     D   190   188 6   191     3     0     0    37    57  -6.174  -1.687  -0.566                         
    IL   191   191 3   191     3     1     1    40    60  -1.442  -0.798  -4.142                          0.000  0.000  0.000  0.000 
                                             [ MATL   91 ]     73      - u - - -
    ML   192   191 3   194     3     1     1    37    57  -8.073  -0.041  -5.359                         -0.092 -0.606  0.077  0.433 
     D   193   191 3   194     3     0     0    36    55  -5.620  -0.734  -1.403                         
    IL   194   194 3   194     3     1     1    38    58  -1.925  -0.554  -4.164                          0.000  0.000  0.000  0.000 
                                             [ MATR   92 ]      -     94 - g - -
    MR   195   194 3   197     3     1     1    36    56  -8.055  -0.023  -6.372                         -0.335 -1.089  0.878 -0.152 
     D   196   194 3   197     3     0     0    35    54  -6.508  -1.686  -0.560                         
    IR   197   197 3   197     3     1     1    37    57  -1.925  -0.554  -4.164                          0.000  0.000  0.000  0.000 
                                             [ MATR   93 ]      -     93 - U - -
    MR   198   197 3   200     5     1     1    35    55  -6.815  -0.047  -6.631  -6.843  -7.734         -0.916 -1.019 -1.612  1.406 
     D   199   197 3   200     5     0     0    34    54  -5.419  -0.774  -2.584  -4.477  -2.471         
    IR   200   200 3   200     5     1     1    36    55  -2.408  -0.496  -5.920  -4.087  -5.193          0.000  0.000  0.000  0.000 
                                             [ MATP   94 ]     74     92 G C - -
    MP   201   200 3   205     4     2     2    34    54  -6.596  -6.803  -0.068  -5.217                 -3.553 -2.530 -3.605  0.933 -3.871 -4.154  0.500 -3.893 -2.840  3.200 -3.966 -0.006  0.182 -3.574 -1.458 -2.553 
    ML   202   200 3   205     4     1     1    35    54  -3.821  -4.003  -0.481  -2.733                  0.352 -0.542  0.126 -0.082 
    MR   203   200 3   205     4     1     1    34    54  -4.809  -3.838  -1.706  -0.766                  0.368 -0.385 -0.191  0.094 
     D   204   200 3   205     4     0     0    33    53  -4.568  -4.250  -2.265  -0.520                 
    IL   205   205 5   205     4     1     1    36    56  -1.686  -2.369  -1.117  -4.855                  0.000  0.000  0.000  0.000 
    IR   206   206 6   206     3     1     1    35    54  -1.442  -0.798  -4.142                          0.000  0.000  0.000  0.000 
                                             [ MATL   95 ]     75      - G - - -
    ML   207   206 6   209     3     1     1    32    51  -8.073  -0.041  -5.359                         -0.748 -1.910  1.450 -1.297 
     D   208   206 6   209     3     0     0    30    50  -5.620  -0.734  -1.403                         
    IL   209   209 3   209     3     1     1    32    52  -1.925  -0.554  -4.164                          0.000  0.000  0.000  0.000 
                                             [ MATR   96 ]      -     91 - g - -
    MR   210   209 3   212     5     1     1    31    50  -6.815  -0.047  -6.631  -6.843  -7.734         -0.070 -0.943  0.639 -0.044 
     D   211   209 3   212     5     0     0    29    49  -5.419  -0.774  -2.584  -4.477  -2.471         
    IR   212   212 3   212     5     1     1    31    50  -2.408  -0.496  -5.920  -4.087  -5.193          0.000  0.000  0.000  0.000 
                                             [ MATP   97 ]     76     90 g c - -
    MP   213   212 3   217     6     2     2    30    49  -8.983  -8.922  -0.029  -7.699  -7.008  -8.374 -2.832 -2.099 -2.959  1.851 -3.179 -3.892  0.922 -3.168 -2.254  1.941 -3.397  1.639  0.632 -3.169 -0.942 -1.906 
    ML   214   212 3   217     6     1     1    29    48  -6.334  -6.680  -1.394  -0.925  -6.530  -4.059  0.352 -0.542  0.126 -0.082 
    MR   215   212 3   217     6     1     1    29    48  -6.988  -5.717  -1.625  -5.695  -0.829  -3.908  0.368 -0.385 -0.191  0.094 
     D   216   212 3   217     6     0     0    27    46  -9.049  -7.747  -3.544  -4.226  -4.244  -0.319 
    IL   217   217 5   217     6     1     1    29    49  -2.579  -2.842  -0.760  -4.497  -5.274  -4.934  0.000  0.000  0.000  0.000 
    IR   218   218 6   218     5     1     1    29    48  -2.408  -0.496  -5.920  -4.087  -5.193          0.000  0.000  0.000  0.000 
                                             [ MATP   98 ]     77     89 G C - -
    MP   219   218 6   223     4     2     2    28    47  -6.579  -6.786  -0.069  -5.200                 -3.651 -2.528 -3.709  0.951 -4.074 -4.287  0.356 -3.978 -3.593  3.196 -4.021  0.466  0.041 -3.711 -1.617 -2.617 
    ML   220   218 6   223     4     1     1    28    47  -3.821  -4.003  -0.570  -2.372                  0.352 -0.542  0.126 -0.082 
    MR   221   218 6   223     4     1     1    28    47  -4.875  -3.904  -1.568  -0.832                  0.281 -0.150 -0.353  0.138 
     D   222   218 6   223     4     0     0    27    46  -4.568  -4.250  -2.265  -0.520                 
    IL   223   223 5   223     4     1     1    30    49  -1.686  -2.369  -1.117  -4.855                  0.000  0.000  0.000  0.000 
    IR   224   224 6   224     3     1     1    28    48  -1.442  -0.798  -4.142                          0.000  0.000  0.000  0.000 
                                             [ MATL   99 ]     78      - C - - -
    ML   225   224 6   227     3     1     1    25    44  -7.641  -0.026  -6.295                         -0.997  1.341 -1.783 -0.567 
     D   226   224 6   227     3     0     0    24    43  -6.313  -1.419  -0.705                         
    IL   227   227 3   227     3     1     1    27    47  -1.442  -0.798  -4.142                          0.000  0.000  0.000  0.000 
                                             [ MATL  100 ]     79      - G - - -
    ML   228   227 3   230     3     1     1    24    43  -7.660  -0.025  -6.314                         -0.181 -1.325  1.094 -0.774 
     D   229   227 3   230     3     0     0    23    42  -6.174  -1.687  -0.566                         
    IL   230   230 3   230     3     1     1    26    45  -1.442  -0.798  -4.142                          0.000  0.000  0.000  0.000 
                                             [ MATL  101 ]     80      - U - - -
    ML   231   230 3   233     3     1     1    23    41  -7.660  -0.025  -6.314                         -0.566 -0.260 -1.288  1.057 
     D   232   230 3   233     3     0     0    22    41  -6.174  -1.687  -0.566                         
    IL   233   233 3   233     3     1     1    25    44  -1.442  -0.798  -4.142                          0.000  0.000  0.000  0.000 
                                             [ MATL  102 ]     81      - U - - -
    ML   234   233 3   236     3     1     1    21    40  -7.660  -0.025  -6.314                         -0.949 -1.045 -1.648  1.421 
     D   235   233 3   236     3     0     0    20    39  -6.174  -1.687  -0.566                         
    IL   236   236 3   236     3     1     1    24    43  -1.442  -0.798  -4.142                          0.000  0.000  0.000  0.000 
                                             [ MATL  103 ]     82      - A - - -
    ML   237   236 3   239     3     1     1    20    39  -7.660  -0.025  -6.314                          1.426 -1.542 -1.066 -1.023 
     D   238   236 3   239     3     0     0    19    38  -6.174  -1.687  -0.566                         
    IL   239   239 3   239     3     1     1    23    42  -1.442  -0.798  -4.142                          0.000  0.000  0.000  0.000 
                                             [ MATL  104 ]     83      - A - - -
    ML   240   239 3   242     3     1     1    19    38  -7.660  -0.045  -5.260                          1.550 -1.772 -1.464 -1.261 
     D   241   239 3   242     3     0     0    18    37  -6.174  -1.687  -0.566                         
    IL   242   242 3   242     3     1     1    22    41  -1.442  -0.798  -4.142                          0.000  0.000  0.000  0.000 
                                             [ MATL  105 ]     84      - U - - -
    ML   243   242 3   245     3     1     1    18    36  -7.641  -0.026  -6.295                         -0.916 -1.019 -1.612  1.406 
     D   244   242 3   245     3     0     0    17    36  -6.313  -1.826  -0.503                         
    IL   245   245 3   245     3     1     1    21    40  -1.442  -0.798  -4.142                          0.000  0.000  0.000  0.000 
                                             [ MATL  106 ]     85      - u - - -
    ML   246   245 3   248     3     1     1    16    35  -7.641  -0.026  -6.295                         -0.306  0.150 -1.094  0.690 
     D   247   245 3   248     3     0     0    16    34  -6.313  -1.826  -0.503                         
    IL   248   248 3   248     3     1     1    20    38  -1.442  -0.798  -4.142                          0.000  0.000  0.000  0.000 
                                             [ MATL  107 ]     86      - g - - -
    ML   249   248 3   251     3     1     1    15    34  -7.641  -0.026  -6.295                         -0.335 -1.089  0.878 -0.152 
     D   250   248 3   251     3     0     0    15    33  -6.313  -1.826  -0.503                         
    IL   251   251 3   251     3     1     1    19    37  -1.442  -0.798  -4.142                          0.000  0.000  0.000  0.000 
                                             [ MATL  108 ]     87      - C - - -
    ML   252   251 3   254     3     1     1    13    32  -7.641  -0.026  -6.295                         -0.908  1.271 -1.693 -0.426 
     D   253   251 3   254     3     0     0    13    32  -6.313  -1.826  -0.503                         
    IL   254   254 3   254     3     1     1    18    36  -1.442  -0.798  -4.142                          0.000  0.000  0.000  0.000 
                                             [ MATL  109 ]     88      - G - - -
    ML   255   254 3   257     2     1     1     1     1       *   0.000                                 -0.502 -1.716  1.336 -1.104 
     D   256   254 3   257     2     0     0     0     0       *   0.000                                 
    IL   257   257 3   257     2     1     1    13    28  -1.823  -0.479                                  0.000  0.000  0.000  0.000 
                                             [ END   110 ]      -      - - - - -
     E   258   257 3    -1     0     0     0     0     0                                                 
                                             [ BEGL   50 ]      -      - - - - -
     S   259   162 1   260     1     0     3    58    78   0.000                                         
                                             [ BIF    51 ]      -      - - - - -
     B   260   259 1   261   308     0     3    58    78                                                 
                                             [ BEGL   52 ]      -      - - - - -
     S   261   260 1   262     4     0     0    29    47  -0.050  -6.676  -6.083  -6.723                 
                                             [ MATP   53 ]     25     39 C G - -
    MP   262   261 1   266     6     2     2    29    47  -8.990  -8.929  -0.023  -7.706  -7.986  -8.381 -3.965 -3.808 -3.747 -0.104 -2.610 -4.233  3.317 -3.358 -3.783  0.245 -4.100 -1.749  0.954 -4.068 -0.309 -2.645 
    ML   263   261 1   266     6     1     1    27    46  -6.250  -6.596  -1.310  -1.005  -6.446  -3.975  0.368 -0.385 -0.191  0.094 
    MR   264   261 1   266     6     1     1    27    46  -6.988  -5.717  -1.625  -5.695  -0.829  -3.908  0.368 -0.385 -0.191  0.094 
     D   265   261 1   266     6     0     0    25    44  -9.049  -7.747  -3.544  -4.226  -4.244  -0.319 
    IL   266   266 5   266     6     1     1    28    47  -2.579  -2.842  -0.760  -4.497  -5.274  -4.934  0.000  0.000  0.000  0.000 
    IR   267   267 6   267     5     1     1    28    47  -2.408  -0.496  -5.920  -4.087  -5.193          0.000  0.000  0.000  0.000 
                                             [ MATP   54 ]     26     38 u a - -
    MP   268   267 6   272     6     2     2    27    45  -8.990  -8.929  -0.023  -7.706  -7.986  -8.381 -3.626 -3.420 -3.521  0.238 -2.596 -4.134  1.716 -3.247 -3.534  0.603 -3.933 -1.333  2.963 -3.793 -0.286 -2.407 
    ML   269   267 6   272     6     1     1    25    44  -6.250  -6.596  -1.310  -1.005  -6.446  -3.975  0.368 -0.385 -0.191  0.094 
    MR   270   267 6   272     6     1     1    25    44  -6.988  -5.717  -1.625  -5.695  -0.829  -3.908  0.368 -0.385 -0.191  0.094 
     D   271   267 6   272     6     0     0    23    42  -9.049  -7.747  -3.544  -4.226  -4.244  -0.319 
    IL   272   272 5   272     6     1     1    26    45  -2.579  -2.842  -0.760  -4.497  -5.274  -4.934  0.000  0.000  0.000  0.000 
    IR   273   273 6   273     5     1     1    26    45  -2.408  -0.496  -5.920  -4.087  -5.193          0.000  0.000  0.000  0.000 
                                             [ MATP   55 ]     27     37 C G - -
    MP   274   273 6   278     6     2     2    25    43  -8.990  -8.929  -0.023  -7.706  -7.986  -8.381 -3.965 -3.808 -3.747 -0.104 -2.610 -4.233  3.317 -3.358 -3.783  0.245 -4.100 -1.749  0.954 -4.068 -0.309 -2.645 
    ML   275   273 6   278     6     1     1    23    42  -6.250  -6.596  -1.310  -1.005  -6.446  -3.975  0.368 -0.385 -0.191  0.094 
    MR   276   273 6   278     6     1     1    23    42  -6.988  -5.717  -1.625  -5.695  -0.829  -3.908  0.368 -0.385 -0.191  0.094 
     D   277   273 6   278     6     0     0    21    40  -9.049  -7.747  -3.544  -4.226  -4.244  -0.319 
    IL   278   278 5   278     6     1     1    24    43  -2.579  -2.842  -0.760  -4.497  -5.274  -4.934  0.000  0.000  0.000  0.000 
    IR   279   279 6   279     5     1     1    24    43  -2.408  -0.496  -5.920  -4.087  -5.193          0.000  0.000  0.000  0.000 
                                             [ MATP   56 ]     28     36 C G - -
    MP   280   279 6   284     6     2     2    23    41  -8.990  -8.929  -0.023  -7.706  -7.986  -8.381 -3.965 -3.808 -3.747 -0.104 -2.610 -4.233  3.317 -3.358 -3.783  0.245 -4.100 -1.749  0.954 -4.068 -0.309 -2.645 
    ML   281   279 6   284     6     1     1    22    40  -6.250  -6.596  -1.310  -1.005  -6.446  -3.975  0.368 -0.385 -0.191  0.094 
    MR   282   279 6   284     6     1     1    21    40  -6.988  -5.717  -1.625  -5.695  -0.829  -3.908  0.368 -0.385 -0.191  0.094 
     D   283   279 6   284     6     0     0    19    38  -9.049  -7.747  -3.544  -4.226  -4.244  -0.319 
    IL   284   284 5   284     6     1     1    22    41  -2.579  -2.842  -0.760  -4.497  -5.274  -4.934  0.000  0.000  0.000  0.000 
    IR   285   285 6   285     5     1     1    22    41  -2.408  -0.496  -5.920  -4.087  -5.193          0.000  0.000  0.000  0.000 
                                             [ MATP   57 ]     29     35 a u - -
    MP   286   285 6   290     6     2     2    21    39  -8.990  -8.929  -0.023  -7.706  -7.986  -8.381 -3.217 -2.370 -3.295  2.828 -3.592 -4.482  0.659 -3.434 -3.214  1.711 -3.753  0.337  0.336 -3.669 -1.267 -2.171 
    ML   287   285 6   290     6     1     1    20    39  -6.250  -6.596  -1.310  -1.005  -6.446  -3.975  0.368 -0.385 -0.191  0.094 
    MR   288   285 6   290     6     1     1    20    39  -6.988  -5.717  -1.625  -5.695  -0.829  -3.908  0.368 -0.385 -0.191  0.094 
     D   289   285 6   290     6     0     0    18    37  -9.049  -7.747  -3.544  -4.226  -4.244  -0.319 
    IL   290   290 5   290     6     1     1    21    39  -2.579  -2.842  -0.760  -4.497  -5.274  -4.934  0.000  0.000  0.000  0.000 
    IR   291   291 6   291     5     1     1    20    39  -2.408  -0.496  -5.920  -4.087  -5.193          0.000  0.000  0.000  0.000 
                                             [ MATP   58 ]     30     34 u a - -
    MP   292   291 6   296     4     2     2    19    37  -6.617  -6.824  -0.067  -5.239                 -3.448 -3.381 -3.394  0.236 -1.985 -4.024  1.761 -3.175 -3.420  0.535 -3.844 -1.430  2.927 -3.619 -0.232 -2.313 
    ML   293   291 6   296     4     1     1    20    38  -3.758  -3.940  -0.507  -2.670                  0.368 -0.385 -0.191  0.094 
    MR   294   291 6   296     4     1     1    19    38  -4.809  -3.838  -1.706  -0.766                  0.368 -0.385 -0.191  0.094 
     D   295   291 6   296     4     0     0    18    37  -4.568  -4.250  -2.265  -0.520                 
    IL   296   296 5   296     4     1     1    21    40  -1.686  -2.369  -1.117  -4.855                  0.000  0.000  0.000  0.000 
    IR   297   297 6   297     3     1     1    20    38  -1.442  -0.798  -4.142                          0.000  0.000  0.000  0.000 
                                             [ MATL   59 ]     31      - c - - -
    ML   298   297 6   300     3     1     1    15    33  -7.660  -0.050  -5.093                          0.178  0.354 -0.963  0.108 
     D   299   297 6   300     3     0     0    15    33  -6.174  -1.687  -0.566                         
    IL   300   300 3   300     3     1     1    19    37  -1.442  -0.798  -4.142                          0.000  0.000  0.000  0.000 
                                             [ MATL   60 ]     32      - u - - -
    ML   301   300 3   303     3     1     1    13    32  -7.636  -0.047  -5.225                         -0.208 -0.769  0.216  0.470 
     D   302   300 3   303     3     0     0    13    32  -6.344  -1.368  -0.736                         
    IL   303   303 3   303     3     1     1    18    36  -1.442  -0.798  -4.142                          0.000  0.000  0.000  0.000 
                                             [ MATL   61 ]     33      - a - - -
    ML   304   303 3   306     2     1     1     1     1       *   0.000                                  0.148  0.045 -0.394  0.137 
     D   305   303 3   306     2     0     0     0     0       *   0.000                                 
    IL   306   306 3   306     2     1     1    13    28  -1.823  -0.479                                  0.000  0.000  0.000  0.000 
                                             [ END    62 ]      -      - - - - -
     E   307   306 3    -1     0     0     0     0     0                                                 
                                             [ BEGR   63 ]      -      - - - - -
     S   308   260 1   309     3     0     0    43    62  -7.660  -0.025  -6.314                         
    IL   309   309 2   309     3     1     1    46    66  -1.442  -0.798  -4.142                          0.000  0.000  0.000  0.000 
                                             [ MATL   64 ]     40      - a - - -
    ML   310   309 2   312     3     1     1    43    62  -7.660  -0.025  -6.314                          0.850 -0.839 -0.914  0.147 
     D   311   309 2   312     3     0     0    41    61  -6.174  -1.687  -0.566                         
    IL   312   312 3   312     3     1     1    45    64  -1.442  -0.798  -4.142                          0.000  0.000  0.000  0.000 
                                             [ MATL   65 ]     41      - A - - -
    ML   313   312 3   315     3     1     1    42    61  -7.660  -0.025  -6.314                          1.550 -1.772 -1.464 -1.261 
     D   314   312 3   315     3     0     0    40    60  -6.174  -1.687  -0.566                         
    IL   315   315 3   315     3     1     1    44    63  -1.442  -0.798  -4.142                          0.000  0.000  0.000  0.000 
                                             [ MATL   66 ]     42      - A - - -
    ML   316   315 3   318     3     1     1    40    60  -7.660  -0.025  -6.314                          1.385 -1.276 -1.215 -0.878 
     D   317   315 3   318     3     0     0    39    58  -6.174  -1.687  -0.566                         
    IL   318   318 3   318     3     1     1    43    62  -1.442  -0.798  -4.142                          0.000  0.000  0.000  0.000 
                                             [ MATL   67 ]     43      - A - - -
    ML   319   318 3   321     3     1     1    39    58  -7.660  -0.025  -6.314                          1.416 -1.358 -1.253 -0.939 
     D   320   318 3   321     3     0     0    38    57  -6.174  -1.687  -0.566                         
    IL   321   321 3   321     3     1     1    42    61  -1.442  -0.798  -4.142                          0.000  0.000  0.000  0.000 
                                             [ MATL   68 ]     44      - C - - -
    ML   322   321 3   324     3     1     1    38    57  -7.660  -0.025  -6.314                         -0.947  1.294 -1.735 -0.456 
     D   323   321 3   324     3     0     0    37    56  -6.174  -1.687  -0.566                         
    IL   324   324 3   324     3     1     1    41    60  -1.442  -0.798  -4.142                          0.000  0.000  0.000  0.000 
                                             [ MATL   69 ]     45      - G - - -
    ML   325   324 3   327     5     1     1    37    56  -6.832  -0.047  -6.647  -6.859  -7.751         -0.937 -2.043  1.518 -1.428 
     D   326   324 3   327     5     0     0    36    55  -4.959  -0.803  -4.221  -2.596  -2.508         
    IL   327   327 3   327     5     1     1    38    56  -2.408  -0.496  -4.087  -5.920  -5.193          0.000  0.000  0.000  0.000 
                                             [ MATP   70 ]     46     67 G C - -
    MP   328   327 3   332     6     2     2    36    55  -8.990  -8.929  -0.023  -7.706  -7.986  -8.381 -4.065 -2.754 -4.137  0.657 -4.450 -4.435  0.056 -4.372 -3.869  3.432 -4.264 -0.312 -0.296 -4.010 -1.949 -3.027 
    ML   329   327 3   332     6     1     1    35    54  -6.250  -6.596  -1.310  -1.005  -6.446  -3.975  0.368 -0.385 -0.191  0.094 
    MR   330   327 3   332     6     1     1    35    53  -6.988  -5.717  -1.625  -5.695  -0.829  -3.908  0.368 -0.385 -0.191  0.094 
     D   331   327 3   332     6     0     0    32    51  -9.049  -7.747  -3.544  -4.226  -4.244  -0.319 
    IL   332   332 5   332     6     1     1    36    55  -2.579  -2.842  -0.760  -4.497  -5.274  -4.934  0.000  0.000  0.000  0.000 
    IR   333   333 6   333     5     1     1    36    54  -2.408  -0.496  -5.920  -4.087  -5.193          0.000  0.000  0.000  0.000 
                                             [ MATP   71 ]     47     66 g u - -
    MP   334   333 6   338     6     2     2    34    53  -8.990  -8.929  -0.023  -7.706  -7.986  -8.381 -3.091 -2.161 -3.210  1.938 -3.617 -4.333  0.626 -3.375 -3.082  1.897 -3.598  2.011  0.333 -3.548 -1.283 -2.067 
    ML   335   333 6   338     6     1     1    33    52  -6.250  -6.596  -1.310  -1.005  -6.446  -3.975  0.368 -0.385 -0.191  0.094 
    MR   336   333 6   338     6     1     1    33    51  -6.988  -5.717  -1.625  -5.695  -0.829  -3.908  0.368 -0.385 -0.191  0.094 
     D   337   333 6   338     6     0     0    30    49  -9.049  -7.747  -3.544  -4.226  -4.244  -0.319 
    IL   338   338 5   338     6     1     1    34    53  -2.579  -2.842  -0.760  -4.497  -5.274  -4.934  0.000  0.000  0.000  0.000 
    IR   339   339 6   339     5     1     1    34    52  -2.408  -0.496  -5.920  -4.087  -5.193          0.000  0.000  0.000  0.000 
                                             [ MATP   72 ]     48     65 u a - -
    MP   340   339 6   344     6     2     2    32    51  -8.990  -8.929  -0.023  -7.706  -7.986  -8.381 -3.243 -3.098 -3.276  0.453 -2.654 -4.016  1.573 -3.201 -2.498  0.811 -3.769 -1.108  2.900 -3.468 -0.394 -2.219 
    ML   341   339 6   344     6     1     1    31    50  -6.250  -6.596  -1.310  -1.005  -6.446  -3.975  0.368 -0.385 -0.191  0.094 
    MR   342   339 6   344     6     1     1    31    49  -6.988  -5.717  -1.625  -5.695  -0.829  -3.908  0.368 -0.385 -0.191  0.094 
     D   343   339 6   344     6     0     0    28    47  -9.049  -7.747  -3.544  -4.226  -4.244  -0.319 
    IL   344   344 5   344     6     1     1    32    51  -2.579  -2.842  -0.760  -4.497  -5.274  -4.934  0.000  0.000  0.000  0.000 
    IR   345   345 6   345     5     1     1    32    50  -2.408  -0.496  -5.920  -4.087  -5.193          0.000  0.000  0.000  0.000 
                                             [ MATP   73 ]     49     64 G C - -
    MP   346   345 6   350     6     2     2    30    49  -8.990  -8.929  -0.023  -7.706  -7.986  -8.381 -4.155 -2.819 -4.219  0.575 -4.407 -4.450  0.090 -4.405 -3.918  3.458 -4.301 -0.505 -0.315 -4.077 -1.920 -3.105 
    ML   347   345 6   350     6     1     1    29    48  -6.250  -6.596  -1.310  -1.005  -6.446  -3.975  0.368 -0.385 -0.191  0.094 
    MR   348   345 6   350     6     1     1    29    47  -6.988  -5.717  -1.625  -5.695  -0.829  -3.908  0.368 -0.385 -0.191  0.094 
     D   349   345 6   350     6     0     0    26    45  -9.049  -7.747  -3.544  -4.226  -4.244  -0.319 
    IL   350   350 5   350     6     1     1    30    49  -2.579  -2.842  -0.760  -4.497  -5.274  -4.934  0.000  0.000  0.000  0.000 
    IR   351   351 6   351     5     1     1    30    48  -2.408  -0.496  -5.920  -4.087  -5.193          0.000  0.000  0.000  0.000 
                                             [ MATP   74 ]     50     63 a u - -
    MP   352   351 6   356     6     2     2    28    47  -8.990  -8.929  -0.023  -7.706  -7.986  -8.381 -3.116 -2.577 -3.162  2.839 -3.120 -4.137  1.021 -2.349 -3.192  1.413 -3.703 -0.336  0.633 -3.430 -0.884 -2.144 
    ML   353   351 6   356     6     1     1    27    46  -6.250  -6.596  -1.310  -1.005  -6.446  -3.975  0.368 -0.385 -0.191  0.094 
    MR   354   351 6   356     6     1     1    27    46  -6.988  -5.717  -1.625  -5.695  -0.829  -3.908  0.368 -0.385 -0.191  0.094 
     D   355   351 6   356     6     0     0    24    43  -9.049  -7.747  -3.544  -4.226  -4.244  -0.319 
    IL   356   356 5   356     6     1     1    28    47  -2.579  -2.842  -0.760  -4.497  -5.274  -4.934  0.000  0.000  0.000  0.000 
    IR   357   357 6   357     5     1     1    28    46  -2.408  -0.496  -5.920  -4.087  -5.193          0.000  0.000  0.000  0.000 
                                             [ MATP   75 ]     51     62 u a - -
    MP   358   357 6   362     6     2     2    26    45  -8.990  -8.929  -0.023  -7.706  -7.986  -8.381 -3.626 -3.420 -3.521  0.238 -2.596 -4.134  1.716 -3.247 -3.534  0.603 -3.933 -1.333  2.963 -3.793 -0.286 -2.407 
    ML   359   357 6   362     6     1     1    25    44  -6.250  -6.596  -1.310  -1.005  -6.446  -3.975  0.368 -0.385 -0.191  0.094 
    MR   360   357 6   362     6     1     1    25    44  -6.988  -5.717  -1.625  -5.695  -0.829  -3.908  0.368 -0.385 -0.191  0.094 
     D   361   357 6   362     6     0     0    23    42  -9.049  -7.747  -3.544  -4.226  -4.244  -0.319 
    IL   362   362 5   362     6     1     1    26    45  -2.579  -2.842  -0.760  -4.497  -5.274  -4.934  0.000  0.000  0.000  0.000 
    IR   363   363 6   363     5     1     1    26    44  -2.408  -0.496  -5.920  -4.087  -5.193          0.000  0.000  0.000  0.000 
                                             [ MATP   76 ]     52     61 u a - -
    MP   364   363 6   368     6     2     2    24    43  -8.990  -8.929  -0.023  -7.706  -7.986  -8.381 -3.626 -3.420 -3.521  0.238 -2.596 -4.134  1.716 -3.247 -3.534  0.603 -3.933 -1.333  2.963 -3.793 -0.286 -2.407 
    ML   365   363 6   368     6     1     1    24    43  -6.250  -6.596  -1.310  -1.005  -6.446  -3.975  0.368 -0.385 -0.191  0.094 
    MR   366   363 6   368     6     1     1    23    42  -6.988  -5.717  -1.625  -5.695  -0.829  -3.908  0.368 -0.385 -0.191  0.094 
     D   367   363 6   368     6     0     0    22    41  -9.049  -7.747  -3.544  -4.226  -4.244  -0.319 
    IL   368   368 5   368     6     1     1    24    43  -2.579  -2.842  -0.760  -4.497  -5.274  -4.934  0.000  0.000  0.000  0.000 
    IR   369   369 6   369     5     1     1    24    43  -2.408  -0.496  -5.920  -4.087  -5.193          0.000  0.000  0.000  0.000 
                                             [ MATP   77 ]     53     60 G C - -
    MP   370   369 6   374     4     2     2    22    41  -6.617  -6.824  -0.067  -5.239                 -4.155 -2.819 -4.219  0.575 -4.407 -4.450  0.090 -4.405 -3.918  3.458 -4.301 -0.505 -0.315 -4.077 -1.920 -3.105 
    ML   371   369 6   374     4     1     1    23    42  -3.758  -3.940  -0.507  -2.670                  0.368 -0.385 -0.191  0.094 
    MR   372   369 6   374     4     1     1    22    41  -4.809  -3.838  -1.706  -0.766                  0.368 -0.385 -0.191  0.094 
     D   373   369 6   374     4     0     0    21    40  -4.568  -4.250  -2.265  -0.520                 
    IL   374   374 5   374     4     1     1    24    43  -1.686  -2.369  -1.117  -4.855                  0.000  0.000  0.000  0.000 
    IR   375   375 6   375     3     1     1    23    42  -1.442  -0.798  -4.142                          0.000  0.000  0.000  0.000 
                                             [ MATL   78 ]     54      - A - - -
    ML   376   375 6   378     3     1     1    19    38  -7.660  -0.025  -6.314                          1.550 -1.772 -1.464 -1.261 
     D   377   375 6   378     3     0     0    18    37  -6.174  -1.687  -0.566                         
    IL   378   378 3   378     3     1     1    22    41  -1.442  -0.798  -4.142                          0.000  0.000  0.000  0.000 
                                             [ MATL   79 ]     55      - U - - -
    ML   379   378 3   381     3     1     1    18    36  -7.660  -0.025  -6.314                         -0.836 -0.867 -1.542  1.349 
     D   380   378 3   381     3     0     0    17    36  -6.174  -1.687  -0.566                         
    IL   381   381 3   381     3     1     1    21    40  -1.442  -0.798  -4.142                          0.000  0.000  0.000  0.000 
                                             [ MATL   80 ]     56      - A - - -
    ML   382   381 3   384     3     1     1    16    35  -7.660  -0.025  -6.314                          1.550 -1.772 -1.464 -1.261 
     D   383   381 3   384     3     0     0    16    34  -6.174  -1.687  -0.566                         
    IL   384   384 3   384     3     1     1    20    38  -1.442  -0.798  -4.142                          0.000  0.000  0.000  0.000 
                                             [ MATL   81 ]     57      - A - - -
    ML   385   384 3   387     3     1     1    15    33  -7.660  -0.025  -6.314                          1.550 -1.772 -1.464 -1.261 
     D   386   384 3   387     3     0     0    15    33  -6.174  -1.687  -0.566                         
    IL   387   387 3   387     3     1     1    19    37  -1.442  -0.798  -4.142                          0.000  0.000  0.000  0.000 
                                             [ MATL   82 ]     58      - A - - -
    ML   388   387 3   390     3     1     1    13    32  -7.660  -0.025  -6.314                          1.550 -1.772 -1.464 -1.261 
     D   389   387 3   390     3     0     0    13    32  -6.174  -1.687  -0.566                         
    IL   390   390 3   390     3     1     1    18    36  -1.442  -0.798  -4.142                          0.000  0.000  0.000  0.000 
                                             [ MATL   83 ]     59      - G - - -
    ML   391   390 3   393     2     1     1     1     1       *   0.000                                 -0.937 -2.043  1.518 -1.428 
     D   392   390 3   393     2     0     0     0     0       *   0.000                                 
    IL   393   393 3   393     2     1     1    13    28  -1.823  -0.479                                  0.000  0.000  0.000  0.000 
                                             [ END    84 ]      -      - - - - -
     E   394   393 3    -1     0     0     0     0     0                                                 
//
HMMER3/f [3.1b3 | July 2016]
NAME  t_nt_dinq_agrb_round5_0001
LENG  127
MAXL  235
ALPH  RNA
RF    no
MM    no
CONS  yes
CS    yes
MAP   yes
DATE  Tue Dec 17 04:56:54 2019
COM   [1] cmbuild /home/co78wid/projects/master/results/ta_systems/dinq_agrb/2_structure_analysis/infernal_search/t_nt_dinq_agrb_cmbuild.txt /home/co78wid/projects/master/results/ta_systems/dinq_agrb/1_sequence_analysis/fold/t_nt_dinq_agrb_round5.stk
NSEQ  41
EFFN  1.348816
CKSUM 1317588276
STATS LOCAL MSV       -9.7676  0.71822
STATS LOCAL VITERBI  -11.2330  0.71822
STATS LOCAL FORWARD   -3.5347  0.71822
HMM          A        C        G        U   
            m->m     m->i     m->d     i->m     i->i     d->m     d->d
  COMPO   1.38238  1.48522  1.35443  1.33001
          1.38629  1.38629  1.38629  1.38629
          0.30331  1.49243  3.30208  0.77329  0.61895  0.00000        *
      1   2.10568  2.88589  0.30526  2.45921      3 G - - :
          1.38629  1.38629  1.38629  1.38629
          0.05313  3.65462  3.65462  1.46634  0.26236  1.23513  0.34361
      2   0.67137  2.14469  1.38864  2.09987      4 A - - (
          1.38629  1.38629  1.38629  1.38629
          0.05313  3.65462  3.65462  1.46634  0.26236  1.23513  0.34361
      3   2.21267  2.60933  0.30100  2.56486      5 G - - (
          1.38629  1.38629  1.38629  1.38629
          0.05313  3.65462  3.65462  1.46634  0.26236  1.23513  0.34361
      4   2.10112  2.15657  2.58988  0.37552      6 U - - -
          1.38629  1.38629  1.38629  1.38629
          0.05313  3.65462  3.65462  1.46634  0.26236  1.23513  0.34361
      5   0.28947  2.67938  2.45938  2.33054      7 A - - -
          1.38629  1.38629  1.38629  1.38629
          0.05313  3.65462  3.65462  1.46634  0.26236  1.23513  0.34361
      6   0.67149  2.14447  1.38871  2.09942      8 A - - (
          1.38629  1.38629  1.38629  1.38629
          0.05313  3.65462  3.65462  1.46634  0.26236  1.23513  0.34361
      7   1.92103  2.42895  0.40550  2.31492      9 G - - (
          1.38629  1.38629  1.38629  1.38629
          0.05313  3.65462  3.65462  1.46634  0.26236  1.23513  0.34361
      8   2.36468  0.70593  2.08051  1.24651     10 c - - (
          1.38629  1.38629  1.38629  1.38629
          0.05313  3.65462  3.65462  1.46634  0.26236  1.23513  0.34361
      9   1.13319  2.26567  0.87559  1.84758     11 g - - ,
          1.38629  1.38629  1.38629  1.38629
          0.05313  3.65462  3.65462  1.46634  0.26236  1.23513  0.34361
     10   1.66477  2.19771  0.72495  1.53546     12 g - - ,
          1.38629  1.38629  1.38629  1.38629
          0.05313  3.65462  3.65462  1.46634  0.26236  1.23513  0.34361
     11   0.99768  1.47545  1.72749  1.49228     13 a - - ,
          1.38629  1.38629  1.38629  1.38629
          0.05313  3.65462  3.65462  1.46634  0.26236  1.23513  0.34361
     12   1.57016  1.90773  1.42822  0.90675     14 u - - ,
          1.38629  1.38629  1.38629  1.38629
          0.05313  3.65462  3.65462  1.46634  0.26236  1.23513  0.34361
     13   2.10568  2.88589  0.30526  2.45921     15 G - - ,
          1.38629  1.38629  1.38629  1.38629
          0.07316  3.10825  3.65462  0.91916  0.50892  1.23513  0.34361
     14   1.56872  1.05070  1.67924  1.36462     17 c - - ,
          1.38629  1.38629  1.38629  1.38629
          0.05313  3.65462  3.65462  1.46634  0.26236  1.23513  0.34361
     15   0.59355  2.19565  1.80093  1.76490     18 A - - ,
          1.38629  1.38629  1.38629  1.38629
          0.05313  3.65462  3.65462  1.46634  0.26236  1.23513  0.34361
     16   1.61386  1.81094  1.75624  0.76639     19 u - - ,
          1.38629  1.38629  1.38629  1.38629
          0.05313  3.65462  3.65462  1.46634  0.26236  1.23513  0.34361
     17   2.10112  2.15657  2.58988  0.37552     20 U - - ,
          1.38629  1.38629  1.38629  1.38629
          0.05313  3.65462  3.65462  1.46634  0.26236  1.23513  0.34361
     18   2.18005  0.40627  2.73137  1.85979     21 C - - ,
          1.38629  1.38629  1.38629  1.38629
          0.05313  3.65462  3.65462  1.46634  0.26236  1.23513  0.34361
     19   2.10112  2.15657  2.58988  0.37552     22 U - - ,
          1.38629  1.38629  1.38629  1.38629
          0.17338  3.65462  2.01505  1.46634  0.26236  1.23513  0.34361
     20   1.95118  0.53027  2.48607  1.68086     23 C - - ,
          1.38629  1.38629  1.38629  1.38629
          0.05972  3.54096  3.54096  1.46634  0.26236  0.38749  1.13555
     21   0.60360  2.26443  1.62666  1.87936     24 A - - ,
          1.38629  1.38629  1.38629  1.38629
          0.05313  3.65462  3.65462  1.46634  0.26236  0.87130  0.54198
     22   2.68385  0.41259  2.37559  1.73269     25 C - - <
          1.38629  1.38629  1.38629  1.38629
          0.05252  3.66591  3.66591  1.46634  0.26236  1.09861  0.40547
     23   2.44881  1.53410  2.12216  0.54787     26 U - - <
          1.38629  1.38629  1.38629  1.38629
          0.05252  3.66591  3.66591  1.46634  0.26236  1.09861  0.40547
     24   2.67933  0.41346  2.37394  1.73207     27 C - - <
          1.38629  1.38629  1.38629  1.38629
          0.05252  3.66591  3.66591  1.46634  0.26236  1.09861  0.40547
     25   2.67805  0.41370  2.37348  1.73189     28 C - - <
          1.38629  1.38629  1.38629  1.38629
          0.05252  3.66591  3.66591  1.46634  0.26236  1.09861  0.40547
     26   0.70505  2.25156  1.26059  2.14389     29 a - - <
          1.38629  1.38629  1.38629  1.38629
          0.05252  3.66591  3.66591  1.46634  0.26236  1.09861  0.40547
     27   2.42518  1.47882  2.15185  0.56675     30 U - - <
          1.38629  1.38629  1.38629  1.38629
          0.05252  3.66591  3.66591  1.46634  0.26236  1.09861  0.40547
     28   1.26607  1.11953  2.07969  1.32178     31 c - - _
          1.38629  1.38629  1.38629  1.38629
          0.07231  3.66591  3.11954  1.46634  0.26236  1.09861  0.40547
     29   1.55104  1.94066  1.22150  1.05104     32 u - - _
          1.38629  1.38629  1.38629  1.38629
          0.07007  3.64714  3.17962  1.46634  0.26236  0.76922  0.62245
     30   1.28781  1.34386  1.65826  1.29894     33 a - - _
          1.38629  1.38629  1.38629  1.38629
          0.05335  3.65055  3.65055  1.46634  0.26236  0.81231  0.58668
     31   0.63964  2.31347  1.33735  2.19768     34 A - - >
          1.38629  1.38629  1.38629  1.38629
          0.05252  3.66591  3.66591  1.46634  0.26236  1.09861  0.40547
     32   2.36624  1.54641  2.06352  0.56890     35 U - - >
          1.38629  1.38629  1.38629  1.38629
          0.05252  3.66591  3.66591  1.46634  0.26236  1.09861  0.40547
     33   2.00309  2.53697  0.35943  2.43151     36 G - - >
          1.38629  1.38629  1.38629  1.38629
          0.05252  3.66591  3.66591  1.46634  0.26236  1.09861  0.40547
     34   2.00263  2.53650  0.35966  2.43083     37 G - - >
          1.38629  1.38629  1.38629  1.38629
          0.05252  3.66591  3.66591  1.46634  0.26236  1.09861  0.40547
     35   0.62732  2.29283  1.37067  2.19767     38 A - - >
          1.38629  1.38629  1.38629  1.38629
          0.05252  3.66591  3.66591  1.46634  0.26236  1.09861  0.40547
     36   1.99916  2.53296  0.36138  2.42577     39 G - - >
          1.38629  1.38629  1.38629  1.38629
          0.05252  3.66591  3.66591  1.46634  0.26236  1.09861  0.40547
     37   0.78215  1.98885  2.04479  1.28620     40 a - - ,
          1.38629  1.38629  1.38629  1.38629
          0.05252  3.66591  3.66591  1.46634  0.26236  1.09861  0.40547
     38   0.28254  2.70034  2.47828  2.35323     41 A - - ,
          1.38629  1.38629  1.38629  1.38629
          0.05252  3.66591  3.66591  1.46634  0.26236  1.09861  0.40547
     39   0.39967  2.31442  2.27930  2.05357     42 A - - ,
          1.38629  1.38629  1.38629  1.38629
          0.05252  3.66591  3.66591  1.46634  0.26236  1.09861  0.40547
     40   0.37784  2.37678  2.30874  2.10024     43 A - - ,
          1.38629  1.38629  1.38629  1.38629
          0.05252  3.66591  3.66591  1.46634  0.26236  1.09861  0.40547
     41   2.12783  0.44486  2.68001  1.76357     44 C - - ,
          1.38629  1.38629  1.38629  1.38629
          0.05252  3.66591  3.66591  1.46634  0.26236  1.09861  0.40547
     42   2.12831  2.91287  0.29650  2.48619     45 G - - ,
          1.38629  1.38629  1.38629  1.38629
          0.05252  3.66591  3.66591  1.46634  0.26236  1.09861  0.40547
     43   2.18750  2.67929  0.29440  2.60078     46 G - - <
          1.38629  1.38629  1.38629  1.38629
          0.05252  3.66591  3.66591  1.46634  0.26236  1.09861  0.40547
     44   1.29772  2.25975  0.68603  2.12949     47 G - - <
          1.38629  1.38629  1.38629  1.38629
          0.05252  3.66591  3.66591  1.46634  0.26236  1.09861  0.40547
     45   2.28260  1.62956  1.93567  0.58404     48 U - - <
          1.38629  1.38629  1.38629  1.38629
          0.05252  3.66591  3.66591  1.46634  0.26236  1.09861  0.40547
     46   2.24731  2.66470  0.28529  2.61865     49 G - - <
          1.38629  1.38629  1.38629  1.38629
          0.05252  3.66591  3.66591  1.46634  0.26236  1.09861  0.40547
     47   0.68696  1.96139  1.54019  1.95267     50 A - - <
          1.38629  1.38629  1.38629  1.38629
          0.05252  3.66591  3.66591  1.46634  0.26236  1.09861  0.40547
     48   2.44489  1.53427  2.12097  0.54864     51 U - - <
          1.38629  1.38629  1.38629  1.38629
          0.05252  3.66591  3.66591  1.46634  0.26236  1.09861  0.40547
     49   2.44458  1.53428  2.12087  0.54870     52 U - - <
          1.38629  1.38629  1.38629  1.38629
          0.05252  3.66591  3.66591  1.46634  0.26236  1.09861  0.40547
     50   2.24639  2.66391  0.28561  2.61746     53 G - - <
          1.38629  1.38629  1.38629  1.38629
          0.05252  3.66591  3.66591  1.46634  0.26236  1.09861  0.40547
     51   0.28254  2.70034  2.47828  2.35323     54 A - - _
          1.38629  1.38629  1.38629  1.38629
          0.05252  3.66591  3.66591  1.46634  0.26236  1.09861  0.40547
     52   2.02809  2.03077  2.52199  0.42025     55 U - - _
          1.38629  1.38629  1.38629  1.38629
          0.05252  3.66591  3.66591  1.46634  0.26236  1.09861  0.40547
     53   0.28254  2.70034  2.47828  2.35323     56 A - - _
          1.38629  1.38629  1.38629  1.38629
          0.05252  3.66591  3.66591  1.46634  0.26236  1.09861  0.40547
     54   0.28254  2.70034  2.47828  2.35323     57 A - - _
          1.38629  1.38629  1.38629  1.38629
          0.05252  3.66591  3.66591  1.46634  0.26236  1.09861  0.40547
     55   0.28254  2.70034  2.47828  2.35323     58 A - - _
          1.38629  1.38629  1.38629  1.38629
          0.05252  3.66591  3.66591  1.46634  0.26236  1.09861  0.40547
     56   2.12831  2.91287  0.29650  2.48619     59 G - - _
          1.38629  1.38629  1.38629  1.38629
          0.05252  3.66591  3.66591  1.46634  0.26236  1.09861  0.40547
     57   2.83852  0.33231  2.49192  1.95564     60 C - - >
          1.38629  1.38629  1.38629  1.38629
          0.05252  3.66591  3.66591  1.46634  0.26236  1.09861  0.40547
     58   0.62691  2.29377  1.37052  2.19915     61 A - - >
          1.38629  1.38629  1.38629  1.38629
          0.05252  3.66591  3.66591  1.46634  0.26236  1.09861  0.40547
     59   0.62688  2.29384  1.37051  2.19925     62 A - - >
          1.38629  1.38629  1.38629  1.38629
          0.05252  3.66591  3.66591  1.46634  0.26236  1.09861  0.40547
     60   2.18412  1.74260  1.82608  0.59545     63 U - - >
          1.38629  1.38629  1.38629  1.38629
          0.05252  3.66591  3.66591  1.46634  0.26236  1.09861  0.40547
     61   2.83916  0.33221  2.49215  1.95576     64 C - - >
          1.38629  1.38629  1.38629  1.38629
          0.05252  3.66591  3.66591  1.46634  0.26236  1.09861  0.40547
     62   0.65009  2.13865  1.46099  2.05432     65 A - - >
          1.38629  1.38629  1.38629  1.38629
          0.05252  3.66591  3.66591  1.46634  0.26236  1.09861  0.40547
     63   2.34797  1.41215  2.06698  0.62689     66 U - - >
          1.38629  1.38629  1.38629  1.38629
          0.05252  3.66591  3.66591  1.46634  0.26236  1.09861  0.40547
     64   2.80954  0.35189  2.50096  1.86819     67 C - - >
          1.38629  1.38629  1.38629  1.38629
          0.05252  3.66591  3.66591  1.46634  0.26236  1.09861  0.40547
     65   1.86369  2.44179  0.41451  2.33068     68 G - - <
          1.38629  1.38629  1.38629  1.38629
          0.05252  3.66591  3.66591  1.46634  0.26236  1.09861  0.40547
     66   2.27108  1.34458  1.98125  0.69665     69 u - - <
          1.38629  1.38629  1.38629  1.38629
          0.05252  3.66591  3.66591  1.46634  0.26236  1.09861  0.40547
     67   2.41908  1.51951  2.09370  0.56397     70 U - - <
          1.38629  1.38629  1.38629  1.38629
          0.05252  3.66591  3.66591  1.46634  0.26236  1.09861  0.40547
     68   2.64990  0.42598  2.34445  1.71306     71 C - - <
          1.38629  1.38629  1.38629  1.38629
          0.05252  3.66591  3.66591  1.46634  0.26236  1.09861  0.40547
     69   2.11962  2.17146  2.60977  0.36765     72 U - - -
          1.38629  1.38629  1.38629  1.38629
          0.05252  3.66591  3.66591  1.46634  0.26236  1.09861  0.40547
     70   1.46454  1.81913  1.31923  1.08084     73 u - - -
          1.38629  1.38629  1.38629  1.38629
          0.05252  3.66591  3.66591  1.46634  0.26236  1.09861  0.40547
     71   1.96645  2.34531  0.41791  2.24612     74 G - - <
          1.38629  1.38629  1.38629  1.38629
          0.05252  3.66591  3.66591  1.46634  0.26236  1.09861  0.40547
     72   1.97867  2.80649  0.34393  2.38214     75 G - - -
          1.38629  1.38629  1.38629  1.38629
          0.05252  3.66591  3.66591  1.46634  0.26236  1.09861  0.40547
     73   1.33988  2.02754  0.78200  1.90401     76 g - - <
          1.38629  1.38629  1.38629  1.38629
          0.06488  3.66591  3.29038  1.46634  0.26236  1.09861  0.40547
     74   1.96613  2.44865  0.38898  2.34502     77 G - - <
          1.38629  1.38629  1.38629  1.38629
          0.06932  3.65418  3.19195  1.46634  0.26236  0.86452  0.54689
     75   2.17189  0.41002  2.72270  1.85338     78 C - - _
          1.38629  1.38629  1.38629  1.38629
          0.05334  3.65076  3.65076  1.46634  0.26236  0.81526  0.58434
     76   1.53889  2.34891  0.59627  1.97294     79 G - - _
          1.38629  1.38629  1.38629  1.38629
          0.05252  3.66591  3.66591  1.46634  0.26236  1.09861  0.40547
     77   1.81843  1.57322  2.32265  0.63049     80 U - - _
          1.38629  1.38629  1.38629  1.38629
          0.05252  3.66591  3.66591  1.46634  0.26236  1.09861  0.40547
     78   2.11962  2.17146  2.60977  0.36765     81 U - - _
          1.38629  1.38629  1.38629  1.38629
          0.05252  3.66591  3.66591  1.46634  0.26236  1.09861  0.40547
     79   0.37054  2.51759  2.17028  2.16420     82 A - - _
          1.38629  1.38629  1.38629  1.38629
          0.05252  3.66591  3.66591  1.46634  0.26236  1.09861  0.40547
     80   0.28254  2.70034  2.47828  2.35323     83 A - - _
          1.38629  1.38629  1.38629  1.38629
          0.06849  3.66591  3.20368  1.46634  0.26236  1.09861  0.40547
     81   2.09482  2.15151  2.58311  0.37825     84 U - - _
          1.38629  1.38629  1.38629  1.38629
          0.05334  3.65076  3.65076  1.46634  0.26236  1.27749  0.32675
     82   1.62165  1.26935  2.17472  0.89704     85 u - - _
          1.38629  1.38629  1.38629  1.38629
          0.05334  3.65076  3.65076  1.46634  0.26236  1.27749  0.32675
     83   1.65284  2.17900  0.74566  1.50997     86 g - - _
          1.38629  1.38629  1.38629  1.38629
          0.05334  3.65076  3.65076  1.46634  0.26236  1.27749  0.32675
     84   2.09760  0.46058  2.64774  1.74000     87 C - - _
          1.38629  1.38629  1.38629  1.38629
          0.05334  3.65076  3.65076  1.46634  0.26236  1.27749  0.32675
     85   1.78748  2.65419  0.42335  2.23106     88 G - - _
          1.38629  1.38629  1.38629  1.38629
          0.05334  3.65076  3.65076  1.46634  0.26236  1.27749  0.32675
     86   2.56444  0.51121  2.26740  1.51555     89 C - - >
          1.38629  1.38629  1.38629  1.38629
          0.05334  3.65076  3.65076  1.46634  0.26236  1.27749  0.32675
     87   2.08744  1.35546  1.83828  0.77854     90 u - - >
          1.38629  1.38629  1.38629  1.38629
          0.05334  3.65076  3.65076  1.46634  0.26236  1.27749  0.32675
     88   1.45163  2.06519  0.91891  1.42685     91 g - - -
          1.38629  1.38629  1.38629  1.38629
          0.05334  3.65076  3.65076  1.46634  0.26236  1.27749  0.32675
     89   2.43777  0.50290  2.16726  1.64309     92 C - - >
          1.38629  1.38629  1.38629  1.38629
          0.05334  3.65076  3.65076  1.46634  0.26236  1.27749  0.32675
     90   2.09482  2.15151  2.58311  0.37825     93 U - - -
          1.38629  1.38629  1.38629  1.38629
          0.05334  3.65076  3.65076  1.46634  0.26236  1.27749  0.32675
     91   1.65284  2.17900  0.74566  1.50997     94 g - - -
          1.38629  1.38629  1.38629  1.38629
          0.05334  3.65076  3.65076  1.46634  0.26236  1.27749  0.32675
     92   1.98758  2.50805  0.36873  2.40866     95 G - - >
          1.38629  1.38629  1.38629  1.38629
          0.05334  3.65076  3.65076  1.46634  0.26236  1.27749  0.32675
     93   0.64367  2.26723  1.35525  2.17895     96 A - - >
          1.38629  1.38629  1.38629  1.38629
          0.05334  3.65076  3.65076  1.46634  0.26236  1.27749  0.32675
     94   0.87664  2.14332  1.08441  2.05219     97 a - - >
          1.38629  1.38629  1.38629  1.38629
          0.05334  3.65076  3.65076  1.46634  0.26236  1.27749  0.32675
     95   2.59717  0.47831  2.28030  1.59241     98 C - - >
          1.38629  1.38629  1.38629  1.38629
          0.05334  3.65076  3.65076  1.46634  0.26236  1.27749  0.32675
     96   1.86651  2.02798  2.39779  0.47350     99 U - - ,
          1.38629  1.38629  1.38629  1.38629
          0.05334  3.65076  3.65076  1.46634  0.26236  1.27749  0.32675
     97   2.09797  2.87669  0.30832  2.45001    100 G - - ,
          1.38629  1.38629  1.38629  1.38629
          0.05334  3.65076  3.65076  1.46634  0.26236  1.27749  0.32675
     98   0.29187  2.67223  2.45294  2.32281    101 A - - ,
          1.38629  1.38629  1.38629  1.38629
          0.05334  3.65076  3.65076  1.46634  0.26236  1.27749  0.32675
     99   2.09482  2.15151  2.58311  0.37825    102 U - - ,
          1.38629  1.38629  1.38629  1.38629
          0.05334  3.65076  3.65076  1.46634  0.26236  1.27749  0.32675
    100   1.82842  0.76780  2.36755  1.26730    103 c - - ,
          1.38629  1.38629  1.38629  1.38629
          0.05334  3.65076  3.65076  1.46634  0.26236  1.27749  0.32675
    101   2.17189  0.41002  2.72270  1.85338    104 C - - ,
          1.38629  1.38629  1.38629  1.38629
          0.05334  3.65076  3.65076  1.46634  0.26236  1.27749  0.32675
    102   1.72222  2.23923  0.51743  2.13081    105 G - - )
          1.38629  1.38629  1.38629  1.38629
          0.05334  3.65076  3.65076  1.46634  0.26236  1.27749  0.32675
    103   2.53322  0.48549  2.24532  1.61291    106 C - - )
          1.38629  1.38629  1.38629  1.38629
          0.05334  3.65076  3.65076  1.46634  0.26236  1.27749  0.32675
    104   2.31949  1.61942  1.96043  0.57472    107 U - - )
          1.38629  1.38629  1.38629  1.38629
          0.05334  3.65076  3.65076  1.46634  0.26236  1.27749  0.32675
    105   1.02059  1.89465  2.02293  1.03007    108 a - - -
          1.38629  1.38629  1.38629  1.38629
          0.05334  3.65076  3.65076  1.46634  0.26236  1.27749  0.32675
    106   1.75021  1.33615  2.26198  0.77813    109 u - - -
          1.38629  1.38629  1.38629  1.38629
          0.05334  3.65076  3.65076  1.46634  0.26236  1.27749  0.32675
    107   2.77383  0.35153  2.43459  1.92189    110 C - - )
          1.38629  1.38629  1.38629  1.38629
          0.05334  3.65076  3.65076  1.46634  0.26236  1.27749  0.32675
    108   2.31969  1.61942  1.96047  0.57467    111 U - - )
          1.38629  1.38629  1.38629  1.38629
          0.05334  3.65076  3.65076  1.46634  0.26236  1.27749  0.32675
    109   1.50103  2.09023  0.87229  1.44627    112 g - - :
          1.38629  1.38629  1.38629  1.38629
          0.05334  3.65076  3.65076  1.46634  0.26236  1.27749  0.32675
    110   2.17189  0.41002  2.72270  1.85338    113 C - - :
          1.38629  1.38629  1.38629  1.38629
          0.05334  3.65076  3.65076  1.46634  0.26236  1.27749  0.32675
    111   2.09482  2.15151  2.58311  0.37825    114 U - - :
          1.38629  1.38629  1.38629  1.38629
          0.05334  3.65076  3.65076  1.46634  0.26236  1.27749  0.32675
    112   1.57824  1.55693  1.81250  0.86837    115 u - - :
          1.38629  1.38629  1.38629  1.38629
          0.05334  3.65076  3.65076  1.46634  0.26236  1.27749  0.32675
    113   2.17189  0.41002  2.72270  1.85338    116 C - - :
          1.38629  1.38629  1.38629  1.38629
          0.05334  3.65076  3.65076  1.46634  0.26236  1.27749  0.32675
    114   0.29187  2.67223  2.45294  2.32281    117 A - - :
          1.38629  1.38629  1.38629  1.38629
          0.13204  3.65076  2.32564  1.46634  0.26236  1.27749  0.32675
    115   1.95192  2.70116  0.37381  2.27532    118 G - - :
          1.38629  1.38629  1.38629  1.38629
          0.07367  3.57631  3.14563  1.46634  0.26236  1.84850  0.17135
    116   1.69169  1.00120  2.21163  1.08225    119 c - - :
          1.38629  1.38629  1.38629  1.38629
          0.05849  3.56113  3.56113  1.46634  0.26236  1.92986  0.15685
    117   1.95233  2.03831  2.42870  0.44682    120 U - - :
          1.38629  1.38629  1.38629  1.38629
          0.07287  3.56113  3.17324  1.46634  0.26236  1.92986  0.15685
    118   1.41135  1.77122  1.66934  0.92208    121 u - - :
          1.38629  1.38629  1.38629  1.38629
          0.05931  3.54758  3.54758  1.46634  0.26236  1.99639  0.14598
    119   1.22406  1.07595  2.04296  1.44670    122 c - - :
          1.38629  1.38629  1.38629  1.38629
          0.05931  3.54758  3.54758  1.46634  0.26236  1.99639  0.14598
    120   1.93139  2.02195  2.40583  0.45813    123 U - - :
          1.38629  1.38629  1.38629  1.38629
          0.05931  3.54758  3.54758  1.46634  0.26236  1.99639  0.14598
    121   1.89722  2.63477  0.40265  2.20970    124 G - - :
          1.38629  1.38629  1.38629  1.38629
          0.05931  3.54758  3.54758  1.46634  0.26236  1.99639  0.14598
    122   0.73293  2.14477  1.47818  1.74668    125 a - - :
          1.38629  1.38629  1.38629  1.38629
          0.05931  3.54758  3.54758  1.46634  0.26236  1.99639  0.14598
    123   0.80853  2.12891  1.35761  1.72458    126 a - - :
          1.38629  1.38629  1.38629  1.38629
          0.05931  3.54758  3.54758  1.46634  0.26236  1.99639  0.14598
    124   1.96385  0.52225  2.49974  1.69068    127 C - - :
          1.38629  1.38629  1.38629  1.38629
          0.05931  3.54758  3.54758  1.46634  0.26236  1.99639  0.14598
    125   1.93139  2.02195  2.40583  0.45813    128 U - - :
          1.38629  1.38629  1.38629  1.38629
          0.05931  3.54758  3.54758  1.46634  0.26236  1.99639  0.14598
    126   1.89722  2.63477  0.40265  2.20970    129 G - - :
          1.38629  1.38629  1.38629  1.38629
          0.05931  3.54758  3.54758  1.46634  0.26236  1.99639  0.14598
    127   0.36375  2.48551  2.28401  2.12213    130 A - - :
          1.38629  1.38629  1.38629  1.38629
          0.03010  3.51836        *  1.46634  0.26236  0.00000        *
//
